Event Index,UTC Timestamp,UTC Date and Time,Local Timestamp,Local Timezone,Local Date and Time,Experiment ID,Experiment Version,Tree Node Key,Repeat Key,Schedule ID,Participant Public ID,Participant Private ID,Participant Starting Group,Participant Status,Participant Completion Code,Participant External Session ID,Participant Device Type,Participant Device,Participant OS,Participant Browser,Participant Monitor Size,Participant Viewport Size,Checkpoint,Room ID,Room Order,Task Name,Task Version,branch-mams,branch-6r1e,randomiser-y4s2,branch-lrzc,branch-3gc6,branch-qx2b,branch-zqfd,Spreadsheet,Trial Number,Display,Screen,Screen ID,Screen Counter,Response Type,Response,Onset Time,Clock Time,Reaction Time,Absolute Onset Time,Absolute Clock Time,Absolute Reaction Time,Correct,Response Onset,Response Duration,Proportion,Tag,Component Name,Object Name,Object Number,Object ID,Spreadsheet: display,Manipulation: Spreadsheet
1,1712311104435,05/04/2024 09:58:24,1712314704435,1,05/04/2024 11:58:24,139619,19,task-ln4n,,36766153,BLIND,10840156,,complete,,660fc5eac5934d9b1e9a2307,computer,Desktop or Laptop,Windows 10,Chrome 123.0.0.0,1536x864,1536x703,,,0,End Screen,10,,Pass,1e-2,,,,,Spreadsheet1,,,,,,5,BEGIN,,,,,,,0,,,,,,,,,,
2,1712311110406,05/04/2024 09:58:30,1712314710406,1,05/04/2024 11:58:30,139619,19,task-ln4n,,36766153,BLIND,10840156,,complete,,660fc5eac5934d9b1e9a2307,computer,Desktop or Laptop,Windows 10,Chrome 123.0.0.0,1536x864,1536x703,,,0,End Screen,10,,Pass,1e-2,,,,,Spreadsheet1,1,End,Attention Check 7,4j4xks,1,continue,,5980.1,5964.6,5980.1,5980.1,5964.6,5980.1,0,5980.1,0,0,,Click To Continue,Continue Button,2,object-8,End,
3,1712311110408,05/04/2024 09:58:30,1712314710408,1,05/04/2024 11:58:30,139619,19,task-ln4n,,36766153,BLIND,10840156,,complete,,660fc5eac5934d9b1e9a2307,computer,Desktop or Laptop,Windows 10,Chrome 123.0.0.0,1536x864,1536x703,,,0,End Screen,10,,Pass,1e-2,,,,,Spreadsheet1,1,End,Attention Check 7,4j4xks,1,response,Pumpkin Pasties,4365.1,5964.6,5981.200000000001,4365.1,5964.6,5981.200000000001,1,4365.1,1616.1000000000004,0,,Dropdown,Dropdown,4,object-10,End,
4,1712311121876,05/04/2024 09:58:41,1712314721876,1,05/04/2024 11:58:41,139619,19,task-ln4n,,36766153,BLIND,10840156,,complete,,660fc5eac5934d9b1e9a2307,computer,Desktop or Laptop,Windows 10,Chrome 123.0.0.0,1536x864,1536x703,,,0,End Screen,10,,Pass,1e-2,,,,,Spreadsheet1,1,End,Attention Check 8,hervnh,2,continue,,11485.799999952316,11479.2,11485.799999952316,11485.799999952316,11479.2,11485.799999952316,0,11485.799999952316,0,0,,Click To Continue,Continue Button,2,object-14,End,
5,1712311121877,05/04/2024 09:58:41,1712314721877,1,05/04/2024 11:58:41,139619,19,task-ln4n,,36766153,BLIND,10840156,,complete,,660fc5eac5934d9b1e9a2307,computer,Desktop or Laptop,Windows 10,Chrome 123.0.0.0,1536x864,1536x703,,,0,End Screen,10,,Pass,1e-2,,,,,Spreadsheet1,1,End,Attention Check 8,hervnh,2,response,Nimbus Two Thousand,6997.6,11479.2,11486.899999856949,6997.6,11479.2,11486.899999856949,1,6997.6,4489.2999998569485,0,,Dropdown,Attention Check 6,3,object-15,End,
6,1712311131970,05/04/2024 09:58:51,1712314731970,1,05/04/2024 11:58:51,139619,19,task-ln4n,,36766153,BLIND,10840156,,complete,,660fc5eac5934d9b1e9a2307,computer,Desktop or Laptop,Windows 10,Chrome 123.0.0.0,1536x864,1536x703,,,0,End Screen,10,,Pass,1e-2,,,,,Spreadsheet1,1,End,Fich Question,old87p,3,response,They,6397.799999999999,10096.399999999998,10100.599999952316,6397.799999999999,10096.399999999998,10100.599999952316,1,6397.799999999999,3702.7999999523163,0,,Single Text Entry,Fich Response,2,object-22,End,
7,1712311138672,05/04/2024 09:58:58,1712314738672,1,05/04/2024 11:58:58,139619,19,task-ln4n,,36766153,BLIND,10840156,,complete,,660fc5eac5934d9b1e9a2307,computer,Desktop or Laptop,Windows 10,Chrome 123.0.0.0,1536x864,1536x703,,,0,End Screen,10,,Pass,1e-2,,,,,Spreadsheet1,1,End,Rusp Question,bed5c4,4,response,They,4715,6697.5999999999985,6706.29999985695,4715,6697.5999999999985,6706.29999985695,1,4715,1991.2999998569503,0,,Single Text Entry,Rusp Response,2,object-27,End,
8,1712311141439,05/04/2024 09:59:01,1712314741439,1,05/04/2024 11:59:01,139619,19,task-ln4n,,36766153,BLIND,10840156,,complete,,660fc5eac5934d9b1e9a2307,computer,Desktop or Laptop,Windows 10,Chrome 123.0.0.0,1536x864,1536x703,,,0,End Screen,10,,Pass,1e-2,,,,,Spreadsheet1,1,End,Woux Question,sjwn2l,5,response,We,1182.9000000000015,2765.800000000003,2775.599999952319,1182.9000000000015,2765.800000000003,2775.599999952319,1,1182.9000000000015,1592.6999999523177,0,,Single Text Entry,Woux Response,2,object-33,End,
9,1712311148792,05/04/2024 09:59:08,1712314748792,1,05/04/2024 11:59:08,139619,19,task-ln4n,,36766153,BLIND,10840156,,complete,,660fc5eac5934d9b1e9a2307,computer,Desktop or Laptop,Windows 10,Chrome 123.0.0.0,1536x864,1536x703,,,0,End Screen,10,,Pass,1e-2,,,,,Spreadsheet1,1,End,Zeth Question,1zn881,6,response,You,3898.5,7347.300000000003,7363.200000047684,3898.5,7347.300000000003,7363.200000047684,1,3898.5,3464.7000000476837,0,,Single Text Entry,Zeth Response,2,object-37,End,
10,1712311150718,05/04/2024 09:59:10,1712314750718,1,05/04/2024 11:59:10,139619,19,task-ln4n,,36766153,BLIND,10840156,,complete,,660fc5eac5934d9b1e9a2307,computer,Desktop or Laptop,Windows 10,Chrome 123.0.0.0,1536x864,1536x703,,,0,End Screen,10,,Pass,1e-2,,,,,Spreadsheet1,1,End,Screen 1,otfijt,7,continue,,1941.9000000476808,1932.699999999997,1941.9000000476808,1941.9000000476808,1932.699999999997,1941.9000000476808,1,1941.9000000476808,0,0,,Click To Continue,Continue Button,2,object-4,End,
11,1712311150719,05/04/2024 09:59:10,1712314750719,1,05/04/2024 11:59:10,139619,19,task-ln4n,,36766153,BLIND,10840156,,complete,,660fc5eac5934d9b1e9a2307,computer,Desktop or Laptop,Windows 10,Chrome 123.0.0.0,1536x864,1536x703,,,0,End Screen,10,,Pass,1e-2,,,,,Spreadsheet1,,,,,,5,END,,,,,,,0,,,,,,,,,,
1,1712311561919,05/04/2024 10:06:01,1712315161919,1,05/04/2024 12:06:01,139619,19,task-ln4n,,36766460,BLIND,10840207,,complete,,660fc72986d839a7af97f1d2,computer,Desktop or Laptop,Windows 10,Edge 123.0.0.0,1685x948,1677x839,,,0,End Screen,10,,Pass,1e-2,,,,,Spreadsheet1,,,,,,5,BEGIN,,,,,,,0,,,,,,,,,,
2,1712311567150,05/04/2024 10:06:07,1712315167150,1,05/04/2024 12:06:07,139619,19,task-ln4n,,36766460,BLIND,10840207,,complete,,660fc72986d839a7af97f1d2,computer,Desktop or Laptop,Windows 10,Edge 123.0.0.0,1685x948,1677x839,,,0,End Screen,10,,Pass,1e-2,,,,,Spreadsheet1,1,End,Attention Check 7,4j4xks,1,continue,,5827.0999999996275,5818.1,5827.0999999996275,5827.0999999996275,5818.1,5827.0999999996275,0,5827.0999999996275,0,0,,Click To Continue,Continue Button,2,object-8,End,
3,1712311567150,05/04/2024 10:06:07,1712315167150,1,05/04/2024 12:06:07,139619,19,task-ln4n,,36766460,BLIND,10840207,,complete,,660fc72986d839a7af97f1d2,computer,Desktop or Laptop,Windows 10,Edge 123.0.0.0,1685x948,1677x839,,,0,End Screen,10,,Pass,1e-2,,,,,Spreadsheet1,1,End,Attention Check 7,4j4xks,1,response,Pumpkin Pasties,4918.2,5818.1,5827.5,4918.2,5818.1,5827.5,1,4918.2,909.3000000000002,0,,Dropdown,Dropdown,4,object-10,End,
4,1712311588812,05/04/2024 10:06:28,1712315188812,1,05/04/2024 12:06:28,139619,19,task-ln4n,,36766460,BLIND,10840207,,complete,,660fc72986d839a7af97f1d2,computer,Desktop or Laptop,Windows 10,Edge 123.0.0.0,1685x948,1677x839,,,0,End Screen,10,,Pass,1e-2,,,,,Spreadsheet1,1,End,Attention Check 8,hervnh,2,continue,,21670.99999999963,21666.6,21670.99999999963,21670.99999999963,21666.6,21670.99999999963,0,21670.99999999963,0,0,,Click To Continue,Continue Button,2,object-14,End,
5,1712311597854,05/04/2024 10:06:37,1712315197854,1,05/04/2024 12:06:37,139619,19,task-ln4n,,36766460,BLIND,10840207,,complete,,660fc72986d839a7af97f1d2,computer,Desktop or Laptop,Windows 10,Edge 123.0.0.0,1685x948,1677x839,,,0,End Screen,10,,Pass,1e-2,,,,,Spreadsheet1,1,End,Attention Check 8,hervnh,2,continue,,30712.700000000747,30700,30712.700000000747,30712.700000000747,30700,30712.700000000747,0,30712.700000000747,0,0,,Click To Continue,Continue Button,2,object-14,End,
6,1712311597854,05/04/2024 10:06:37,1712315197854,1,05/04/2024 12:06:37,139619,19,task-ln4n,,36766460,BLIND,10840207,,complete,,660fc72986d839a7af97f1d2,computer,Desktop or Laptop,Windows 10,Edge 123.0.0.0,1685x948,1677x839,,,0,End Screen,10,,Pass,1e-2,,,,,Spreadsheet1,1,End,Attention Check 8,hervnh,2,response,Nimbus Two Thousand,30033.5,30700,30712.9,30033.5,30700,30712.9,1,30033.5,679.4000000000015,0,,Dropdown,Attention Check 6,3,object-15,End,
7,1712311606547,05/04/2024 10:06:46,1712315206547,1,05/04/2024 12:06:46,139619,19,task-ln4n,,36766460,BLIND,10840207,,complete,,660fc72986d839a7af97f1d2,computer,Desktop or Laptop,Windows 10,Edge 123.0.0.0,1685x948,1677x839,,,0,End Screen,10,,Pass,1e-2,,,,,Spreadsheet1,1,End,Fich Question,old87p,3,response,YOU ,5999.9000000000015,8700.099999999999,8705.700000000747,5999.9000000000015,8700.099999999999,8705.700000000747,1,5999.9000000000015,2705.800000000745,0,,Single Text Entry,Fich Response,2,object-22,End,
8,1712311610683,05/04/2024 10:06:50,1712315210683,1,05/04/2024 12:06:50,139619,19,task-ln4n,,36766460,BLIND,10840207,,complete,,660fc72986d839a7af97f1d2,computer,Desktop or Laptop,Windows 10,Edge 123.0.0.0,1685x948,1677x839,,,0,End Screen,10,,Pass,1e-2,,,,,Spreadsheet1,1,End,Rusp Question,bed5c4,4,response,WE,2266.7000000000044,4133.300000000003,4141.600000000748,2266.7000000000044,4133.300000000003,4141.600000000748,1,2266.7000000000044,1874.9000000007436,0,,Single Text Entry,Rusp Response,2,object-27,End,
9,1712311613803,05/04/2024 10:06:53,1712315213803,1,05/04/2024 12:06:53,139619,19,task-ln4n,,36766460,BLIND,10840207,,complete,,660fc72986d839a7af97f1d2,computer,Desktop or Laptop,Windows 10,Edge 123.0.0.0,1685x948,1677x839,,,0,End Screen,10,,Pass,1e-2,,,,,Spreadsheet1,1,End,Woux Question,sjwn2l,5,response,WE,2350.0999999999985,3116.699999999997,3128.0999999996275,2350.0999999999985,3116.699999999997,3128.0999999996275,1,2350.0999999999985,777.9999999996289,0,,Single Text Entry,Woux Response,2,object-33,End,
10,1712311618099,05/04/2024 10:06:58,1712315218099,1,05/04/2024 12:06:58,139619,19,task-ln4n,,36766460,BLIND,10840207,,complete,,660fc72986d839a7af97f1d2,computer,Desktop or Laptop,Windows 10,Edge 123.0.0.0,1685x948,1677x839,,,0,End Screen,10,,Pass,1e-2,,,,,Spreadsheet1,1,End,Zeth Question,1zn881,6,response,I,2600.100000000006,4300,4307.5000000011205,2600.100000000006,4300,4307.5000000011205,1,2600.100000000006,1707.4000000011147,0,,Single Text Entry,Zeth Response,2,object-37,End,
11,1712311620425,05/04/2024 10:07:00,1712315220425,1,05/04/2024 12:07:00,139619,19,task-ln4n,,36766460,BLIND,10840207,,complete,,660fc72986d839a7af97f1d2,computer,Desktop or Laptop,Windows 10,Edge 123.0.0.0,1685x948,1677x839,,,0,End Screen,10,,Pass,1e-2,,,,,Spreadsheet1,1,End,Screen 1,otfijt,7,continue,,2333.2000000003754,2316.7000000000044,2333.2000000003754,2333.2000000003754,2316.7000000000044,2333.2000000003754,1,2333.2000000003754,0,0,,Click To Continue,Continue Button,2,object-4,End,
12,1712311620425,05/04/2024 10:07:00,1712315220425,1,05/04/2024 12:07:00,139619,19,task-ln4n,,36766460,BLIND,10840207,,complete,,660fc72986d839a7af97f1d2,computer,Desktop or Laptop,Windows 10,Edge 123.0.0.0,1685x948,1677x839,,,0,End Screen,10,,Pass,1e-2,,,,,Spreadsheet1,,,,,,5,END,,,,,,,0,,,,,,,,,,
1,1712312157887,05/04/2024 10:15:57,1712315757887,1,05/04/2024 12:15:57,139619,19,task-ln4n,,36766789,BLIND,10840244,,complete,,660fc85a86d839a7af97f234,computer,Desktop or Laptop,Windows 10,Chrome 122.0.0.0,1366x768,1366x607,,,0,End Screen,10,,Pass,1e-2,,,,,Spreadsheet1,,,,,,5,BEGIN,,,,,,,0,,,,,,,,,,
2,1712312165000,05/04/2024 10:16:05,1712315765000,1,05/04/2024 12:16:05,139619,19,task-ln4n,,36766789,BLIND,10840244,,complete,,660fc85a86d839a7af97f234,computer,Desktop or Laptop,Windows 10,Chrome 122.0.0.0,1366x768,1366x607,,,0,End Screen,10,,Pass,1e-2,,,,,Spreadsheet1,1,End,Attention Check 7,4j4xks,1,continue,,7713.199999988079,7709.5,7713.199999988079,7713.199999988079,7709.5,7713.199999988079,0,7713.199999988079,0,0,,Click To Continue,Continue Button,2,object-8,End,
3,1712312165001,05/04/2024 10:16:05,1712315765001,1,05/04/2024 12:16:05,139619,19,task-ln4n,,36766789,BLIND,10840244,,complete,,660fc85a86d839a7af97f234,computer,Desktop or Laptop,Windows 10,Chrome 122.0.0.0,1366x768,1366x607,,,0,End Screen,10,,Pass,1e-2,,,,,Spreadsheet1,1,End,Attention Check 7,4j4xks,1,response,Pumpkin Pasties,7042.6,7709.5,7713.800000011921,7042.6,7709.5,7713.800000011921,1,7042.6,671.2000000119206,0,,Dropdown,Dropdown,4,object-10,End,
4,1712312177003,05/04/2024 10:16:17,1712315777003,1,05/04/2024 12:16:17,139619,19,task-ln4n,,36766789,BLIND,10840244,,complete,,660fc85a86d839a7af97f234,computer,Desktop or Laptop,Windows 10,Chrome 122.0.0.0,1366x768,1366x607,,,0,End Screen,10,,Pass,1e-2,,,,,Spreadsheet1,1,End,Attention Check 8,hervnh,2,continue,,12006.199999988079,11999.599999999999,12006.199999988079,12006.199999988079,11999.599999999999,12006.199999988079,0,12006.199999988079,0,0,,Click To Continue,Continue Button,2,object-14,End,
5,1712312177004,05/04/2024 10:16:17,1712315777004,1,05/04/2024 12:16:17,139619,19,task-ln4n,,36766789,BLIND,10840244,,complete,,660fc85a86d839a7af97f234,computer,Desktop or Laptop,Windows 10,Chrome 122.0.0.0,1366x768,1366x607,,,0,End Screen,10,,Pass,1e-2,,,,,Spreadsheet1,1,End,Attention Check 8,hervnh,2,response,Nimbus Two Thousand,9949.7,11999.599999999999,12007.59999999404,9949.7,11999.599999999999,12007.59999999404,1,9949.7,2057.899999994039,0,,Dropdown,Attention Check 6,3,object-15,End,
6,1712312186091,05/04/2024 10:16:26,1712315786091,1,05/04/2024 12:16:26,139619,19,task-ln4n,,36766789,BLIND,10840244,,complete,,660fc85a86d839a7af97f234,computer,Desktop or Laptop,Windows 10,Chrome 122.0.0.0,1366x768,1366x607,,,0,End Screen,10,,Pass,1e-2,,,,,Spreadsheet1,1,End,Fich Question,old87p,3,response,WILL,7415.800000000003,9082.800000000003,9094.59999998808,7415.800000000003,9082.800000000003,9094.59999998808,1,7415.800000000003,1678.7999999880776,0,,Single Text Entry,Fich Response,2,object-22,End,
7,1712312191314,05/04/2024 10:16:31,1712315791314,1,05/04/2024 12:16:31,139619,19,task-ln4n,,36766789,BLIND,10840244,,complete,,660fc85a86d839a7af97f234,computer,Desktop or Laptop,Windows 10,Chrome 122.0.0.0,1366x768,1366x607,,,0,End Screen,10,,Pass,1e-2,,,,,Spreadsheet1,1,End,Rusp Question,bed5c4,4,response,HE/SHE,2850,5232.699999999997,5235.000000005959,2850,5232.699999999997,5235.000000005959,1,2850,2385.000000005959,0,,Single Text Entry,Rusp Response,2,object-27,End,
8,1712312197675,05/04/2024 10:16:37,1712315797675,1,05/04/2024 12:16:37,139619,19,task-ln4n,,36766789,BLIND,10840244,,complete,,660fc85a86d839a7af97f234,computer,Desktop or Laptop,Windows 10,Chrome 122.0.0.0,1366x768,1366x607,,,0,End Screen,10,,Pass,1e-2,,,,,Spreadsheet1,1,End,Woux Question,sjwn2l,5,response,WE,4999.800000000003,6350.0999999999985,6363.0999999880805,4999.800000000003,6350.0999999999985,6363.0999999880805,1,4999.800000000003,1363.2999999880776,0,,Single Text Entry,Woux Response,2,object-33,End,
9,1712312203083,05/04/2024 10:16:43,1712315803083,1,05/04/2024 12:16:43,139619,19,task-ln4n,,36766789,BLIND,10840244,,complete,,660fc85a86d839a7af97f234,computer,Desktop or Laptop,Windows 10,Chrome 122.0.0.0,1366x768,1366x607,,,0,End Screen,10,,Pass,1e-2,,,,,Spreadsheet1,1,End,Zeth Question,1zn881,6,response,WE AND OTHERS,3299.9000000000015,5416.4000000000015,5420.899999994042,3299.9000000000015,5416.4000000000015,5420.899999994042,1,3299.9000000000015,2120.999999994041,0,,Single Text Entry,Zeth Response,2,object-37,End,
10,1712312203968,05/04/2024 10:16:43,1712315803968,1,05/04/2024 12:16:43,139619,19,task-ln4n,,36766789,BLIND,10840244,,complete,,660fc85a86d839a7af97f234,computer,Desktop or Laptop,Windows 10,Chrome 122.0.0.0,1366x768,1366x607,,,0,End Screen,10,,Pass,1e-2,,,,,Spreadsheet1,1,End,Screen 1,otfijt,7,continue,,889.7000000119224,883.4000000000015,889.7000000119224,889.7000000119224,883.4000000000015,889.7000000119224,1,889.7000000119224,0,0,,Click To Continue,Continue Button,2,object-4,End,
11,1712312203972,05/04/2024 10:16:43,1712315803972,1,05/04/2024 12:16:43,139619,19,task-ln4n,,36766789,BLIND,10840244,,complete,,660fc85a86d839a7af97f234,computer,Desktop or Laptop,Windows 10,Chrome 122.0.0.0,1366x768,1366x607,,,0,End Screen,10,,Pass,1e-2,,,,,Spreadsheet1,,,,,,5,END,,,,,,,0,,,,,,,,,,
1,1712312336933,05/04/2024 10:18:56,1712315936933,1,05/04/2024 12:18:56,139619,19,task-ln4n,,36766888,BLIND,10840342,,complete,,660fcaf996df01a080af2a91,computer,Desktop or Laptop,Windows 10,Chrome 122.0.0.0,1280x720,1280x585,,,0,End Screen,10,,Pass,1e-2,,,,,Spreadsheet1,,,,,,5,BEGIN,,,,,,,0,,,,,,,,,,
2,1712312343109,05/04/2024 10:19:03,1712315943109,1,05/04/2024 12:19:03,139619,19,task-ln4n,,36766888,BLIND,10840342,,complete,,660fcaf996df01a080af2a91,computer,Desktop or Laptop,Windows 10,Chrome 122.0.0.0,1280x720,1280x585,,,0,End Screen,10,,Pass,1e-2,,,,,Spreadsheet1,1,End,Attention Check 7,4j4xks,1,continue,,6198.700000000001,6182.1,6198.700000000001,6198.700000000001,6182.1,6198.700000000001,0,6198.700000000001,0,0,,Click To Continue,Continue Button,2,object-8,End,
3,1712312343110,05/04/2024 10:19:03,1712315943110,1,05/04/2024 12:19:03,139619,19,task-ln4n,,36766888,BLIND,10840342,,complete,,660fcaf996df01a080af2a91,computer,Desktop or Laptop,Windows 10,Chrome 122.0.0.0,1280x720,1280x585,,,0,End Screen,10,,Pass,1e-2,,,,,Spreadsheet1,1,End,Attention Check 7,4j4xks,1,response,Pumpkin Pasties,4515.6,6182.1,6198.700000000001,4515.6,6182.1,6198.700000000001,1,4515.6,1683.1000000000004,0,,Dropdown,Dropdown,4,object-10,End,
4,1712312355293,05/04/2024 10:19:15,1712315955293,1,05/04/2024 12:19:15,139619,19,task-ln4n,,36766888,BLIND,10840342,,complete,,660fcaf996df01a080af2a91,computer,Desktop or Laptop,Windows 10,Chrome 122.0.0.0,1280x720,1280x585,,,0,End Screen,10,,Pass,1e-2,,,,,Spreadsheet1,1,End,Attention Check 8,hervnh,2,continue,,12202.5,12198.400000000001,12202.5,12202.5,12198.400000000001,12202.5,0,12202.5,0,0,,Click To Continue,Continue Button,2,object-14,End,
5,1712312355297,05/04/2024 10:19:15,1712315955297,1,05/04/2024 12:19:15,139619,19,task-ln4n,,36766888,BLIND,10840342,,complete,,660fcaf996df01a080af2a91,computer,Desktop or Laptop,Windows 10,Chrome 122.0.0.0,1280x720,1280x585,,,0,End Screen,10,,Pass,1e-2,,,,,Spreadsheet1,1,End,Attention Check 8,hervnh,2,response,Nimbus Two Thousand,11548.900000000001,12198.400000000001,12206.699999809265,11548.900000000001,12198.400000000001,12206.699999809265,1,11548.900000000001,657.7999998092637,0,,Dropdown,Attention Check 6,3,object-15,End,
6,1712312372692,05/04/2024 10:19:32,1712315972692,1,05/04/2024 12:19:32,139619,19,task-ln4n,,36766888,BLIND,10840342,,complete,,660fcaf996df01a080af2a91,computer,Desktop or Laptop,Windows 10,Chrome 122.0.0.0,1280x720,1280x585,,,0,End Screen,10,,Pass,1e-2,,,,,Spreadsheet1,1,End,Fich Question,old87p,3,response,Other people,7949,17398.1,17404.19999990463,7949,17398.1,17404.19999990463,1,7949,9455.199999904631,0,,Single Text Entry,Fich Response,2,object-22,End,
7,1712312382274,05/04/2024 10:19:42,1712315982274,1,05/04/2024 12:19:42,139619,19,task-ln4n,,36766888,BLIND,10840342,,complete,,660fcaf996df01a080af2a91,computer,Desktop or Laptop,Windows 10,Chrome 122.0.0.0,1280x720,1280x585,,,0,End Screen,10,,Pass,1e-2,,,,,Spreadsheet1,1,End,Rusp Question,bed5c4,4,response,One of us,5565.5999999999985,9581.800000000003,9587.699999809265,5565.5999999999985,9581.800000000003,9587.699999809265,1,5565.5999999999985,4022.0999998092666,0,,Single Text Entry,Rusp Response,2,object-27,End,
8,1712312386541,05/04/2024 10:19:46,1712315986541,1,05/04/2024 12:19:46,139619,19,task-ln4n,,36766888,BLIND,10840342,,complete,,660fcaf996df01a080af2a91,computer,Desktop or Laptop,Windows 10,Chrome 122.0.0.0,1280x720,1280x585,,,0,End Screen,10,,Pass,1e-2,,,,,Spreadsheet1,1,End,Woux Question,sjwn2l,5,response,Me,2733.2999999999956,4266.5,4272.79999990463,2733.2999999999956,4266.5,4272.79999990463,1,2733.2999999999956,1539.499999904634,0,,Single Text Entry,Woux Response,2,object-33,End,
9,1712312390156,05/04/2024 10:19:50,1712315990156,1,05/04/2024 12:19:50,139619,19,task-ln4n,,36766888,BLIND,10840342,,complete,,660fcaf996df01a080af2a91,computer,Desktop or Laptop,Windows 10,Chrome 122.0.0.0,1280x720,1280x585,,,0,End Screen,10,,Pass,1e-2,,,,,Spreadsheet1,1,End,Zeth Question,1zn881,6,response,you,2216.199999999997,3616.0999999999985,3621.499999713895,2216.199999999997,3616.0999999999985,3621.499999713895,1,2216.199999999997,1405.2999997138977,0,,Single Text Entry,Zeth Response,2,object-37,End,
10,1712312392319,05/04/2024 10:19:52,1712315992319,1,05/04/2024 12:19:52,139619,19,task-ln4n,,36766888,BLIND,10840342,,complete,,660fcaf996df01a080af2a91,computer,Desktop or Laptop,Windows 10,Chrome 122.0.0.0,1280x720,1280x585,,,0,End Screen,10,,Pass,1e-2,,,,,Spreadsheet1,1,End,Screen 1,otfijt,7,continue,,2168.0999999999985,2166.0999999999985,2168.0999999999985,2168.0999999999985,2166.0999999999985,2168.0999999999985,1,2168.0999999999985,0,0,,Click To Continue,Continue Button,2,object-4,End,
11,1712312392320,05/04/2024 10:19:52,1712315992320,1,05/04/2024 12:19:52,139619,19,task-ln4n,,36766888,BLIND,10840342,,complete,,660fcaf996df01a080af2a91,computer,Desktop or Laptop,Windows 10,Chrome 122.0.0.0,1280x720,1280x585,,,0,End Screen,10,,Pass,1e-2,,,,,Spreadsheet1,,,,,,5,END,,,,,,,0,,,,,,,,,,
1,1712312459336,05/04/2024 10:20:59,1712316059336,1,05/04/2024 12:20:59,139619,19,task-ln4n,,36766947,BLIND,10840458,,complete,,660fcd55a0d95ba5214ba806,computer,Desktop or Laptop,Windows 10,Chrome 123.0.0.0,1920x1080,1920x919,,,0,End Screen,10,,Pass,1e-2,,,,,Spreadsheet1,,,,,,5,BEGIN,,,,,,,0,,,,,,,,,,
2,1712312468983,05/04/2024 10:21:08,1712316068983,1,05/04/2024 12:21:08,139619,19,task-ln4n,,36766947,BLIND,10840458,,complete,,660fcd55a0d95ba5214ba806,computer,Desktop or Laptop,Windows 10,Chrome 123.0.0.0,1920x1080,1920x919,,,0,End Screen,10,,Pass,1e-2,,,,,Spreadsheet1,1,End,Attention Check 7,4j4xks,1,continue,,10128.199999988079,10118.5,10128.199999988079,10128.199999988079,10118.5,10128.199999988079,0,10128.199999988079,0,0,,Click To Continue,Continue Button,2,object-8,End,
3,1712312468983,05/04/2024 10:21:08,1712316068983,1,05/04/2024 12:21:08,139619,19,task-ln4n,,36766947,BLIND,10840458,,complete,,660fcd55a0d95ba5214ba806,computer,Desktop or Laptop,Windows 10,Chrome 123.0.0.0,1920x1080,1920x919,,,0,End Screen,10,,Pass,1e-2,,,,,Spreadsheet1,1,End,Attention Check 7,4j4xks,1,response,Pumpkin Pasties,9201.8,10118.5,10128.90000000596,9201.8,10118.5,10128.90000000596,1,9201.8,927.1000000059612,0,,Dropdown,Dropdown,4,object-10,End,
4,1712312472369,05/04/2024 10:21:12,1712316072369,1,05/04/2024 12:21:12,139619,19,task-ln4n,,36766947,BLIND,10840458,,complete,,660fcd55a0d95ba5214ba806,computer,Desktop or Laptop,Windows 10,Chrome 123.0.0.0,1920x1080,1920x919,,,0,End Screen,10,,Pass,1e-2,,,,,Spreadsheet1,1,End,Attention Check 8,hervnh,2,continue,,3395.5,3383.5,3395.5,3395.5,3383.5,3395.5,0,3395.5,0,0,,Click To Continue,Continue Button,2,object-14,End,
5,1712312472371,05/04/2024 10:21:12,1712316072371,1,05/04/2024 12:21:12,139619,19,task-ln4n,,36766947,BLIND,10840458,,complete,,660fcd55a0d95ba5214ba806,computer,Desktop or Laptop,Windows 10,Chrome 123.0.0.0,1920x1080,1920x919,,,0,End Screen,10,,Pass,1e-2,,,,,Spreadsheet1,1,End,Attention Check 8,hervnh,2,response,Nimbus Two Thousand,2966.6000000000004,3383.5,3397.699999988079,2966.6000000000004,3383.5,3397.699999988079,1,2966.6000000000004,431.0999999880787,0,,Dropdown,Attention Check 6,3,object-15,End,
6,1712312481867,05/04/2024 10:21:21,1712316081867,1,05/04/2024 12:21:21,139619,19,task-ln4n,,36766947,BLIND,10840458,,complete,,660fcd55a0d95ba5214ba806,computer,Desktop or Laptop,Windows 10,Chrome 123.0.0.0,1920x1080,1920x919,,,0,End Screen,10,,Pass,1e-2,,,,,Spreadsheet1,1,End,Fich Question,old87p,3,response,YOU,8132.9000000000015,9499.5,9510.09999999404,8132.9000000000015,9499.5,9510.09999999404,1,8132.9000000000015,1377.199999994038,0,,Single Text Entry,Fich Response,2,object-22,End,
7,1712312487037,05/04/2024 10:21:27,1712316087037,1,05/04/2024 12:21:27,139619,19,task-ln4n,,36766947,BLIND,10840458,,complete,,660fcd55a0d95ba5214ba806,computer,Desktop or Laptop,Windows 10,Chrome 123.0.0.0,1920x1080,1920x919,,,0,End Screen,10,,Pass,1e-2,,,,,Spreadsheet1,1,End,Rusp Question,bed5c4,4,response,THEM,1550,5166.5999999999985,5180.800000011921,1550,5166.5999999999985,5180.800000011921,1,1550,3630.800000011921,0,,Single Text Entry,Rusp Response,2,object-27,End,
8,1712312491793,05/04/2024 10:21:31,1712316091793,1,05/04/2024 12:21:31,139619,19,task-ln4n,,36766947,BLIND,10840458,,complete,,660fcd55a0d95ba5214ba806,computer,Desktop or Laptop,Windows 10,Chrome 123.0.0.0,1920x1080,1920x919,,,0,End Screen,10,,Pass,1e-2,,,,,Spreadsheet1,1,End,Woux Question,sjwn2l,5,response,US,2249.7000000000007,4766.5999999999985,4770.0999999880805,2249.7000000000007,4766.5999999999985,4770.0999999880805,1,2249.7000000000007,2520.39999998808,0,,Single Text Entry,Woux Response,2,object-33,End,
9,1712312495097,05/04/2024 10:21:35,1712316095097,1,05/04/2024 12:21:35,139619,19,task-ln4n,,36766947,BLIND,10840458,,complete,,660fcd55a0d95ba5214ba806,computer,Desktop or Laptop,Windows 10,Chrome 123.0.0.0,1920x1080,1920x919,,,0,End Screen,10,,Pass,1e-2,,,,,Spreadsheet1,1,End,Zeth Question,1zn881,6,response,ME,1983.1000000000058,3300.100000000006,3307.800000000003,1983.1000000000058,3300.100000000006,3307.800000000003,1,1983.1000000000058,1324.699999999997,0,,Single Text Entry,Zeth Response,2,object-37,End,
10,1712312497457,05/04/2024 10:21:37,1712316097457,1,05/04/2024 12:21:37,139619,19,task-ln4n,,36766947,BLIND,10840458,,complete,,660fcd55a0d95ba5214ba806,computer,Desktop or Laptop,Windows 10,Chrome 123.0.0.0,1920x1080,1920x919,,,0,End Screen,10,,Pass,1e-2,,,,,Spreadsheet1,1,End,Screen 1,otfijt,7,continue,,2367.899999988076,2366.399999999994,2367.899999988076,2367.899999988076,2366.399999999994,2367.899999988076,1,2367.899999988076,0,0,,Click To Continue,Continue Button,2,object-4,End,
11,1712312497459,05/04/2024 10:21:37,1712316097459,1,05/04/2024 12:21:37,139619,19,task-ln4n,,36766947,BLIND,10840458,,complete,,660fcd55a0d95ba5214ba806,computer,Desktop or Laptop,Windows 10,Chrome 123.0.0.0,1920x1080,1920x919,,,0,End Screen,10,,Pass,1e-2,,,,,Spreadsheet1,,,,,,5,END,,,,,,,0,,,,,,,,,,
1,1712312584975,05/04/2024 10:23:04,1712316184975,1,05/04/2024 12:23:04,139619,19,task-ln4n,,36767010,BLIND,10840405,,complete,,660fcc37f8a5a55d9949a0f4,computer,Desktop or Laptop,Windows 10,Chrome 123.0.0.0,1920x1080,1920x911,,,0,End Screen,10,,Pass,1e-2,,,,,Spreadsheet1,,,,,,5,BEGIN,,,,,,,0,,,,,,,,,,
2,1712312592904,05/04/2024 10:23:12,1712316192904,1,05/04/2024 12:23:12,139619,19,task-ln4n,,36767010,BLIND,10840405,,complete,,660fcc37f8a5a55d9949a0f4,computer,Desktop or Laptop,Windows 10,Chrome 123.0.0.0,1920x1080,1920x911,,,0,End Screen,10,,Pass,1e-2,,,,,Spreadsheet1,1,End,Attention Check 7,4j4xks,1,continue,,8439.900000000001,8423.2,8439.900000000001,8439.900000000001,8423.2,8439.900000000001,0,8439.900000000001,0,0,,Click To Continue,Continue Button,2,object-8,End,
3,1712312592904,05/04/2024 10:23:12,1712316192904,1,05/04/2024 12:23:12,139619,19,task-ln4n,,36767010,BLIND,10840405,,complete,,660fcc37f8a5a55d9949a0f4,computer,Desktop or Laptop,Windows 10,Chrome 123.0.0.0,1920x1080,1920x911,,,0,End Screen,10,,Pass,1e-2,,,,,Spreadsheet1,1,End,Attention Check 7,4j4xks,1,response,Pumpkin Pasties,5239.9,8423.2,8439.900000000001,5239.9,8423.2,8439.900000000001,1,5239.9,3200.000000000002,0,,Dropdown,Dropdown,4,object-10,End,
4,1712312602842,05/04/2024 10:23:22,1712316202842,1,05/04/2024 12:23:22,139619,19,task-ln4n,,36767010,BLIND,10840405,,complete,,660fcc37f8a5a55d9949a0f4,computer,Desktop or Laptop,Windows 10,Chrome 123.0.0.0,1920x1080,1920x911,,,0,End Screen,10,,Pass,1e-2,,,,,Spreadsheet1,1,End,Attention Check 8,hervnh,2,continue,,9954.8,9949.5,9954.8,9954.8,9949.5,9954.8,0,9954.8,0,0,,Click To Continue,Continue Button,2,object-14,End,
5,1712312602843,05/04/2024 10:23:22,1712316202843,1,05/04/2024 12:23:22,139619,19,task-ln4n,,36767010,BLIND,10840405,,complete,,660fcc37f8a5a55d9949a0f4,computer,Desktop or Laptop,Windows 10,Chrome 123.0.0.0,1920x1080,1920x911,,,0,End Screen,10,,Pass,1e-2,,,,,Spreadsheet1,1,End,Attention Check 8,hervnh,2,response,Nimbus Two Thousand,6549.699999999999,9949.5,9955.699999976157,6549.699999999999,9949.5,9955.699999976157,1,6549.699999999999,3405.9999999761585,0,,Dropdown,Attention Check 6,3,object-15,End,
6,1712312609784,05/04/2024 10:23:29,1712316209784,1,05/04/2024 12:23:29,139619,19,task-ln4n,,36767010,BLIND,10840405,,complete,,660fcc37f8a5a55d9949a0f4,computer,Desktop or Laptop,Windows 10,Chrome 123.0.0.0,1920x1080,1920x911,,,0,End Screen,10,,Pass,1e-2,,,,,Spreadsheet1,1,End,Fich Question,old87p,3,response,unsure,4700,6933,6947.599999952316,4700,6933,6947.599999952316,1,4700,2247.5999999523156,0,,Single Text Entry,Fich Response,2,object-22,End,
7,1712312612238,05/04/2024 10:23:32,1712316212238,1,05/04/2024 12:23:32,139619,19,task-ln4n,,36767010,BLIND,10840405,,complete,,660fcc37f8a5a55d9949a0f4,computer,Desktop or Laptop,Windows 10,Chrome 123.0.0.0,1920x1080,1920x911,,,0,End Screen,10,,Pass,1e-2,,,,,Spreadsheet1,1,End,Rusp Question,bed5c4,4,response,unsure,1133.5,2466.7999999999993,2468.2999999999993,1133.5,2466.7999999999993,2468.2999999999993,1,1133.5,1334.7999999999993,0,,Single Text Entry,Rusp Response,2,object-27,End,
8,1712312614570,05/04/2024 10:23:34,1712316214570,1,05/04/2024 12:23:34,139619,19,task-ln4n,,36767010,BLIND,10840405,,complete,,660fcc37f8a5a55d9949a0f4,computer,Desktop or Laptop,Windows 10,Chrome 123.0.0.0,1920x1080,1920x911,,,0,End Screen,10,,Pass,1e-2,,,,,Spreadsheet1,1,End,Woux Question,sjwn2l,5,response,unsure,1116.5999999999985,2316.5999999999985,2333.2999999999956,1116.5999999999985,2316.5999999999985,2333.2999999999956,1,1116.5999999999985,1216.699999999997,0,,Single Text Entry,Woux Response,2,object-33,End,
9,1712312616886,05/04/2024 10:23:36,1712316216886,1,05/04/2024 12:23:36,139619,19,task-ln4n,,36767010,BLIND,10840405,,complete,,660fcc37f8a5a55d9949a0f4,computer,Desktop or Laptop,Windows 10,Chrome 123.0.0.0,1920x1080,1920x911,,,0,End Screen,10,,Pass,1e-2,,,,,Spreadsheet1,1,End,Zeth Question,1zn881,6,response,unsure,1149.9000000000015,2316.600000000002,2333.099999928476,1149.9000000000015,2316.600000000002,2333.099999928476,1,1149.9000000000015,1183.1999999284744,0,,Single Text Entry,Zeth Response,2,object-37,End,
10,1712312619100,05/04/2024 10:23:39,1712316219100,1,05/04/2024 12:23:39,139619,19,task-ln4n,,36767010,BLIND,10840405,,complete,,660fcc37f8a5a55d9949a0f4,computer,Desktop or Laptop,Windows 10,Chrome 123.0.0.0,1920x1080,1920x911,,,0,End Screen,10,,Pass,1e-2,,,,,Spreadsheet1,1,End,Screen 1,otfijt,7,continue,,2230.4999999284737,2216.600000000002,2230.4999999284737,2230.4999999284737,2216.600000000002,2230.4999999284737,1,2230.4999999284737,0,0,,Click To Continue,Continue Button,2,object-4,End,
11,1712312619100,05/04/2024 10:23:39,1712316219100,1,05/04/2024 12:23:39,139619,19,task-ln4n,,36767010,BLIND,10840405,,complete,,660fcc37f8a5a55d9949a0f4,computer,Desktop or Laptop,Windows 10,Chrome 123.0.0.0,1920x1080,1920x911,,,0,End Screen,10,,Pass,1e-2,,,,,Spreadsheet1,,,,,,5,END,,,,,,,0,,,,,,,,,,
1,1712312589425,05/04/2024 10:23:09,1712316189425,1,05/04/2024 12:23:09,139619,19,task-ln4n,,36767014,BLIND,10840331,,complete,,660fcab771fb18dc7ed96635,computer,Desktop or Laptop,Windows 10,Chrome 123.0.0.0,1920x1080,1920x953,,,0,End Screen,10,,Pass,1e-2,,,,,Spreadsheet1,,,,,,5,BEGIN,,,,,,,0,,,,,,,,,,
2,1712312595641,05/04/2024 10:23:15,1712316195641,1,05/04/2024 12:23:15,139619,19,task-ln4n,,36767014,BLIND,10840331,,complete,,660fcab771fb18dc7ed96635,computer,Desktop or Laptop,Windows 10,Chrome 123.0.0.0,1920x1080,1920x953,,,0,End Screen,10,,Pass,1e-2,,,,,Spreadsheet1,1,End,Attention Check 7,4j4xks,1,continue,,6223.799999988079,6217.1,6223.799999988079,6223.799999988079,6217.1,6223.799999988079,0,6223.799999988079,0,0,,Click To Continue,Continue Button,2,object-8,End,
3,1712312595643,05/04/2024 10:23:15,1712316195643,1,05/04/2024 12:23:15,139619,19,task-ln4n,,36767014,BLIND,10840331,,complete,,660fcab771fb18dc7ed96635,computer,Desktop or Laptop,Windows 10,Chrome 123.0.0.0,1920x1080,1920x953,,,0,End Screen,10,,Pass,1e-2,,,,,Spreadsheet1,1,End,Attention Check 7,4j4xks,1,response,Pumpkin Pasties,3650.2000000000003,6217.1,6226.000000005961,3650.2000000000003,6217.1,6226.000000005961,1,3650.2000000000003,2575.8000000059606,0,,Dropdown,Dropdown,4,object-10,End,
4,1712312611099,05/04/2024 10:23:31,1712316211099,1,05/04/2024 12:23:31,139619,19,task-ln4n,,36767014,BLIND,10840331,,complete,,660fcab771fb18dc7ed96635,computer,Desktop or Laptop,Windows 10,Chrome 123.0.0.0,1920x1080,1920x953,,,0,End Screen,10,,Pass,1e-2,,,,,Spreadsheet1,1,End,Attention Check 8,hervnh,2,continue,,15464.59999999404,15450.900000000001,15464.59999999404,15464.59999999404,15450.900000000001,15464.59999999404,0,15464.59999999404,0,0,,Click To Continue,Continue Button,2,object-14,End,
5,1712312611100,05/04/2024 10:23:31,1712316211100,1,05/04/2024 12:23:31,139619,19,task-ln4n,,36767014,BLIND,10840331,,complete,,660fcab771fb18dc7ed96635,computer,Desktop or Laptop,Windows 10,Chrome 123.0.0.0,1920x1080,1920x953,,,0,End Screen,10,,Pass,1e-2,,,,,Spreadsheet1,1,End,Attention Check 8,hervnh,2,response,Nimbus Two Thousand,8033.6,15450.900000000001,15465.699999988079,8033.6,15450.900000000001,15465.699999988079,1,8033.6,7432.099999988079,0,,Dropdown,Attention Check 6,3,object-15,End,
6,1712312621028,05/04/2024 10:23:41,1712316221028,1,05/04/2024 12:23:41,139619,19,task-ln4n,,36767014,BLIND,10840331,,complete,,660fcab771fb18dc7ed96635,computer,Desktop or Laptop,Windows 10,Chrome 123.0.0.0,1920x1080,1920x953,,,0,End Screen,10,,Pass,1e-2,,,,,Spreadsheet1,1,End,Fich Question,old87p,3,response,THEY,8067.0999999999985,9934,9942.799999988078,8067.0999999999985,9934,9942.799999988078,1,8067.0999999999985,1875.699999988079,0,,Single Text Entry,Fich Response,2,object-22,End,
7,1712312632626,05/04/2024 10:23:52,1712316232626,1,05/04/2024 12:23:52,139619,19,task-ln4n,,36767014,BLIND,10840331,,complete,,660fcab771fb18dc7ed96635,computer,Desktop or Laptop,Windows 10,Chrome 123.0.0.0,1920x1080,1920x953,,,0,End Screen,10,,Pass,1e-2,,,,,Spreadsheet1,1,End,Rusp Question,bed5c4,4,response,SOME OF US,8067,11600.599999999999,11607.599999999999,8067,11600.599999999999,11607.599999999999,1,8067,3540.5999999999985,0,,Single Text Entry,Rusp Response,2,object-27,End,
8,1712312634856,05/04/2024 10:23:54,1712316234856,1,05/04/2024 12:23:54,139619,19,task-ln4n,,36767014,BLIND,10840331,,complete,,660fcab771fb18dc7ed96635,computer,Desktop or Laptop,Windows 10,Chrome 123.0.0.0,1920x1080,1920x953,,,0,End Screen,10,,Pass,1e-2,,,,,Spreadsheet1,1,End,Woux Question,sjwn2l,5,response,WE,1416.800000000003,2233.4000000000015,2236.5,1416.800000000003,2233.4000000000015,2236.5,1,1416.800000000003,819.6999999999971,0,,Single Text Entry,Woux Response,2,object-33,End,
9,1712312650713,05/04/2024 10:24:10,1712316250713,1,05/04/2024 12:24:10,139619,19,task-ln4n,,36767014,BLIND,10840331,,complete,,660fcab771fb18dc7ed96635,computer,Desktop or Laptop,Windows 10,Chrome 123.0.0.0,1920x1080,1920x953,,,0,End Screen,10,,Pass,1e-2,,,,,Spreadsheet1,1,End,Zeth Question,1zn881,6,response,WE BUT NOT YOU,2766.9000000000015,15851.099999999999,15860.199999994038,2766.9000000000015,15851.099999999999,15860.199999994038,1,2766.9000000000015,13093.299999994037,0,,Single Text Entry,Zeth Response,2,object-37,End,
10,1712312652938,05/04/2024 10:24:12,1712316252938,1,05/04/2024 12:24:12,139619,19,task-ln4n,,36767014,BLIND,10840331,,complete,,660fcab771fb18dc7ed96635,computer,Desktop or Laptop,Windows 10,Chrome 123.0.0.0,1920x1080,1920x953,,,0,End Screen,10,,Pass,1e-2,,,,,Spreadsheet1,1,End,Screen 1,otfijt,7,continue,,2233.2999999821186,2216.699999999997,2233.2999999821186,2233.2999999821186,2216.699999999997,2233.2999999821186,1,2233.2999999821186,0,0,,Click To Continue,Continue Button,2,object-4,End,
11,1712312652938,05/04/2024 10:24:12,1712316252938,1,05/04/2024 12:24:12,139619,19,task-ln4n,,36767014,BLIND,10840331,,complete,,660fcab771fb18dc7ed96635,computer,Desktop or Laptop,Windows 10,Chrome 123.0.0.0,1920x1080,1920x953,,,0,End Screen,10,,Pass,1e-2,,,,,Spreadsheet1,,,,,,5,END,,,,,,,0,,,,,,,,,,
1,1712313047425,05/04/2024 10:30:47,1712316647425,1,05/04/2024 12:30:47,139619,19,task-ln4n,,36767168,BLIND,10840371,,complete,,660fcbb4e6dc3336645b1831,computer,Desktop or Laptop,Windows 10,Chrome 123.0.0.0,1536x864,1536x703,,,0,End Screen,10,,Pass,1e-2,,,,,Spreadsheet1,,,,,,5,BEGIN,,,,,,,0,,,,,,,,,,
2,1712313058445,05/04/2024 10:30:58,1712316658445,1,05/04/2024 12:30:58,139619,19,task-ln4n,,36767168,BLIND,10840371,,complete,,660fcbb4e6dc3336645b1831,computer,Desktop or Laptop,Windows 10,Chrome 123.0.0.0,1536x864,1536x703,,,0,End Screen,10,,Pass,1e-2,,,,,Spreadsheet1,1,End,Attention Check 7,4j4xks,1,continue,,11028.500000000746,11020.099999999999,11028.500000000746,11028.500000000746,11020.099999999999,11028.500000000746,0,11028.500000000746,0,0,,Click To Continue,Continue Button,2,object-8,End,
3,1712313058451,05/04/2024 10:30:58,1712316658451,1,05/04/2024 12:30:58,139619,19,task-ln4n,,36767168,BLIND,10840371,,complete,,660fcbb4e6dc3336645b1831,computer,Desktop or Laptop,Windows 10,Chrome 123.0.0.0,1536x864,1536x703,,,0,End Screen,10,,Pass,1e-2,,,,,Spreadsheet1,1,End,Attention Check 7,4j4xks,1,response,Pumpkin Pasties,10104.599999999999,11020.099999999999,11034.600000000373,10104.599999999999,11020.099999999999,11034.600000000373,1,10104.599999999999,930.0000000003747,0,,Dropdown,Dropdown,4,object-10,End,
4,1712313071897,05/04/2024 10:31:11,1712316671897,1,05/04/2024 12:31:11,139619,19,task-ln4n,,36767168,BLIND,10840371,,complete,,660fcbb4e6dc3336645b1831,computer,Desktop or Laptop,Windows 10,Chrome 123.0.0.0,1536x864,1536x703,,,0,End Screen,10,,Pass,1e-2,,,,,Spreadsheet1,1,End,Attention Check 8,hervnh,2,continue,,13461.000000000373,13452.4,13461.000000000373,13461.000000000373,13452.4,13461.000000000373,0,13461.000000000373,0,0,,Click To Continue,Continue Button,2,object-14,End,
5,1712313071901,05/04/2024 10:31:11,1712316671901,1,05/04/2024 12:31:11,139619,19,task-ln4n,,36767168,BLIND,10840371,,complete,,660fcbb4e6dc3336645b1831,computer,Desktop or Laptop,Windows 10,Chrome 123.0.0.0,1536x864,1536x703,,,0,End Screen,10,,Pass,1e-2,,,,,Spreadsheet1,1,End,Attention Check 8,hervnh,2,response,Nimbus Two Thousand,12653.800000000001,13452.4,13465.400000000745,12653.800000000001,13452.4,13465.400000000745,1,12653.800000000001,811.6000000007443,0,,Dropdown,Attention Check 6,3,object-15,End,
6,1712313098586,05/04/2024 10:31:38,1712316698586,1,05/04/2024 12:31:38,139619,19,task-ln4n,,36767168,BLIND,10840371,,complete,,660fcbb4e6dc3336645b1831,computer,Desktop or Laptop,Windows 10,Chrome 123.0.0.0,1536x864,1536x703,,,0,End Screen,10,,Pass,1e-2,,,,,Spreadsheet1,1,End,Fich Question,old87p,3,response,HARRY,23092.899999999998,26688.600000000002,26698.40000000112,23092.899999999998,26688.600000000002,26698.40000000112,1,23092.899999999998,3605.5000000011205,0,,Single Text Entry,Fich Response,2,object-22,End,
7,1712313119778,05/04/2024 10:31:59,1712316719778,1,05/04/2024 12:31:59,139619,19,task-ln4n,,36767168,BLIND,10840371,,complete,,660fcbb4e6dc3336645b1831,computer,Desktop or Laptop,Windows 10,Chrome 123.0.0.0,1536x864,1536x703,,,0,End Screen,10,,Pass,1e-2,,,,,Spreadsheet1,1,End,Rusp Question,bed5c4,4,response,GINNY,19279.999999999993,21194.4,21201.50000000037,19279.999999999993,21194.4,21201.50000000037,1,19279.999999999993,1921.5000000003783,0,,Single Text Entry,Rusp Response,2,object-27,End,
8,1712313127669,05/04/2024 10:32:07,1712316727669,1,05/04/2024 12:32:07,139619,19,task-ln4n,,36767168,BLIND,10840371,,complete,,660fcbb4e6dc3336645b1831,computer,Desktop or Laptop,Windows 10,Chrome 123.0.0.0,1536x864,1536x703,,,0,End Screen,10,,Pass,1e-2,,,,,Spreadsheet1,1,End,Woux Question,sjwn2l,5,response,ALBUS,5810.399999999994,7892.199999999997,7897.799999999625,5810.399999999994,7892.199999999997,7897.799999999625,1,5810.399999999994,2087.3999999996304,0,,Single Text Entry,Woux Response,2,object-33,End,
9,1712313143972,05/04/2024 10:32:23,1712316743972,1,05/04/2024 12:32:23,139619,19,task-ln4n,,36767168,BLIND,10840371,,complete,,660fcbb4e6dc3336645b1831,computer,Desktop or Laptop,Windows 10,Chrome 123.0.0.0,1536x864,1536x703,,,0,End Screen,10,,Pass,1e-2,,,,,Spreadsheet1,1,End,Zeth Question,1zn881,6,response,RON,15117.199999999997,16298.800000000003,16309.099999999627,15117.199999999997,16298.800000000003,16309.099999999627,1,15117.199999999997,1191.8999999996304,0,,Single Text Entry,Zeth Response,2,object-37,End,
10,1712313146536,05/04/2024 10:32:26,1712316746536,1,05/04/2024 12:32:26,139619,19,task-ln4n,,36767168,BLIND,10840371,,complete,,660fcbb4e6dc3336645b1831,computer,Desktop or Laptop,Windows 10,Chrome 123.0.0.0,1536x864,1536x703,,,0,End Screen,10,,Pass,1e-2,,,,,Spreadsheet1,1,End,Screen 1,otfijt,7,continue,,2573.500000000742,2564,2573.500000000742,2573.500000000742,2564,2573.500000000742,1,2573.500000000742,0,0,,Click To Continue,Continue Button,2,object-4,End,
11,1712313146548,05/04/2024 10:32:26,1712316746548,1,05/04/2024 12:32:26,139619,19,task-ln4n,,36767168,BLIND,10840371,,complete,,660fcbb4e6dc3336645b1831,computer,Desktop or Laptop,Windows 10,Chrome 123.0.0.0,1536x864,1536x703,,,0,End Screen,10,,Pass,1e-2,,,,,Spreadsheet1,,,,,,5,END,,,,,,,0,,,,,,,,,,
1,1712313758552,05/04/2024 10:42:38,1712317358552,1,05/04/2024 12:42:38,139619,19,task-ln4n,,36767409,BLIND,10840426,,complete,,660fcc883fd3c937631f848c,computer,Desktop or Laptop,Mac OS 10.15.7,Chrome 122.0.0.0,1440x900,1440x779,,,0,End Screen,10,,Pass,1e-2,,,,,Spreadsheet1,,,,,,5,BEGIN,,,,,,,0,,,,,,,,,,
2,1712313764919,05/04/2024 10:42:44,1712317364919,1,05/04/2024 12:42:44,139619,19,task-ln4n,,36767409,BLIND,10840426,,complete,,660fcc883fd3c937631f848c,computer,Desktop or Laptop,Mac OS 10.15.7,Chrome 122.0.0.0,1440x900,1440x779,,,0,End Screen,10,,Pass,1e-2,,,,,Spreadsheet1,1,End,Attention Check 7,4j4xks,1,continue,,6386.299999976158,6378.4,6386.299999976158,6386.299999976158,6378.4,6386.299999976158,0,6386.299999976158,0,0,,Click To Continue,Continue Button,2,object-8,End,
3,1712313764919,05/04/2024 10:42:44,1712317364919,1,05/04/2024 12:42:44,139619,19,task-ln4n,,36767409,BLIND,10840426,,complete,,660fcc883fd3c937631f848c,computer,Desktop or Laptop,Mac OS 10.15.7,Chrome 122.0.0.0,1440x900,1440x779,,,0,End Screen,10,,Pass,1e-2,,,,,Spreadsheet1,1,End,Attention Check 7,4j4xks,1,response,Pumpkin Pasties,5761.9,6378.4,6387.299999976158,5761.9,6378.4,6387.299999976158,1,5761.9,625.3999999761581,0,,Dropdown,Dropdown,4,object-10,End,
4,1712313777489,05/04/2024 10:42:57,1712317377489,1,05/04/2024 12:42:57,139619,19,task-ln4n,,36767409,BLIND,10840426,,complete,,660fcc883fd3c937631f848c,computer,Desktop or Laptop,Mac OS 10.15.7,Chrome 122.0.0.0,1440x900,1440x779,,,0,End Screen,10,,Pass,1e-2,,,,,Spreadsheet1,1,End,Attention Check 8,hervnh,2,continue,,12578.899999976158,12574.900000000001,12578.899999976158,12578.899999976158,12574.900000000001,12578.899999976158,0,12578.899999976158,0,0,,Click To Continue,Continue Button,2,object-14,End,
5,1712313777491,05/04/2024 10:42:57,1712317377491,1,05/04/2024 12:42:57,139619,19,task-ln4n,,36767409,BLIND,10840426,,complete,,660fcc883fd3c937631f848c,computer,Desktop or Laptop,Mac OS 10.15.7,Chrome 122.0.0.0,1440x900,1440x779,,,0,End Screen,10,,Pass,1e-2,,,,,Spreadsheet1,1,End,Attention Check 8,hervnh,2,response,Nimbus Two Thousand,11959.5,12574.900000000001,12580.799999952316,11959.5,12574.900000000001,12580.799999952316,1,11959.5,621.2999999523163,0,,Dropdown,Attention Check 6,3,object-15,End,
6,1712313787816,05/04/2024 10:43:07,1712317387816,1,05/04/2024 12:43:07,139619,19,task-ln4n,,36767409,BLIND,10840426,,complete,,660fcc883fd3c937631f848c,computer,Desktop or Laptop,Mac OS 10.15.7,Chrome 122.0.0.0,1440x900,1440x779,,,0,End Screen,10,,Pass,1e-2,,,,,Spreadsheet1,1,End,Fich Question,old87p,3,response,THEY,9144.3,10326.399999999998,10331.299999928473,9144.3,10326.399999999998,10331.299999928473,1,9144.3,1186.9999999284737,0,,Single Text Entry,Fich Response,2,object-22,End,
7,1712313791743,05/04/2024 10:43:11,1712317391743,1,05/04/2024 12:43:11,139619,19,task-ln4n,,36767409,BLIND,10840426,,complete,,660fcc883fd3c937631f848c,computer,Desktop or Laptop,Mac OS 10.15.7,Chrome 122.0.0.0,1440x900,1440x779,,,0,End Screen,10,,Pass,1e-2,,,,,Spreadsheet1,1,End,Rusp Question,bed5c4,4,response,NOT,2865.399999999998,3914.0000000000036,3930.400000000005,2865.399999999998,3914.0000000000036,3930.400000000005,1,2865.399999999998,1065.0000000000073,0,,Single Text Entry,Rusp Response,2,object-27,End,
8,1712313795731,05/04/2024 10:43:15,1712317395731,1,05/04/2024 12:43:15,139619,19,task-ln4n,,36767409,BLIND,10840426,,complete,,660fcc883fd3c937631f848c,computer,Desktop or Laptop,Mac OS 10.15.7,Chrome 122.0.0.0,1440x900,1440x779,,,0,End Screen,10,,Pass,1e-2,,,,,Spreadsheet1,1,End,Woux Question,sjwn2l,5,response,US,3131.399999999994,3997.5,4006.4999999523134,3131.399999999994,3997.5,4006.4999999523134,1,3131.399999999994,875.0999999523192,0,,Single Text Entry,Woux Response,2,object-33,End,
9,1712313800619,05/04/2024 10:43:20,1712317400619,1,05/04/2024 12:43:20,139619,19,task-ln4n,,36767409,BLIND,10840426,,complete,,660fcc883fd3c937631f848c,computer,Desktop or Laptop,Mac OS 10.15.7,Chrome 122.0.0.0,1440x900,1440x779,,,0,End Screen,10,,Pass,1e-2,,,,,Spreadsheet1,1,End,Zeth Question,1zn881,6,response,ME,4097.5,4880.899999999994,4896.699999999997,4097.5,4880.899999999994,4896.699999999997,1,4097.5,799.1999999999971,0,,Single Text Entry,Zeth Response,2,object-37,End,
10,1712313802796,05/04/2024 10:43:22,1712317402796,1,05/04/2024 12:43:22,139619,19,task-ln4n,,36767409,BLIND,10840426,,complete,,660fcc883fd3c937631f848c,computer,Desktop or Laptop,Mac OS 10.15.7,Chrome 122.0.0.0,1440x900,1440x779,,,0,End Screen,10,,Pass,1e-2,,,,,Spreadsheet1,1,End,Screen 1,otfijt,7,continue,,2192.699999976161,2181.2000000000044,2192.699999976161,2192.699999976161,2181.2000000000044,2192.699999976161,1,2192.699999976161,0,0,,Click To Continue,Continue Button,2,object-4,End,
11,1712313802797,05/04/2024 10:43:22,1712317402797,1,05/04/2024 12:43:22,139619,19,task-ln4n,,36767409,BLIND,10840426,,complete,,660fcc883fd3c937631f848c,computer,Desktop or Laptop,Mac OS 10.15.7,Chrome 122.0.0.0,1440x900,1440x779,,,0,End Screen,10,,Pass,1e-2,,,,,Spreadsheet1,,,,,,5,END,,,,,,,0,,,,,,,,,,
1,1712314075560,05/04/2024 10:47:55,1712317675560,1,05/04/2024 12:47:55,139619,19,task-ln4n,,36767517,BLIND,10840557,,complete,,660fd077de3979d8f01d85e3,computer,Desktop or Laptop,Windows 10,Chrome 109.0.0.0,1920x1080,1745x881,,,0,End Screen,10,,Pass,1e-2,,,,,Spreadsheet1,,,,,,5,BEGIN,,,,,,,0,,,,,,,,,,
2,1712314085087,05/04/2024 10:48:05,1712317685087,1,05/04/2024 12:48:05,139619,19,task-ln4n,,36767517,BLIND,10840557,,complete,,660fd077de3979d8f01d85e3,computer,Desktop or Laptop,Windows 10,Chrome 109.0.0.0,1920x1080,1745x881,,,0,End Screen,10,,Pass,1e-2,,,,,Spreadsheet1,1,End,Attention Check 7,4j4xks,1,continue,,9543.193000023843,9539.957,9543.193000023843,9543.193000023843,9539.957,9543.193000023843,0,9543.193000023843,0,0,,Click To Continue,Continue Button,2,object-8,End,
3,1712314085087,05/04/2024 10:48:05,1712317685087,1,05/04/2024 12:48:05,139619,19,task-ln4n,,36767517,BLIND,10840557,,complete,,660fd077de3979d8f01d85e3,computer,Desktop or Laptop,Windows 10,Chrome 109.0.0.0,1920x1080,1745x881,,,0,End Screen,10,,Pass,1e-2,,,,,Spreadsheet1,1,End,Attention Check 7,4j4xks,1,response,Pumpkin Pasties,8841.776000000002,9539.957,9545.093,8841.776000000002,9539.957,9545.093,1,8841.776000000002,703.3169999999991,0,,Dropdown,Dropdown,4,object-10,End,
4,1712314096837,05/04/2024 10:48:16,1712317696837,1,05/04/2024 12:48:16,139619,19,task-ln4n,,36767517,BLIND,10840557,,complete,,660fd077de3979d8f01d85e3,computer,Desktop or Laptop,Windows 10,Chrome 109.0.0.0,1920x1080,1745x881,,,0,End Screen,10,,Pass,1e-2,,,,,Spreadsheet1,1,End,Attention Check 8,hervnh,2,continue,,11754.436000011921,11739.841999999999,11754.436000011921,11754.436000011921,11739.841999999999,11754.436000011921,0,11754.436000011921,0,0,,Click To Continue,Continue Button,2,object-14,End,
5,1712314096839,05/04/2024 10:48:16,1712317696839,1,05/04/2024 12:48:16,139619,19,task-ln4n,,36767517,BLIND,10840557,,complete,,660fd077de3979d8f01d85e3,computer,Desktop or Laptop,Windows 10,Chrome 109.0.0.0,1920x1080,1745x881,,,0,End Screen,10,,Pass,1e-2,,,,,Spreadsheet1,1,End,Attention Check 8,hervnh,2,response,Nimbus Two Thousand,11040.947000000002,11739.841999999999,11757.236000023842,11040.947000000002,11739.841999999999,11757.236000023842,1,11040.947000000002,716.2890000238403,0,,Dropdown,Attention Check 6,3,object-15,End,
6,1712314104375,05/04/2024 10:48:24,1712317704375,1,05/04/2024 12:48:24,139619,19,task-ln4n,,36767517,BLIND,10840557,,complete,,660fd077de3979d8f01d85e3,computer,Desktop or Laptop,Windows 10,Chrome 109.0.0.0,1920x1080,1745x881,,,0,End Screen,10,,Pass,1e-2,,,,,Spreadsheet1,1,End,Fich Question,old87p,3,response,NO IDEA,5459.920000000002,7539.603000000003,7552.894000023844,5459.920000000002,7539.603000000003,7552.894000023844,1,5459.920000000002,2092.9740000238417,0,,Single Text Entry,Fich Response,2,object-22,End,
7,1712314107812,05/04/2024 10:48:27,1712317707812,1,05/04/2024 12:48:27,139619,19,task-ln4n,,36767517,BLIND,10840557,,complete,,660fd077de3979d8f01d85e3,computer,Desktop or Laptop,Windows 10,Chrome 109.0.0.0,1920x1080,1745x881,,,0,End Screen,10,,Pass,1e-2,,,,,Spreadsheet1,1,End,Rusp Question,bed5c4,4,response,NO IDEA,2020.2789999999986,3440.178,3450.7910000238408,2020.2789999999986,3440.178,3450.7910000238408,1,2020.2789999999986,1430.5120000238421,0,,Single Text Entry,Rusp Response,2,object-27,End,
8,1712314110704,05/04/2024 10:48:30,1712317710704,1,05/04/2024 12:48:30,139619,19,task-ln4n,,36767517,BLIND,10840557,,complete,,660fd077de3979d8f01d85e3,computer,Desktop or Laptop,Windows 10,Chrome 109.0.0.0,1920x1080,1745x881,,,0,End Screen,10,,Pass,1e-2,,,,,Spreadsheet1,1,End,Woux Question,sjwn2l,5,response,NO IDEA,1319.9579999999987,2899.868999999999,2902.012999999999,1319.9579999999987,2899.868999999999,2902.012999999999,1,1319.9579999999987,1582.0550000000003,0,,Single Text Entry,Woux Response,2,object-33,End,
9,1712314113648,05/04/2024 10:48:33,1712317713648,1,05/04/2024 12:48:33,139619,19,task-ln4n,,36767517,BLIND,10840557,,complete,,660fd077de3979d8f01d85e3,computer,Desktop or Laptop,Windows 10,Chrome 109.0.0.0,1920x1080,1745x881,,,0,End Screen,10,,Pass,1e-2,,,,,Spreadsheet1,1,End,Zeth Question,1zn881,6,response,NO IDEA,1180.0420000000013,2940.0239999999976,2946.6440000000002,1180.0420000000013,2940.0239999999976,2946.6440000000002,1,1180.0420000000013,1766.601999999999,0,,Single Text Entry,Zeth Response,2,object-37,End,
10,1712314116117,05/04/2024 10:48:36,1712317716117,1,05/04/2024 12:48:36,139619,19,task-ln4n,,36767517,BLIND,10840557,,complete,,660fd077de3979d8f01d85e3,computer,Desktop or Laptop,Windows 10,Chrome 109.0.0.0,1920x1080,1745x881,,,0,End Screen,10,,Pass,1e-2,,,,,Spreadsheet1,1,End,Screen 1,otfijt,7,continue,,2475.6200000000026,2459.5580000000045,2475.6200000000026,2475.6200000000026,2459.5580000000045,2475.6200000000026,1,2475.6200000000026,0,0,,Click To Continue,Continue Button,2,object-4,End,
11,1712314116122,05/04/2024 10:48:36,1712317716122,1,05/04/2024 12:48:36,139619,19,task-ln4n,,36767517,BLIND,10840557,,complete,,660fd077de3979d8f01d85e3,computer,Desktop or Laptop,Windows 10,Chrome 109.0.0.0,1920x1080,1745x881,,,0,End Screen,10,,Pass,1e-2,,,,,Spreadsheet1,,,,,,5,END,,,,,,,0,,,,,,,,,,
1,1712313832562,05/04/2024 10:43:52,1712317432562,1,05/04/2024 12:43:52,139619,19,task-ln4n,,36767437,BLIND,10840564,,complete,,660fd0a08118344346170d36,computer,Desktop or Laptop,Windows 10,Chrome 123.0.0.0,1536x864,1536x695,,,0,End Screen,10,,Pass,1e-2,,,,,Spreadsheet1,,,,,,5,BEGIN,,,,,,,0,,,,,,,,,,
2,1712313837647,05/04/2024 10:43:57,1712317437647,1,05/04/2024 12:43:57,139619,19,task-ln4n,,36767437,BLIND,10840564,,complete,,660fd0a08118344346170d36,computer,Desktop or Laptop,Windows 10,Chrome 123.0.0.0,1536x864,1536x695,,,0,End Screen,10,,Pass,1e-2,,,,,Spreadsheet1,1,End,Attention Check 7,4j4xks,1,continue,,5100.906,5084.206,5100.906,5100.906,5084.206,5100.906,0,5100.906,0,0,,Click To Continue,Continue Button,2,object-8,End,
3,1712313837648,05/04/2024 10:43:57,1712317437648,1,05/04/2024 12:43:57,139619,19,task-ln4n,,36767437,BLIND,10840564,,complete,,660fd0a08118344346170d36,computer,Desktop or Laptop,Windows 10,Chrome 123.0.0.0,1536x864,1536x695,,,0,End Screen,10,,Pass,1e-2,,,,,Spreadsheet1,1,End,Attention Check 7,4j4xks,1,response,Pumpkin Pasties,4434.506,5084.206,5100.906,4434.506,5084.206,5100.906,1,4434.506,666.3999999999996,0,,Dropdown,Dropdown,4,object-10,End,
4,1712313851545,05/04/2024 10:44:11,1712317451545,1,05/04/2024 12:44:11,139619,19,task-ln4n,,36767437,BLIND,10840564,,complete,,660fd0a08118344346170d36,computer,Desktop or Laptop,Windows 10,Chrome 123.0.0.0,1536x864,1536x695,,,0,End Screen,10,,Pass,1e-2,,,,,Spreadsheet1,1,End,Attention Check 8,hervnh,2,continue,,13918.399999856949,13915.2,13918.399999856949,13918.399999856949,13915.2,13918.399999856949,0,13918.399999856949,0,0,,Click To Continue,Continue Button,2,object-14,End,
5,1712313851550,05/04/2024 10:44:11,1712317451550,1,05/04/2024 12:44:11,139619,19,task-ln4n,,36767437,BLIND,10840564,,complete,,660fd0a08118344346170d36,computer,Desktop or Laptop,Windows 10,Chrome 123.0.0.0,1536x864,1536x695,,,0,End Screen,10,,Pass,1e-2,,,,,Spreadsheet1,1,End,Attention Check 8,hervnh,2,response,Nimbus Two Thousand,13248.5,13915.2,13923,13248.5,13915.2,13923,1,13248.5,674.5,0,,Dropdown,Attention Check 6,3,object-15,End,
6,1712313862833,05/04/2024 10:44:22,1712317462833,1,05/04/2024 12:44:22,139619,19,task-ln4n,,36767437,BLIND,10840564,,complete,,660fd0a08118344346170d36,computer,Desktop or Laptop,Windows 10,Chrome 123.0.0.0,1536x864,1536x695,,,0,End Screen,10,,Pass,1e-2,,,,,Spreadsheet1,1,End,Fich Question,old87p,3,response,YOU,9349,11282.3,11290.899999904632,9349,11282.3,11290.899999904632,1,9349,1941.8999999046318,0,,Single Text Entry,Fich Response,2,object-22,End,
7,1712313867785,05/04/2024 10:44:27,1712317467785,1,05/04/2024 12:44:27,139619,19,task-ln4n,,36767437,BLIND,10840564,,complete,,660fd0a08118344346170d36,computer,Desktop or Laptop,Windows 10,Chrome 123.0.0.0,1536x864,1536x695,,,0,End Screen,10,,Pass,1e-2,,,,,Spreadsheet1,1,End,Rusp Question,bed5c4,4,response,BOYS,2616.199999999997,4949.5999999999985,4961,2616.199999999997,4949.5999999999985,4961,1,2616.199999999997,2344.800000000003,0,,Single Text Entry,Rusp Response,2,object-27,End,
8,1712313874156,05/04/2024 10:44:34,1712317474156,1,05/04/2024 12:44:34,139619,19,task-ln4n,,36767437,BLIND,10840564,,complete,,660fd0a08118344346170d36,computer,Desktop or Laptop,Windows 10,Chrome 123.0.0.0,1536x864,1536x695,,,0,End Screen,10,,Pass,1e-2,,,,,Spreadsheet1,1,End,Woux Question,sjwn2l,5,response,GIRLS,4765.9000000000015,6365.800000000003,6382.200000000004,4765.9000000000015,6365.800000000003,6382.200000000004,1,4765.9000000000015,1616.300000000003,0,,Single Text Entry,Woux Response,2,object-33,End,
9,1712313882855,05/04/2024 10:44:42,1712317482855,1,05/04/2024 12:44:42,139619,19,task-ln4n,,36767437,BLIND,10840564,,complete,,660fd0a08118344346170d36,computer,Desktop or Laptop,Windows 10,Chrome 123.0.0.0,1536x864,1536x695,,,0,End Screen,10,,Pass,1e-2,,,,,Spreadsheet1,1,End,Zeth Question,1zn881,6,response,MIXED,3316.5999999999985,8699,8715.200000000004,3316.5999999999985,8699,8715.200000000004,1,3316.5999999999985,5398.600000000006,0,,Single Text Entry,Zeth Response,2,object-37,End,
10,1712313885113,05/04/2024 10:44:45,1712317485113,1,05/04/2024 12:44:45,139619,19,task-ln4n,,36767437,BLIND,10840564,,complete,,660fd0a08118344346170d36,computer,Desktop or Laptop,Windows 10,Chrome 123.0.0.0,1536x864,1536x695,,,0,End Screen,10,,Pass,1e-2,,,,,Spreadsheet1,1,End,Screen 1,otfijt,7,continue,,2274.699999904631,2266.4000000000015,2274.699999904631,2274.699999904631,2266.4000000000015,2274.699999904631,1,2274.699999904631,0,0,,Click To Continue,Continue Button,2,object-4,End,
11,1712313885117,05/04/2024 10:44:45,1712317485117,1,05/04/2024 12:44:45,139619,19,task-ln4n,,36767437,BLIND,10840564,,complete,,660fd0a08118344346170d36,computer,Desktop or Laptop,Windows 10,Chrome 123.0.0.0,1536x864,1536x695,,,0,End Screen,10,,Pass,1e-2,,,,,Spreadsheet1,,,,,,5,END,,,,,,,0,,,,,,,,,,
1,1712317585031,05/04/2024 11:46:25,1712321185031,1,05/04/2024 13:46:25,139619,19,task-ln4n,,36768792,BLIND,10841074,,complete,,660fdd4f3738912bff4b79d3,computer,Desktop or Laptop,Windows 10,Chrome 123.0.0.0,1920x1080,1920x953,,,0,End Screen,10,,Pass,1e-2,,,,,Spreadsheet1,,,,,,5,BEGIN,,,,,,,0,,,,,,,,,,
2,1712317593573,05/04/2024 11:46:33,1712321193573,1,05/04/2024 13:46:33,139619,19,task-ln4n,,36768792,BLIND,10841074,,complete,,660fdd4f3738912bff4b79d3,computer,Desktop or Laptop,Windows 10,Chrome 123.0.0.0,1920x1080,1920x953,,,0,End Screen,10,,Pass,1e-2,,,,,Spreadsheet1,1,End,Attention Check 7,4j4xks,1,continue,,8549.900000000001,8533.300000000001,8549.900000000001,8549.900000000001,8533.300000000001,8549.900000000001,0,8549.900000000001,0,0,,Click To Continue,Continue Button,2,object-8,End,
3,1712317593574,05/04/2024 11:46:33,1712321193574,1,05/04/2024 13:46:33,139619,19,task-ln4n,,36768792,BLIND,10841074,,complete,,660fdd4f3738912bff4b79d3,computer,Desktop or Laptop,Windows 10,Chrome 123.0.0.0,1920x1080,1920x953,,,0,End Screen,10,,Pass,1e-2,,,,,Spreadsheet1,1,End,Attention Check 7,4j4xks,1,response,Pumpkin Pasties,6516.6,8533.300000000001,8549.900000000001,6516.6,8533.300000000001,8549.900000000001,1,6516.6,2033.300000000001,0,,Dropdown,Dropdown,4,object-10,End,
4,1712317609134,05/04/2024 11:46:49,1712321209134,1,05/04/2024 13:46:49,139619,19,task-ln4n,,36768792,BLIND,10841074,,complete,,660fdd4f3738912bff4b79d3,computer,Desktop or Laptop,Windows 10,Chrome 123.0.0.0,1920x1080,1920x953,,,0,End Screen,10,,Pass,1e-2,,,,,Spreadsheet1,1,End,Attention Check 8,hervnh,2,continue,,15578.20000000596,15566.599999999999,15578.20000000596,15578.20000000596,15566.599999999999,15578.20000000596,0,15578.20000000596,0,0,,Click To Continue,Continue Button,2,object-14,End,
5,1712317609135,05/04/2024 11:46:49,1712321209135,1,05/04/2024 13:46:49,139619,19,task-ln4n,,36768792,BLIND,10841074,,complete,,660fdd4f3738912bff4b79d3,computer,Desktop or Laptop,Windows 10,Chrome 123.0.0.0,1920x1080,1920x953,,,0,End Screen,10,,Pass,1e-2,,,,,Spreadsheet1,1,End,Attention Check 8,hervnh,2,response,Nimbus Two Thousand,14566.7,15566.599999999999,15579.3,14566.7,15566.599999999999,15579.3,1,14566.7,1012.5999999999985,0,,Dropdown,Attention Check 6,3,object-15,End,
6,1712317616988,05/04/2024 11:46:56,1712321216988,1,05/04/2024 13:46:56,139619,19,task-ln4n,,36768792,BLIND,10841074,,complete,,660fdd4f3738912bff4b79d3,computer,Desktop or Laptop,Windows 10,Chrome 123.0.0.0,1920x1080,1920x953,,,0,End Screen,10,,Pass,1e-2,,,,,Spreadsheet1,1,End,Fich Question,old87p,3,response,FREE,6100,7850,7865.200000000001,6100,7850,7865.200000000001,1,6100,1765.2000000000007,0,,Single Text Entry,Fich Response,2,object-22,End,
7,1712317647489,05/04/2024 11:47:27,1712321247489,1,05/04/2024 13:47:27,139619,19,task-ln4n,,36768792,BLIND,10841074,,complete,,660fdd4f3738912bff4b79d3,computer,Desktop or Laptop,Windows 10,Chrome 123.0.0.0,1920x1080,1920x953,,,0,End Screen,10,,Pass,1e-2,,,,,Spreadsheet1,1,End,Rusp Question,bed5c4,4,response,US,27216.500000000004,30500.000000000004,30516.900000000005,27216.500000000004,30500.000000000004,30516.900000000005,1,27216.500000000004,3300.4000000000015,0,,Single Text Entry,Rusp Response,2,object-27,End,
8,1712317669631,05/04/2024 11:47:49,1712321269631,1,05/04/2024 13:47:49,139619,19,task-ln4n,,36768792,BLIND,10841074,,complete,,660fdd4f3738912bff4b79d3,computer,Desktop or Laptop,Windows 10,Chrome 123.0.0.0,1920x1080,1920x953,,,0,End Screen,10,,Pass,1e-2,,,,,Spreadsheet1,1,End,Woux Question,sjwn2l,5,response,WITH,18683.199999999997,22149.800000000003,22158.999999997017,18683.199999999997,22149.800000000003,22158.999999997017,1,18683.199999999997,3475.7999999970198,0,,Single Text Entry,Woux Response,2,object-33,End,
9,1712317675060,05/04/2024 11:47:55,1712321275060,1,05/04/2024 13:47:55,139619,19,task-ln4n,,36768792,BLIND,10841074,,complete,,660fdd4f3738912bff4b79d3,computer,Desktop or Laptop,Windows 10,Chrome 123.0.0.0,1920x1080,1920x953,,,0,End Screen,10,,Pass,1e-2,,,,,Spreadsheet1,1,End,Zeth Question,1zn881,6,response,GONE,4000.0999999999913,5433.399999999994,5438.199999997014,4000.0999999999913,5433.399999999994,5438.199999997014,1,4000.0999999999913,1438.0999999970227,0,,Single Text Entry,Zeth Response,2,object-37,End,
10,1712317677434,05/04/2024 11:47:57,1712321277434,1,05/04/2024 13:47:57,139619,19,task-ln4n,,36768792,BLIND,10841074,,complete,,660fdd4f3738912bff4b79d3,computer,Desktop or Laptop,Windows 10,Chrome 123.0.0.0,1920x1080,1920x953,,,0,End Screen,10,,Pass,1e-2,,,,,Spreadsheet1,1,End,Screen 1,otfijt,7,continue,,2379.0999999940395,2366.699999999997,2379.0999999940395,2379.0999999940395,2366.699999999997,2379.0999999940395,1,2379.0999999940395,0,0,,Click To Continue,Continue Button,2,object-4,End,
11,1712317677435,05/04/2024 11:47:57,1712321277435,1,05/04/2024 13:47:57,139619,19,task-ln4n,,36768792,BLIND,10841074,,complete,,660fdd4f3738912bff4b79d3,computer,Desktop or Laptop,Windows 10,Chrome 123.0.0.0,1920x1080,1920x953,,,0,End Screen,10,,Pass,1e-2,,,,,Spreadsheet1,,,,,,5,END,,,,,,,0,,,,,,,,,,
1,1712318346668,05/04/2024 11:59:06,1712321946668,1,05/04/2024 13:59:06,139619,19,task-ln4n,,36769057,BLIND,10841164,,complete,,660fe266fef2f83586bdb0c5,computer,Desktop or Laptop,Windows 10,Chrome 123.0.0.0,1536x864,1536x695,,,0,End Screen,10,,Pass,1e-2,,,,,Spreadsheet1,,,,,,5,BEGIN,,,,,,,0,,,,,,,,,,
2,1712318350876,05/04/2024 11:59:10,1712321950876,1,05/04/2024 13:59:10,139619,19,task-ln4n,,36769057,BLIND,10841164,,complete,,660fe266fef2f83586bdb0c5,computer,Desktop or Laptop,Windows 10,Chrome 123.0.0.0,1536x864,1536x695,,,0,End Screen,10,,Pass,1e-2,,,,,Spreadsheet1,1,End,Attention Check 7,4j4xks,1,continue,,4215.800000002981,4212.1,4215.800000002981,4215.800000002981,4212.1,4215.800000002981,0,4215.800000002981,0,0,,Click To Continue,Continue Button,2,object-8,End,
3,1712318350877,05/04/2024 11:59:10,1712321950877,1,05/04/2024 13:59:10,139619,19,task-ln4n,,36769057,BLIND,10841164,,complete,,660fe266fef2f83586bdb0c5,computer,Desktop or Laptop,Windows 10,Chrome 123.0.0.0,1536x864,1536x695,,,0,End Screen,10,,Pass,1e-2,,,,,Spreadsheet1,1,End,Attention Check 7,4j4xks,1,response,Pumpkin Pasties,3393.9999999999995,4212.1,4216.300000002981,3393.9999999999995,4212.1,4216.300000002981,1,3393.9999999999995,822.300000002981,0,,Dropdown,Dropdown,4,object-10,End,
4,1712318363358,05/04/2024 11:59:23,1712321963358,1,05/04/2024 13:59:23,139619,19,task-ln4n,,36769057,BLIND,10841164,,complete,,660fe266fef2f83586bdb0c5,computer,Desktop or Laptop,Windows 10,Chrome 123.0.0.0,1536x864,1536x695,,,0,End Screen,10,,Pass,1e-2,,,,,Spreadsheet1,1,End,Attention Check 8,hervnh,2,continue,,12485.89999999106,12484.900000000001,12485.89999999106,12485.89999999106,12484.900000000001,12485.89999999106,0,12485.89999999106,0,0,,Click To Continue,Continue Button,2,object-14,End,
5,1712318363360,05/04/2024 11:59:23,1712321963360,1,05/04/2024 13:59:23,139619,19,task-ln4n,,36769057,BLIND,10841164,,complete,,660fe266fef2f83586bdb0c5,computer,Desktop or Laptop,Windows 10,Chrome 123.0.0.0,1536x864,1536x695,,,0,End Screen,10,,Pass,1e-2,,,,,Spreadsheet1,1,End,Attention Check 8,hervnh,2,response,Nimbus Two Thousand,7327.4,12484.900000000001,12487.09999999404,7327.4,12484.900000000001,12487.09999999404,1,7327.4,5159.69999999404,0,,Dropdown,Attention Check 6,3,object-15,End,
6,1712318376042,05/04/2024 11:59:36,1712321976042,1,05/04/2024 13:59:36,139619,19,task-ln4n,,36769057,BLIND,10841164,,complete,,660fe266fef2f83586bdb0c5,computer,Desktop or Laptop,Windows 10,Chrome 123.0.0.0,1536x864,1536x695,,,0,End Screen,10,,Pass,1e-2,,,,,Spreadsheet1,1,End,Fich Question,old87p,3,response,THEM,7891,12678.899999999998,12684.499999991058,7891,12678.899999999998,12684.499999991058,1,7891,4793.499999991058,0,,Single Text Entry,Fich Response,2,object-22,End,
7,1712318384726,05/04/2024 11:59:44,1712321984726,1,05/04/2024 13:59:44,139619,19,task-ln4n,,36769057,BLIND,10841164,,complete,,660fe266fef2f83586bdb0c5,computer,Desktop or Laptop,Windows 10,Chrome 123.0.0.0,1536x864,1536x695,,,0,End Screen,10,,Pass,1e-2,,,,,Spreadsheet1,1,End,Rusp Question,bed5c4,4,response,YOU,6885.000000000004,8684.899999999998,8689.49999999702,6885.000000000004,8684.899999999998,8689.49999999702,1,6885.000000000004,1804.4999999970169,0,,Single Text Entry,Rusp Response,2,object-27,End,
8,1712318392786,05/04/2024 11:59:52,1712321992786,1,05/04/2024 13:59:52,139619,19,task-ln4n,,36769057,BLIND,10841164,,complete,,660fe266fef2f83586bdb0c5,computer,Desktop or Laptop,Windows 10,Chrome 123.0.0.0,1536x864,1536x695,,,0,End Screen,10,,Pass,1e-2,,,,,Spreadsheet1,1,End,Woux Question,sjwn2l,5,response,US,6769.700000000004,8060.600000000006,8065.599999997023,6769.700000000004,8060.600000000006,8065.599999997023,1,6769.700000000004,1295.8999999970183,0,,Single Text Entry,Woux Response,2,object-33,End,
9,1712318406660,05/04/2024 12:00:06,1712322006660,1,05/04/2024 14:00:06,139619,19,task-ln4n,,36769057,BLIND,10841164,,complete,,660fe266fef2f83586bdb0c5,computer,Desktop or Laptop,Windows 10,Chrome 123.0.0.0,1536x864,1536x695,,,0,End Screen,10,,Pass,1e-2,,,,,Spreadsheet1,1,End,Zeth Question,1zn881,6,response,WE,13048.599999999999,13872.899999999994,13878.999999999993,13048.599999999999,13872.899999999994,13878.999999999993,1,13048.599999999999,830.3999999999942,0,,Single Text Entry,Zeth Response,2,object-37,End,
10,1712318408403,05/04/2024 12:00:08,1712322008403,1,05/04/2024 14:00:08,139619,19,task-ln4n,,36769057,BLIND,10841164,,complete,,660fe266fef2f83586bdb0c5,computer,Desktop or Laptop,Windows 10,Chrome 123.0.0.0,1536x864,1536x695,,,0,End Screen,10,,Pass,1e-2,,,,,Spreadsheet1,1,End,Screen 1,otfijt,7,continue,,1748.800000000003,1745.5,1748.800000000003,1748.800000000003,1745.5,1748.800000000003,1,1748.800000000003,0,0,,Click To Continue,Continue Button,2,object-4,End,
11,1712318408403,05/04/2024 12:00:08,1712322008403,1,05/04/2024 14:00:08,139619,19,task-ln4n,,36769057,BLIND,10841164,,complete,,660fe266fef2f83586bdb0c5,computer,Desktop or Laptop,Windows 10,Chrome 123.0.0.0,1536x864,1536x695,,,0,End Screen,10,,Pass,1e-2,,,,,Spreadsheet1,,,,,,5,END,,,,,,,0,,,,,,,,,,
1,1712395680121,06/04/2024 09:28:00,1712399280121,1,06/04/2024 11:28:00,139619,19,task-ln4n,,36790979,BLIND,10847869,,complete,,66110a38a19b1ab5c38b9590,computer,Desktop or Laptop,Windows 10,Chrome 123.0.0.0,1366x768,1366x641,,,0,End Screen,10,,Pass,1e-2,,,,,Spreadsheet1,,,,,,5,BEGIN,,,,,,,0,,,,,,,,,,
2,1712395687142,06/04/2024 09:28:07,1712399287142,1,06/04/2024 11:28:07,139619,19,task-ln4n,,36790979,BLIND,10847869,,complete,,66110a38a19b1ab5c38b9590,computer,Desktop or Laptop,Windows 10,Chrome 123.0.0.0,1366x768,1366x641,,,0,End Screen,10,,Pass,1e-2,,,,,Spreadsheet1,1,End,Attention Check 7,4j4xks,1,continue,,7041.7,7031.5,7041.7,7041.7,7031.5,7041.7,0,7041.7,0,0,,Click To Continue,Continue Button,2,object-8,End,
3,1712395687143,06/04/2024 09:28:07,1712399287143,1,06/04/2024 11:28:07,139619,19,task-ln4n,,36790979,BLIND,10847869,,complete,,66110a38a19b1ab5c38b9590,computer,Desktop or Laptop,Windows 10,Chrome 123.0.0.0,1366x768,1366x641,,,0,End Screen,10,,Pass,1e-2,,,,,Spreadsheet1,1,End,Attention Check 7,4j4xks,1,response,Pumpkin Pasties,5582,7031.5,7043.600000095367,5582,7031.5,7043.600000095367,1,5582,1461.6000000953672,0,,Dropdown,Dropdown,4,object-10,End,
4,1712395701797,06/04/2024 09:28:21,1712399301797,1,06/04/2024 11:28:21,139619,19,task-ln4n,,36790979,BLIND,10847869,,complete,,66110a38a19b1ab5c38b9590,computer,Desktop or Laptop,Windows 10,Chrome 123.0.0.0,1366x768,1366x641,,,0,End Screen,10,,Pass,1e-2,,,,,Spreadsheet1,1,End,Attention Check 8,hervnh,2,continue,,14666.000000071526,14663.8,14666.000000071526,14666.000000071526,14663.8,14666.000000071526,0,14666.000000071526,0,0,,Click To Continue,Continue Button,2,object-14,End,
5,1712395701798,06/04/2024 09:28:21,1712399301798,1,06/04/2024 11:28:21,139619,19,task-ln4n,,36790979,BLIND,10847869,,complete,,66110a38a19b1ab5c38b9590,computer,Desktop or Laptop,Windows 10,Chrome 123.0.0.0,1366x768,1366x641,,,0,End Screen,10,,Pass,1e-2,,,,,Spreadsheet1,1,End,Attention Check 8,hervnh,2,response,Nimbus Two Thousand,13530.7,14663.8,14667.800000023843,13530.7,14663.8,14667.800000023843,1,13530.7,1137.1000000238419,0,,Dropdown,Attention Check 6,3,object-15,End,
6,1712395751073,06/04/2024 09:29:11,1712399351073,1,06/04/2024 11:29:11,139619,19,task-ln4n,,36790979,BLIND,10847869,,complete,,66110a38a19b1ab5c38b9590,computer,Desktop or Laptop,Windows 10,Chrome 123.0.0.0,1366x768,1366x641,,,0,End Screen,10,,Pass,1e-2,,,,,Spreadsheet1,1,End,Fich Question,old87p,3,response,FINCH,26628.300000000003,49274.299999999996,49278.600000047685,26628.300000000003,49274.299999999996,49278.600000047685,1,26628.300000000003,22650.300000047682,0,,Single Text Entry,Fich Response,2,object-22,End,
7,1712395770151,06/04/2024 09:29:30,1712399370151,1,06/04/2024 11:29:30,139619,19,task-ln4n,,36790979,BLIND,10847869,,complete,,66110a38a19b1ab5c38b9590,computer,Desktop or Laptop,Windows 10,Chrome 123.0.0.0,1366x768,1366x641,,,0,End Screen,10,,Pass,1e-2,,,,,Spreadsheet1,1,End,Rusp Question,bed5c4,4,response, ,11031,19062.70000000001,19079.000000000015,11031,19062.70000000001,19079.000000000015,1,11031,8048.000000000015,0,,Single Text Entry,Rusp Response,2,object-27,End,
8,1712395775634,06/04/2024 09:29:35,1712399375634,1,06/04/2024 11:29:35,139619,19,task-ln4n,,36790979,BLIND,10847869,,complete,,66110a38a19b1ab5c38b9590,computer,Desktop or Laptop,Windows 10,Chrome 123.0.0.0,1366x768,1366x641,,,0,End Screen,10,,Pass,1e-2,,,,,Spreadsheet1,1,End,Woux Question,sjwn2l,5,response, ,3716.0999999999913,5499.399999999994,5502.800000095362,3716.0999999999913,5499.399999999994,5502.800000095362,1,3716.0999999999913,1786.7000000953703,0,,Single Text Entry,Woux Response,2,object-33,End,
9,1712395779499,06/04/2024 09:29:39,1712399379499,1,06/04/2024 11:29:39,139619,19,task-ln4n,,36790979,BLIND,10847869,,complete,,66110a38a19b1ab5c38b9590,computer,Desktop or Laptop,Windows 10,Chrome 123.0.0.0,1366x768,1366x641,,,0,End Screen,10,,Pass,1e-2,,,,,Spreadsheet1,1,End,Zeth Question,1zn881,6,response, ,1516.3999999999942,3848.899999999994,3865.2999999999884,1516.3999999999942,3848.899999999994,3865.2999999999884,1,1516.3999999999942,2348.899999999994,0,,Single Text Entry,Zeth Response,2,object-37,End,
10,1712395782494,06/04/2024 09:29:42,1712399382494,1,06/04/2024 11:29:42,139619,19,task-ln4n,,36790979,BLIND,10847869,,complete,,66110a38a19b1ab5c38b9590,computer,Desktop or Laptop,Windows 10,Chrome 123.0.0.0,1366x768,1366x641,,,0,End Screen,10,,Pass,1e-2,,,,,Spreadsheet1,1,End,Screen 1,otfijt,7,continue,,3014.7000000238477,2999.9000000000087,3014.7000000238477,3014.7000000238477,2999.9000000000087,3014.7000000238477,1,3014.7000000238477,0,0,,Click To Continue,Continue Button,2,object-4,End,
11,1712395782498,06/04/2024 09:29:42,1712399382498,1,06/04/2024 11:29:42,139619,19,task-ln4n,,36790979,BLIND,10847869,,complete,,66110a38a19b1ab5c38b9590,computer,Desktop or Laptop,Windows 10,Chrome 123.0.0.0,1366x768,1366x641,,,0,End Screen,10,,Pass,1e-2,,,,,Spreadsheet1,,,,,,5,END,,,,,,,0,,,,,,,,,,
1,1712395867748,06/04/2024 09:31:07,1712399467748,1,06/04/2024 11:31:07,139619,19,task-ln4n,,36791019,BLIND,10848012,,complete,,6611130806b6126783cff263,computer,Desktop or Laptop,Mac OS 10.15.7,Chrome 123.0.0.0,1440x900,1440x754,,,0,End Screen,10,,Pass,1e-2,,,,,Spreadsheet1,,,,,,5,BEGIN,,,,,,,0,,,,,,,,,,
2,1712395874124,06/04/2024 09:31:14,1712399474124,1,06/04/2024 11:31:14,139619,19,task-ln4n,,36791019,BLIND,10848012,,complete,,6611130806b6126783cff263,computer,Desktop or Laptop,Mac OS 10.15.7,Chrome 123.0.0.0,1440x900,1440x754,,,0,End Screen,10,,Pass,1e-2,,,,,Spreadsheet1,1,End,Attention Check 7,4j4xks,1,continue,,6386.400000095367,6379.8,6386.400000095367,6386.400000095367,6379.8,6386.400000095367,0,6386.400000095367,0,0,,Click To Continue,Continue Button,2,object-8,End,
3,1712395874125,06/04/2024 09:31:14,1712399474125,1,06/04/2024 11:31:14,139619,19,task-ln4n,,36791019,BLIND,10848012,,complete,,6611130806b6126783cff263,computer,Desktop or Laptop,Mac OS 10.15.7,Chrome 123.0.0.0,1440x900,1440x754,,,0,End Screen,10,,Pass,1e-2,,,,,Spreadsheet1,1,End,Attention Check 7,4j4xks,1,response,Pumpkin Pasties,5962.9,6379.8,6387.799999713898,5962.9,6379.8,6387.799999713898,1,5962.9,424.89999971389807,0,,Dropdown,Dropdown,4,object-10,End,
4,1712395883382,06/04/2024 09:31:23,1712399483382,1,06/04/2024 11:31:23,139619,19,task-ln4n,,36791019,BLIND,10848012,,complete,,6611130806b6126783cff263,computer,Desktop or Laptop,Mac OS 10.15.7,Chrome 123.0.0.0,1440x900,1440x754,,,0,End Screen,10,,Pass,1e-2,,,,,Spreadsheet1,1,End,Attention Check 8,hervnh,2,continue,,9264.100000095368,9259.8,9264.100000095368,9264.100000095368,9259.8,9264.100000095368,0,9264.100000095368,0,0,,Click To Continue,Continue Button,2,object-14,End,
5,1712395883384,06/04/2024 09:31:23,1712399483384,1,06/04/2024 11:31:23,139619,19,task-ln4n,,36791019,BLIND,10848012,,complete,,6611130806b6126783cff263,computer,Desktop or Laptop,Mac OS 10.15.7,Chrome 123.0.0.0,1440x900,1440x754,,,0,End Screen,10,,Pass,1e-2,,,,,Spreadsheet1,1,End,Attention Check 8,hervnh,2,response,Nimbus Two Thousand,8709.8,9259.8,9265.899999809266,8709.8,9259.8,9265.899999809266,1,8709.8,556.0999998092666,0,,Dropdown,Attention Check 6,3,object-15,End,
6,1712395892281,06/04/2024 09:31:32,1712399492281,1,06/04/2024 11:31:32,139619,19,task-ln4n,,36791019,BLIND,10848012,,complete,,6611130806b6126783cff263,computer,Desktop or Laptop,Mac OS 10.15.7,Chrome 123.0.0.0,1440x900,1440x754,,,0,End Screen,10,,Pass,1e-2,,,,,Spreadsheet1,1,End,Fich Question,old87p,3,response,I dont know,5247.199999999999,8894.699999999999,8902.599999809265,5247.199999999999,8894.699999999999,8902.599999809265,1,5247.199999999999,3655.399999809266,0,,Single Text Entry,Fich Response,2,object-22,End,
7,1712395897646,06/04/2024 09:31:37,1712399497646,1,06/04/2024 11:31:37,139619,19,task-ln4n,,36791019,BLIND,10848012,,complete,,6611130806b6126783cff263,computer,Desktop or Laptop,Mac OS 10.15.7,Chrome 123.0.0.0,1440x900,1440x754,,,0,End Screen,10,,Pass,1e-2,,,,,Spreadsheet1,1,End,Rusp Question,bed5c4,4,response,I can't remember,1998.6000000000022,5363.100000000002,5372.600000095368,1998.6000000000022,5363.100000000002,5372.600000095368,1,1998.6000000000022,3374.000000095366,0,,Single Text Entry,Rusp Response,2,object-27,End,
8,1712395910538,06/04/2024 09:31:50,1712399510538,1,06/04/2024 11:31:50,139619,19,task-ln4n,,36791019,BLIND,10848012,,complete,,6611130806b6126783cff263,computer,Desktop or Laptop,Mac OS 10.15.7,Chrome 123.0.0.0,1440x900,1440x754,,,0,End Screen,10,,Pass,1e-2,,,,,Spreadsheet1,1,End,Woux Question,sjwn2l,5,response,I don't know,1299.0999999999985,12891.5,12901.399999713896,1299.0999999999985,12891.5,12901.399999713896,1,1299.0999999999985,11602.299999713898,0,,Single Text Entry,Woux Response,2,object-33,End,
9,1712395915102,06/04/2024 09:31:55,1712399515102,1,06/04/2024 11:31:55,139619,19,task-ln4n,,36791019,BLIND,10848012,,complete,,6611130806b6126783cff263,computer,Desktop or Laptop,Mac OS 10.15.7,Chrome 123.0.0.0,1440x900,1440x754,,,0,End Screen,10,,Pass,1e-2,,,,,Spreadsheet1,1,End,Zeth Question,1zn881,6,response,I do not know,1665.5999999999985,4563.4000000000015,4574.299999809264,1665.5999999999985,4563.4000000000015,4574.299999809264,1,1665.5999999999985,2908.699999809265,0,,Single Text Entry,Zeth Response,2,object-37,End,
10,1712395917118,06/04/2024 09:31:57,1712399517118,1,06/04/2024 11:31:57,139619,19,task-ln4n,,36791019,BLIND,10848012,,complete,,6611130806b6126783cff263,computer,Desktop or Laptop,Mac OS 10.15.7,Chrome 123.0.0.0,1440x900,1440x754,,,0,End Screen,10,,Pass,1e-2,,,,,Spreadsheet1,1,End,Screen 1,otfijt,7,continue,,2026.9999997138948,2015.5,2026.9999997138948,2026.9999997138948,2015.5,2026.9999997138948,1,2026.9999997138948,0,0,,Click To Continue,Continue Button,2,object-4,End,
11,1712395917119,06/04/2024 09:31:57,1712399517119,1,06/04/2024 11:31:57,139619,19,task-ln4n,,36791019,BLIND,10848012,,complete,,6611130806b6126783cff263,computer,Desktop or Laptop,Mac OS 10.15.7,Chrome 123.0.0.0,1440x900,1440x754,,,0,End Screen,10,,Pass,1e-2,,,,,Spreadsheet1,,,,,,5,END,,,,,,,0,,,,,,,,,,
1,1712396886924,06/04/2024 09:48:06,1712400486924,1,06/04/2024 11:48:06,139619,19,task-ln4n,,36791243,BLIND,10848057,,complete,,6611157df55efc24b9bd0216,computer,Desktop or Laptop,Windows 10,Edge 123.0.0.0,1280x720,1232x606,,,0,End Screen,10,,Pass,1e-2,,,,,Spreadsheet1,,,,,,5,BEGIN,,,,,,,0,,,,,,,,,,
2,1712396893043,06/04/2024 09:48:13,1712400493043,1,06/04/2024 11:48:13,139619,19,task-ln4n,,36791243,BLIND,10848057,,complete,,6611157df55efc24b9bd0216,computer,Desktop or Laptop,Windows 10,Edge 123.0.0.0,1280x720,1232x606,,,0,End Screen,10,,Pass,1e-2,,,,,Spreadsheet1,1,End,Attention Check 7,4j4xks,1,continue,,6122.000000000093,6115,6122.000000000093,6122.000000000093,6115,6122.000000000093,0,6122.000000000093,0,0,,Click To Continue,Continue Button,2,object-8,End,
3,1712396893043,06/04/2024 09:48:13,1712400493043,1,06/04/2024 11:48:13,139619,19,task-ln4n,,36791243,BLIND,10848057,,complete,,6611157df55efc24b9bd0216,computer,Desktop or Laptop,Windows 10,Edge 123.0.0.0,1280x720,1232x606,,,0,End Screen,10,,Pass,1e-2,,,,,Spreadsheet1,1,End,Attention Check 7,4j4xks,1,response,Pumpkin Pasties,4648.9,6115,6122.4,4648.9,6115,6122.4,1,4648.9,1473.5,0,,Dropdown,Dropdown,4,object-10,End,
4,1712396903146,06/04/2024 09:48:23,1712400503146,1,06/04/2024 11:48:23,139619,19,task-ln4n,,36791243,BLIND,10848057,,complete,,6611157df55efc24b9bd0216,computer,Desktop or Laptop,Windows 10,Edge 123.0.0.0,1280x720,1232x606,,,0,End Screen,10,,Pass,1e-2,,,,,Spreadsheet1,1,End,Attention Check 8,hervnh,2,continue,,10110.000000000093,10097.1,10110.000000000093,10110.000000000093,10097.1,10110.000000000093,0,10110.000000000093,0,0,,Click To Continue,Continue Button,2,object-14,End,
5,1712396903147,06/04/2024 09:48:23,1712400503147,1,06/04/2024 11:48:23,139619,19,task-ln4n,,36791243,BLIND,10848057,,complete,,6611157df55efc24b9bd0216,computer,Desktop or Laptop,Windows 10,Edge 123.0.0.0,1280x720,1232x606,,,0,End Screen,10,,Pass,1e-2,,,,,Spreadsheet1,1,End,Attention Check 8,hervnh,2,response,Nimbus Two Thousand,8314.3,10097.1,10111.200000000046,8314.3,10097.1,10111.200000000046,1,8314.3,1796.900000000047,0,,Dropdown,Attention Check 6,3,object-15,End,
6,1712396909765,06/04/2024 09:48:29,1712400509765,1,06/04/2024 11:48:29,139619,19,task-ln4n,,36791243,BLIND,10848057,,complete,,6611157df55efc24b9bd0216,computer,Desktop or Laptop,Windows 10,Edge 123.0.0.0,1280x720,1232x606,,,0,End Screen,10,,Pass,1e-2,,,,,Spreadsheet1,1,End,Fich Question,old87p,3,response,NO IDEA,4615.700000000001,6631.5,6632.600000000046,4615.700000000001,6631.5,6632.600000000046,1,4615.700000000001,2016.900000000045,0,,Single Text Entry,Fich Response,2,object-22,End,
7,1712396913348,06/04/2024 09:48:33,1712400513348,1,06/04/2024 11:48:33,139619,19,task-ln4n,,36791243,BLIND,10848057,,complete,,6611157df55efc24b9bd0216,computer,Desktop or Laptop,Windows 10,Edge 123.0.0.0,1280x720,1232x606,,,0,End Screen,10,,Pass,1e-2,,,,,Spreadsheet1,1,End,Rusp Question,bed5c4,4,response,NO IDEA,1450,3565.7999999999993,3582.399999999998,1450,3565.7999999999993,3582.399999999998,1,1450,2132.399999999998,0,,Single Text Entry,Rusp Response,2,object-27,End,
8,1712396917889,06/04/2024 09:48:37,1712400517889,1,06/04/2024 11:48:37,139619,19,task-ln4n,,36791243,BLIND,10848057,,complete,,6611157df55efc24b9bd0216,computer,Desktop or Laptop,Windows 10,Edge 123.0.0.0,1280x720,1232x606,,,0,End Screen,10,,Pass,1e-2,,,,,Spreadsheet1,1,End,Woux Question,sjwn2l,5,response,NO IDEA,733.2999999999993,4549,4558.600000000093,733.2999999999993,4549,4558.600000000093,1,733.2999999999993,3825.300000000094,0,,Single Text Entry,Woux Response,2,object-33,End,
9,1712396920999,06/04/2024 09:48:40,1712400520999,1,06/04/2024 11:48:40,139619,19,task-ln4n,,36791243,BLIND,10848057,,complete,,6611157df55efc24b9bd0216,computer,Desktop or Laptop,Windows 10,Edge 123.0.0.0,1280x720,1232x606,,,0,End Screen,10,,Pass,1e-2,,,,,Spreadsheet1,1,End,Zeth Question,1zn881,6,response,NO IDEA,1149.4000000000015,3115.800000000003,3120.4000000001397,1149.4000000000015,3115.800000000003,3120.4000000001397,1,1149.4000000000015,1971.0000000001382,0,,Single Text Entry,Zeth Response,2,object-37,End,
10,1712396923335,06/04/2024 09:48:43,1712400523335,1,06/04/2024 11:48:43,139619,19,task-ln4n,,36791243,BLIND,10848057,,complete,,6611157df55efc24b9bd0216,computer,Desktop or Laptop,Windows 10,Edge 123.0.0.0,1280x720,1232x606,,,0,End Screen,10,,Pass,1e-2,,,,,Spreadsheet1,1,End,Screen 1,otfijt,7,continue,,2340.30000000009,2332.399999999994,2340.30000000009,2340.30000000009,2332.399999999994,2340.30000000009,1,2340.30000000009,0,0,,Click To Continue,Continue Button,2,object-4,End,
11,1712396923336,06/04/2024 09:48:43,1712400523336,1,06/04/2024 11:48:43,139619,19,task-ln4n,,36791243,BLIND,10848057,,complete,,6611157df55efc24b9bd0216,computer,Desktop or Laptop,Windows 10,Edge 123.0.0.0,1280x720,1232x606,,,0,End Screen,10,,Pass,1e-2,,,,,Spreadsheet1,,,,,,5,END,,,,,,,0,,,,,,,,,,
1,1712397779633,06/04/2024 10:02:59,1712401379633,1,06/04/2024 12:02:59,139619,19,task-ln4n,,36791460,BLIND,10848127,,complete,,6611198c4d49d087dca76a70,computer,Desktop or Laptop,Windows 10,Chrome 123.0.0.0,1536x1024,1536x855,,,0,End Screen,10,,Pass,1e-2,,,,,Spreadsheet1,,,,,,5,BEGIN,,,,,,,0,,,,,,,,,,
2,1712397786149,06/04/2024 10:03:06,1712401386149,1,06/04/2024 12:03:06,139619,19,task-ln4n,,36791460,BLIND,10848127,,complete,,6611198c4d49d087dca76a70,computer,Desktop or Laptop,Windows 10,Chrome 123.0.0.0,1536x1024,1536x855,,,0,End Screen,10,,Pass,1e-2,,,,,Spreadsheet1,1,End,Attention Check 7,4j4xks,1,continue,,6522.0999999523165,6517.3,6522.0999999523165,6522.0999999523165,6517.3,6522.0999999523165,0,6522.0999999523165,0,0,,Click To Continue,Continue Button,2,object-8,End,
3,1712397786150,06/04/2024 10:03:06,1712401386150,1,06/04/2024 12:03:06,139619,19,task-ln4n,,36791460,BLIND,10848127,,complete,,6611198c4d49d087dca76a70,computer,Desktop or Laptop,Windows 10,Chrome 123.0.0.0,1536x1024,1536x855,,,0,End Screen,10,,Pass,1e-2,,,,,Spreadsheet1,1,End,Attention Check 7,4j4xks,1,response,Pumpkin Pasties,5266.8,6517.3,6523.200000095368,5266.8,6517.3,6523.200000095368,1,5266.8,1256.4000000953674,0,,Dropdown,Dropdown,4,object-10,End,
4,1712397802676,06/04/2024 10:03:22,1712401402676,1,06/04/2024 12:03:22,139619,19,task-ln4n,,36791460,BLIND,10848127,,complete,,6611198c4d49d087dca76a70,computer,Desktop or Laptop,Windows 10,Chrome 123.0.0.0,1536x1024,1536x855,,,0,End Screen,10,,Pass,1e-2,,,,,Spreadsheet1,1,End,Attention Check 8,hervnh,2,continue,,16531.900000095367,16517.3,16531.900000095367,16531.900000095367,16517.3,16531.900000095367,0,16531.900000095367,0,0,,Click To Continue,Continue Button,2,object-14,End,
5,1712397802679,06/04/2024 10:03:22,1712401402679,1,06/04/2024 12:03:22,139619,19,task-ln4n,,36791460,BLIND,10848127,,complete,,6611198c4d49d087dca76a70,computer,Desktop or Laptop,Windows 10,Chrome 123.0.0.0,1536x1024,1536x855,,,0,End Screen,10,,Pass,1e-2,,,,,Spreadsheet1,1,End,Attention Check 8,hervnh,2,response,Nimbus Two Thousand,15300.599999999999,16517.3,16533.899999999998,15300.599999999999,16517.3,16533.899999999998,1,15300.599999999999,1233.2999999999993,0,,Dropdown,Attention Check 6,3,object-15,End,
6,1712397827815,06/04/2024 10:03:47,1712401427815,1,06/04/2024 12:03:47,139619,19,task-ln4n,,36791460,BLIND,10848127,,complete,,6611198c4d49d087dca76a70,computer,Desktop or Laptop,Windows 10,Chrome 123.0.0.0,1536x1024,1536x855,,,0,End Screen,10,,Pass,1e-2,,,,,Spreadsheet1,1,End,Fich Question,old87p,3,response,PERSON ASKING QUESTION,21017.2,25150.899999999998,25153.900000047684,21017.2,25150.899999999998,25153.900000047684,1,21017.2,4136.700000047684,0,,Single Text Entry,Fich Response,2,object-22,End,
7,1712397832743,06/04/2024 10:03:52,1712401432743,1,06/04/2024 12:03:52,139619,19,task-ln4n,,36791460,BLIND,10848127,,complete,,6611198c4d49d087dca76a70,computer,Desktop or Laptop,Windows 10,Chrome 123.0.0.0,1536x1024,1536x855,,,0,End Screen,10,,Pass,1e-2,,,,,Spreadsheet1,1,End,Rusp Question,bed5c4,4,response,OTHERS IN TRIO,1866.800000000003,4916.800000000003,4931.000000047687,1866.800000000003,4916.800000000003,4931.000000047687,1,1866.800000000003,3064.2000000476837,0,,Single Text Entry,Rusp Response,2,object-27,End,
8,1712397836235,06/04/2024 10:03:56,1712401436235,1,06/04/2024 12:03:56,139619,19,task-ln4n,,36791460,BLIND,10848127,,complete,,6611198c4d49d087dca76a70,computer,Desktop or Laptop,Windows 10,Chrome 123.0.0.0,1536x1024,1536x855,,,0,End Screen,10,,Pass,1e-2,,,,,Spreadsheet1,1,End,Woux Question,sjwn2l,5,response,OTHERS,1966.699999999997,3500.199999999997,3506,1966.699999999997,3500.199999999997,3506,1,1966.699999999997,1539.300000000003,0,,Single Text Entry,Woux Response,2,object-33,End,
9,1712397841040,06/04/2024 10:04:01,1712401441040,1,06/04/2024 12:04:01,139619,19,task-ln4n,,36791460,BLIND,10848127,,complete,,6611198c4d49d087dca76a70,computer,Desktop or Laptop,Windows 10,Chrome 123.0.0.0,1536x1024,1536x855,,,0,End Screen,10,,Pass,1e-2,,,,,Spreadsheet1,1,End,Zeth Question,1zn881,6,response,OTHERS,3166.9000000000015,4800.300000000003,4810.8999999046355,3166.9000000000015,4800.300000000003,4810.8999999046355,1,3166.9000000000015,1643.999999904634,0,,Single Text Entry,Zeth Response,2,object-37,End,
10,1712397842622,06/04/2024 10:04:02,1712401442622,1,06/04/2024 12:04:02,139619,19,task-ln4n,,36791460,BLIND,10848127,,complete,,6611198c4d49d087dca76a70,computer,Desktop or Laptop,Windows 10,Chrome 123.0.0.0,1536x1024,1536x855,,,0,End Screen,10,,Pass,1e-2,,,,,Spreadsheet1,1,End,Screen 1,otfijt,7,continue,,1592.2999999523163,1583.300000000003,1592.2999999523163,1592.2999999523163,1583.300000000003,1592.2999999523163,1,1592.2999999523163,0,0,,Click To Continue,Continue Button,2,object-4,End,
11,1712397842623,06/04/2024 10:04:02,1712401442623,1,06/04/2024 12:04:02,139619,19,task-ln4n,,36791460,BLIND,10848127,,complete,,6611198c4d49d087dca76a70,computer,Desktop or Laptop,Windows 10,Chrome 123.0.0.0,1536x1024,1536x855,,,0,End Screen,10,,Pass,1e-2,,,,,Spreadsheet1,,,,,,5,END,,,,,,,0,,,,,,,,,,
1,1712398497250,06/04/2024 10:14:57,1712402097250,1,06/04/2024 12:14:57,139619,19,task-ln4n,,36791644,BLIND,10848110,,complete,,661118ac0bd3c1535478eb73,computer,Desktop or Laptop,Windows 10,Edge 123.0.0.0,1920x1080,1912x966,,,0,End Screen,10,,Pass,1e-2,,,,,Spreadsheet1,,,,,,5,BEGIN,,,,,,,0,,,,,,,,,,
2,1712398505764,06/04/2024 10:15:05,1712402105764,1,06/04/2024 12:15:05,139619,19,task-ln4n,,36791644,BLIND,10848110,,complete,,661118ac0bd3c1535478eb73,computer,Desktop or Laptop,Windows 10,Edge 123.0.0.0,1920x1080,1912x966,,,0,End Screen,10,,Pass,1e-2,,,,,Spreadsheet1,1,End,Attention Check 7,4j4xks,1,continue,,8523.475999999442,8516.576000000001,8523.475999999442,8523.475999999442,8516.576000000001,8523.475999999442,0,8523.475999999442,0,0,,Click To Continue,Continue Button,2,object-8,End,
3,1712398505767,06/04/2024 10:15:05,1712402105767,1,06/04/2024 12:15:05,139619,19,task-ln4n,,36791644,BLIND,10848110,,complete,,661118ac0bd3c1535478eb73,computer,Desktop or Laptop,Windows 10,Edge 123.0.0.0,1920x1080,1912x966,,,0,End Screen,10,,Pass,1e-2,,,,,Spreadsheet1,1,End,Attention Check 7,4j4xks,1,response,Pumpkin Pasties,5383.276,8516.576000000001,8526.776000000187,5383.276,8516.576000000001,8526.776000000187,1,5383.276,3143.5000000001874,0,,Dropdown,Dropdown,4,object-10,End,
4,1712398523755,06/04/2024 10:15:23,1712402123755,1,06/04/2024 12:15:23,139619,19,task-ln4n,,36791644,BLIND,10848110,,complete,,661118ac0bd3c1535478eb73,computer,Desktop or Laptop,Windows 10,Edge 123.0.0.0,1920x1080,1912x966,,,0,End Screen,10,,Pass,1e-2,,,,,Spreadsheet1,1,End,Attention Check 8,hervnh,2,continue,,17998.299999999814,17983.2,17998.299999999814,17998.299999999814,17983.2,17998.299999999814,0,17998.299999999814,0,0,,Click To Continue,Continue Button,2,object-14,End,
5,1712398523757,06/04/2024 10:15:23,1712402123757,1,06/04/2024 12:15:23,139619,19,task-ln4n,,36791644,BLIND,10848110,,complete,,661118ac0bd3c1535478eb73,computer,Desktop or Laptop,Windows 10,Edge 123.0.0.0,1920x1080,1912x966,,,0,End Screen,10,,Pass,1e-2,,,,,Spreadsheet1,1,End,Attention Check 8,hervnh,2,response,Nimbus Two Thousand,12199.900000000001,17983.2,17999.4,12199.900000000001,17983.2,17999.4,1,12199.900000000001,5799.5,0,,Dropdown,Attention Check 6,3,object-15,End,
6,1712398537806,06/04/2024 10:15:37,1712402137806,1,06/04/2024 12:15:37,139619,19,task-ln4n,,36791644,BLIND,10848110,,complete,,661118ac0bd3c1535478eb73,computer,Desktop or Laptop,Windows 10,Edge 123.0.0.0,1920x1080,1912x966,,,0,End Screen,10,,Pass,1e-2,,,,,Spreadsheet1,1,End,Fich Question,old87p,3,response,THEY,9849.899999999998,14049.899999999998,14065.399999999627,9849.899999999998,14049.899999999998,14065.399999999627,1,9849.899999999998,4215.499999999629,0,,Single Text Entry,Fich Response,2,object-22,End,
7,1712398544503,06/04/2024 10:15:44,1712402144503,1,06/04/2024 12:15:44,139619,19,task-ln4n,,36791644,BLIND,10848110,,complete,,661118ac0bd3c1535478eb73,computer,Desktop or Laptop,Windows 10,Edge 123.0.0.0,1920x1080,1912x966,,,0,End Screen,10,,Pass,1e-2,,,,,Spreadsheet1,1,End,Rusp Question,bed5c4,4,response,I,6150,6699.9000000000015,6713.299999999443,6150,6699.9000000000015,6713.299999999443,1,6150,563.2999999994427,0,,Single Text Entry,Rusp Response,2,object-27,End,
8,1712398548719,06/04/2024 10:15:48,1712402148719,1,06/04/2024 12:15:48,139619,19,task-ln4n,,36791644,BLIND,10848110,,complete,,661118ac0bd3c1535478eb73,computer,Desktop or Laptop,Windows 10,Edge 123.0.0.0,1920x1080,1912x966,,,0,End Screen,10,,Pass,1e-2,,,,,Spreadsheet1,1,End,Woux Question,sjwn2l,5,response,WON'T,2266.699999999997,4216.5999999999985,4229.399999999441,2266.699999999997,4216.5999999999985,4229.399999999441,1,2266.699999999997,1962.6999999994441,0,,Single Text Entry,Woux Response,2,object-33,End,
9,1712398555380,06/04/2024 10:15:55,1712402155380,1,06/04/2024 12:15:55,139619,19,task-ln4n,,36791644,BLIND,10848110,,complete,,661118ac0bd3c1535478eb73,computer,Desktop or Laptop,Windows 10,Edge 123.0.0.0,1920x1080,1912x966,,,0,End Screen,10,,Pass,1e-2,,,,,Spreadsheet1,1,End,Zeth Question,1zn881,6,response,WE,4650,6666.5999999999985,6672.999999999629,4650,6666.5999999999985,6672.999999999629,1,4650,2022.999999999629,0,,Single Text Entry,Zeth Response,2,object-37,End,
10,1712398558766,06/04/2024 10:15:58,1712402158766,1,06/04/2024 12:15:58,139619,19,task-ln4n,,36791644,BLIND,10848110,,complete,,661118ac0bd3c1535478eb73,computer,Desktop or Laptop,Windows 10,Edge 123.0.0.0,1920x1080,1912x966,,,0,End Screen,10,,Pass,1e-2,,,,,Spreadsheet1,1,End,Screen 1,otfijt,7,continue,,3393.000000000189,3383.7000000000044,3393.000000000189,3393.000000000189,3383.7000000000044,3393.000000000189,1,3393.000000000189,0,0,,Click To Continue,Continue Button,2,object-4,End,
11,1712398558768,06/04/2024 10:15:58,1712402158768,1,06/04/2024 12:15:58,139619,19,task-ln4n,,36791644,BLIND,10848110,,complete,,661118ac0bd3c1535478eb73,computer,Desktop or Laptop,Windows 10,Edge 123.0.0.0,1920x1080,1912x966,,,0,End Screen,10,,Pass,1e-2,,,,,Spreadsheet1,,,,,,5,END,,,,,,,0,,,,,,,,,,
1,1712399541337,06/04/2024 10:32:21,1712403141337,1,06/04/2024 12:32:21,139619,19,task-ln4n,,36791956,BLIND,10848214,,complete,,66111d3d6ad08000b1bee609,computer,Desktop or Laptop,Mac OS 10.15.7,Chrome 123.0.0.0,1280x800,1237x585,,,0,End Screen,10,,Pass,1e-2,,,,,Spreadsheet1,,,,,,5,BEGIN,,,,,,,0,,,,,,,,,,
2,1712399551507,06/04/2024 10:32:31,1712403151507,1,06/04/2024 12:32:31,139619,19,task-ln4n,,36791956,BLIND,10848214,,complete,,66111d3d6ad08000b1bee609,computer,Desktop or Laptop,Mac OS 10.15.7,Chrome 123.0.0.0,1280x800,1237x585,,,0,End Screen,10,,Pass,1e-2,,,,,Spreadsheet1,1,End,Attention Check 7,4j4xks,1,continue,,10187.400000000001,10170.6,10187.400000000001,10187.400000000001,10170.6,10187.400000000001,0,10187.400000000001,0,0,,Click To Continue,Continue Button,2,object-8,End,
3,1712399551509,06/04/2024 10:32:31,1712403151509,1,06/04/2024 12:32:31,139619,19,task-ln4n,,36791956,BLIND,10848214,,complete,,66111d3d6ad08000b1bee609,computer,Desktop or Laptop,Mac OS 10.15.7,Chrome 123.0.0.0,1280x800,1237x585,,,0,End Screen,10,,Pass,1e-2,,,,,Spreadsheet1,1,End,Attention Check 7,4j4xks,1,response,Pumpkin Pasties,9037.3,10170.6,10187.400000000001,9037.3,10170.6,10187.400000000001,1,9037.3,1150.1000000000022,0,,Dropdown,Dropdown,4,object-10,End,
4,1712399611239,06/04/2024 10:33:31,1712403211239,1,06/04/2024 12:33:31,139619,19,task-ln4n,,36791956,BLIND,10848214,,complete,,66111d3d6ad08000b1bee609,computer,Desktop or Laptop,Mac OS 10.15.7,Chrome 123.0.0.0,1280x800,1237x585,,,0,End Screen,10,,Pass,1e-2,,,,,Spreadsheet1,1,End,Attention Check 8,hervnh,2,continue,,59748.09999999702,59745.7,59748.09999999702,59748.09999999702,59745.7,59748.09999999702,0,59748.09999999702,0,0,,Click To Continue,Continue Button,2,object-14,End,
5,1712399611241,06/04/2024 10:33:31,1712403211241,1,06/04/2024 12:33:31,139619,19,task-ln4n,,36791956,BLIND,10848214,,complete,,66111d3d6ad08000b1bee609,computer,Desktop or Laptop,Mac OS 10.15.7,Chrome 123.0.0.0,1280x800,1237x585,,,0,End Screen,10,,Pass,1e-2,,,,,Spreadsheet1,1,End,Attention Check 8,hervnh,2,response,Nimbus Two Thousand,32065.999999999996,59745.7,59750.59999999702,32065.999999999996,59745.7,59750.59999999702,1,32065.999999999996,27684.599999997026,0,,Dropdown,Attention Check 6,3,object-15,End,
6,1712399646938,06/04/2024 10:34:06,1712403246938,1,06/04/2024 12:34:06,139619,19,task-ln4n,,36791956,BLIND,10848214,,complete,,66111d3d6ad08000b1bee609,computer,Desktop or Laptop,Mac OS 10.15.7,Chrome 123.0.0.0,1280x800,1237x585,,,0,End Screen,10,,Pass,1e-2,,,,,Spreadsheet1,1,End,Fich Question,old87p,3,response,I thought it meant flinch like to jerk in startle,8369.600000000006,35699.3,35701.69999999777,8369.600000000006,35699.3,35701.69999999777,1,8369.600000000006,27332.099999997765,0,,Single Text Entry,Fich Response,2,object-22,End,
7,1712399657571,06/04/2024 10:34:17,1712403257571,1,06/04/2024 12:34:17,139619,19,task-ln4n,,36791956,BLIND,10848214,,complete,,66111d3d6ad08000b1bee609,computer,Desktop or Laptop,Mac OS 10.15.7,Chrome 123.0.0.0,1280x800,1237x585,,,0,End Screen,10,,Pass,1e-2,,,,,Spreadsheet1,1,End,Rusp Question,bed5c4,4,response,Someone's name,4068.600000000006,10622.699999999997,10634.399999997768,4068.600000000006,10622.699999999997,10634.399999997768,1,4068.600000000006,6565.799999997762,0,,Single Text Entry,Rusp Response,2,object-27,End,
8,1712399665672,06/04/2024 10:34:25,1712403265672,1,06/04/2024 12:34:25,139619,19,task-ln4n,,36791956,BLIND,10848214,,complete,,66111d3d6ad08000b1bee609,computer,Desktop or Laptop,Mac OS 10.15.7,Chrome 123.0.0.0,1280x800,1237x585,,,0,End Screen,10,,Pass,1e-2,,,,,Spreadsheet1,1,End,Woux Question,sjwn2l,5,response,Nothing came to mind,2750.5,8103.100000000006,8113.499999998516,2750.5,8103.100000000006,8113.499999998516,1,2750.5,5362.999999998516,0,,Single Text Entry,Woux Response,2,object-33,End,
9,1712399672418,06/04/2024 10:34:32,1712403272418,1,06/04/2024 12:34:32,139619,19,task-ln4n,,36791956,BLIND,10848214,,complete,,66111d3d6ad08000b1bee609,computer,Desktop or Laptop,Mac OS 10.15.7,Chrome 123.0.0.0,1280x800,1237x585,,,0,End Screen,10,,Pass,1e-2,,,,,Spreadsheet1,1,End,Zeth Question,1zn881,6,response,Someone's name,2318.600000000006,6737.299999999988,6754.999999999971,2318.600000000006,6737.299999999988,6754.999999999971,1,2318.600000000006,4436.399999999965,0,,Single Text Entry,Zeth Response,2,object-37,End,
10,1712399676994,06/04/2024 10:34:36,1712403276994,1,06/04/2024 12:34:36,139619,19,task-ln4n,,36791956,BLIND,10848214,,complete,,66111d3d6ad08000b1bee609,computer,Desktop or Laptop,Mac OS 10.15.7,Chrome 123.0.0.0,1280x800,1237x585,,,0,End Screen,10,,Pass,1e-2,,,,,Spreadsheet1,1,End,Screen 1,otfijt,7,continue,,4594.5999999985215,4584.700000000012,4594.5999999985215,4594.5999999985215,4584.700000000012,4594.5999999985215,1,4594.5999999985215,0,0,,Click To Continue,Continue Button,2,object-4,End,
11,1712399676995,06/04/2024 10:34:36,1712403276995,1,06/04/2024 12:34:36,139619,19,task-ln4n,,36791956,BLIND,10848214,,complete,,66111d3d6ad08000b1bee609,computer,Desktop or Laptop,Mac OS 10.15.7,Chrome 123.0.0.0,1280x800,1237x585,,,0,End Screen,10,,Pass,1e-2,,,,,Spreadsheet1,,,,,,5,END,,,,,,,0,,,,,,,,,,
1,1712399958917,06/04/2024 10:39:18,1712403558917,1,06/04/2024 12:39:18,139619,19,task-ln4n,,36792085,BLIND,10848251,,complete,,66111ef5e809f4b82dcc9dab,computer,Desktop or Laptop,Windows 10,Chrome 122.0.0.0,1536x864,1920x879,,,0,End Screen,10,,Pass,1e-2,,,,,Spreadsheet1,,,,,,5,BEGIN,,,,,,,0,,,,,,,,,,
2,1712399965666,06/04/2024 10:39:25,1712403565666,1,06/04/2024 12:39:25,139619,19,task-ln4n,,36792085,BLIND,10848251,,complete,,66111ef5e809f4b82dcc9dab,computer,Desktop or Laptop,Windows 10,Chrome 122.0.0.0,1536x864,1920x879,,,0,End Screen,10,,Pass,1e-2,,,,,Spreadsheet1,1,End,Attention Check 7,4j4xks,1,continue,,6776.599999904633,6773.6,6776.599999904633,6776.599999904633,6773.6,6776.599999904633,0,6776.599999904633,0,0,,Click To Continue,Continue Button,2,object-8,End,
3,1712399965667,06/04/2024 10:39:25,1712403565667,1,06/04/2024 12:39:25,139619,19,task-ln4n,,36792085,BLIND,10848251,,complete,,66111ef5e809f4b82dcc9dab,computer,Desktop or Laptop,Windows 10,Chrome 122.0.0.0,1536x864,1920x879,,,0,End Screen,10,,Pass,1e-2,,,,,Spreadsheet1,1,End,Attention Check 7,4j4xks,1,response,Pumpkin Pasties,5522.3,6773.6,6777.299999952316,5522.3,6773.6,6777.299999952316,1,5522.3,1254.999999952316,0,,Dropdown,Dropdown,4,object-10,End,
4,1712399982766,06/04/2024 10:39:42,1712403582766,1,06/04/2024 12:39:42,139619,19,task-ln4n,,36792085,BLIND,10848251,,complete,,66111ef5e809f4b82dcc9dab,computer,Desktop or Laptop,Windows 10,Chrome 122.0.0.0,1536x864,1920x879,,,0,End Screen,10,,Pass,1e-2,,,,,Spreadsheet1,1,End,Attention Check 8,hervnh,2,continue,,17102.9,17100.300000000003,17102.9,17102.9,17100.300000000003,17102.9,0,17102.9,0,0,,Click To Continue,Continue Button,2,object-14,End,
5,1712399982768,06/04/2024 10:39:42,1712403582768,1,06/04/2024 12:39:42,139619,19,task-ln4n,,36792085,BLIND,10848251,,complete,,66111ef5e809f4b82dcc9dab,computer,Desktop or Laptop,Windows 10,Chrome 122.0.0.0,1536x864,1920x879,,,0,End Screen,10,,Pass,1e-2,,,,,Spreadsheet1,1,End,Attention Check 8,hervnh,2,response,Nimbus Two Thousand,14163.999999999998,17100.300000000003,17104.699999952318,14163.999999999998,17100.300000000003,17104.699999952318,1,14163.999999999998,2940.6999999523196,0,,Dropdown,Attention Check 6,3,object-15,End,
6,1712399989501,06/04/2024 10:39:49,1712403589501,1,06/04/2024 12:39:49,139619,19,task-ln4n,,36792085,BLIND,10848251,,complete,,66111ef5e809f4b82dcc9dab,computer,Desktop or Laptop,Windows 10,Chrome 122.0.0.0,1536x864,1920x879,,,0,End Screen,10,,Pass,1e-2,,,,,Spreadsheet1,1,End,Fich Question,old87p,3,response,THEY,4036.899999999998,6722.899999999998,6737.499999856947,4036.899999999998,6722.899999999998,6737.499999856947,1,4036.899999999998,2700.5999998569496,0,,Single Text Entry,Fich Response,2,object-22,End,
7,1712399995455,06/04/2024 10:39:55,1712403595455,1,06/04/2024 12:39:55,139619,19,task-ln4n,,36792085,BLIND,10848251,,complete,,66111ef5e809f4b82dcc9dab,computer,Desktop or Laptop,Windows 10,Chrome 122.0.0.0,1536x864,1920x879,,,0,End Screen,10,,Pass,1e-2,,,,,Spreadsheet1,1,End,Rusp Question,bed5c4,4,response,YOU ,1751.7999999999993,5956.299999999999,5969.200000000001,1751.7999999999993,5956.299999999999,5969.200000000001,1,1751.7999999999993,4217.4000000000015,0,,Single Text Entry,Rusp Response,2,object-27,End,
8,1712399998718,06/04/2024 10:39:58,1712403598718,1,06/04/2024 12:39:58,139619,19,task-ln4n,,36792085,BLIND,10848251,,complete,,66111ef5e809f4b82dcc9dab,computer,Desktop or Laptop,Windows 10,Chrome 122.0.0.0,1536x864,1920x879,,,0,End Screen,10,,Pass,1e-2,,,,,Spreadsheet1,1,End,Woux Question,sjwn2l,5,response,WE,1701.7000000000044,3269.9000000000015,3275.1999999523177,1701.7000000000044,3269.9000000000015,3275.1999999523177,1,1701.7000000000044,1573.4999999523134,0,,Single Text Entry,Woux Response,2,object-33,End,
9,1712400002251,06/04/2024 10:40:02,1712403602251,1,06/04/2024 12:40:02,139619,19,task-ln4n,,36792085,BLIND,10848251,,complete,,66111ef5e809f4b82dcc9dab,computer,Desktop or Laptop,Windows 10,Chrome 122.0.0.0,1536x864,1920x879,,,0,End Screen,10,,Pass,1e-2,,,,,Spreadsheet1,1,End,Zeth Question,1zn881,6,response,I,1801.4000000000015,3519.699999999997,3536.399999999994,1801.4000000000015,3519.699999999997,3536.399999999994,1,1801.4000000000015,1734.9999999999927,0,,Single Text Entry,Zeth Response,2,object-37,End,
10,1712400005022,06/04/2024 10:40:05,1712403605022,1,06/04/2024 12:40:05,139619,19,task-ln4n,,36792085,BLIND,10848251,,complete,,66111ef5e809f4b82dcc9dab,computer,Desktop or Laptop,Windows 10,Chrome 122.0.0.0,1536x864,1920x879,,,0,End Screen,10,,Pass,1e-2,,,,,Spreadsheet1,1,End,Screen 1,otfijt,7,continue,,2789.8999999046355,2786.4000000000015,2789.8999999046355,2789.8999999046355,2786.4000000000015,2789.8999999046355,1,2789.8999999046355,0,0,,Click To Continue,Continue Button,2,object-4,End,
11,1712400005023,06/04/2024 10:40:05,1712403605023,1,06/04/2024 12:40:05,139619,19,task-ln4n,,36792085,BLIND,10848251,,complete,,66111ef5e809f4b82dcc9dab,computer,Desktop or Laptop,Windows 10,Chrome 122.0.0.0,1536x864,1920x879,,,0,End Screen,10,,Pass,1e-2,,,,,Spreadsheet1,,,,,,5,END,,,,,,,0,,,,,,,,,,
1,1712400962158,06/04/2024 10:56:02,1712404562158,1,06/04/2024 12:56:02,139619,19,task-ln4n,,36792335,BLIND,10848376,,complete,,66112475422e0ff35144de47,computer,Desktop or Laptop,Mac OS 10.15.7,Chrome 123.0.0.0,1512x982,1281x823,,,0,End Screen,10,,Pass,1e-2,,,,,Spreadsheet1,,,,,,5,BEGIN,,,,,,,0,,,,,,,,,,
2,1712400967920,06/04/2024 10:56:07,1712404567920,1,06/04/2024 12:56:07,139619,19,task-ln4n,,36792335,BLIND,10848376,,complete,,66112475422e0ff35144de47,computer,Desktop or Laptop,Mac OS 10.15.7,Chrome 123.0.0.0,1512x982,1281x823,,,0,End Screen,10,,Pass,1e-2,,,,,Spreadsheet1,1,End,Attention Check 7,4j4xks,1,continue,,6306.9,6299,6306.9,6306.9,6299,6306.9,0,6306.9,0,0,,Click To Continue,Continue Button,2,object-8,End,
3,1712400967921,06/04/2024 10:56:07,1712404567921,1,06/04/2024 12:56:07,139619,19,task-ln4n,,36792335,BLIND,10848376,,complete,,66112475422e0ff35144de47,computer,Desktop or Laptop,Mac OS 10.15.7,Chrome 123.0.0.0,1512x982,1281x823,,,0,End Screen,10,,Pass,1e-2,,,,,Spreadsheet1,1,End,Attention Check 7,4j4xks,1,response,Pumpkin Pasties,4357.8,6299,6306.9,4357.8,6299,6306.9,1,4357.8,1949.0999999999995,0,,Dropdown,Dropdown,4,object-10,End,
4,1712400979344,06/04/2024 10:56:19,1712404579344,1,06/04/2024 12:56:19,139619,19,task-ln4n,,36792335,BLIND,10848376,,complete,,66112475422e0ff35144de47,computer,Desktop or Laptop,Mac OS 10.15.7,Chrome 123.0.0.0,1512x982,1281x823,,,0,End Screen,10,,Pass,1e-2,,,,,Spreadsheet1,1,End,Attention Check 8,hervnh,2,continue,,11435.700000286102,11433.7,11435.700000286102,11435.700000286102,11433.7,11435.700000286102,0,11435.700000286102,0,0,,Click To Continue,Continue Button,2,object-14,End,
5,1712400979347,06/04/2024 10:56:19,1712404579347,1,06/04/2024 12:56:19,139619,19,task-ln4n,,36792335,BLIND,10848376,,complete,,66112475422e0ff35144de47,computer,Desktop or Laptop,Mac OS 10.15.7,Chrome 123.0.0.0,1512x982,1281x823,,,0,End Screen,10,,Pass,1e-2,,,,,Spreadsheet1,1,End,Attention Check 8,hervnh,2,response,Nimbus Two Thousand,5491.299999999999,11433.7,11438,5491.299999999999,11433.7,11438,1,5491.299999999999,5946.700000000001,0,,Dropdown,Attention Check 6,3,object-15,End,
6,1712400988796,06/04/2024 10:56:28,1712404588796,1,06/04/2024 12:56:28,139619,19,task-ln4n,,36792335,BLIND,10848376,,complete,,66112475422e0ff35144de47,computer,Desktop or Laptop,Mac OS 10.15.7,Chrome 123.0.0.0,1512x982,1281x823,,,0,End Screen,10,,Pass,1e-2,,,,,Spreadsheet1,1,End,Fich Question,old87p,3,response,THEY,7350,9449.7,9453.100000190734,7350,9449.7,9453.100000190734,1,7350,2103.100000190734,0,,Single Text Entry,Fich Response,2,object-22,End,
7,1712401001120,06/04/2024 10:56:41,1712404601120,1,06/04/2024 12:56:41,139619,19,task-ln4n,,36792335,BLIND,10848376,,complete,,66112475422e0ff35144de47,computer,Desktop or Laptop,Mac OS 10.15.7,Chrome 123.0.0.0,1512x982,1281x823,,,0,End Screen,10,,Pass,1e-2,,,,,Spreadsheet1,1,End,Rusp Question,bed5c4,4,response,THEY,11058.699999999997,12317,12325.700000000004,11058.699999999997,12317,12325.700000000004,1,11058.699999999997,1267.0000000000073,0,,Single Text Entry,Rusp Response,2,object-27,End,
8,1712401003404,06/04/2024 10:56:43,1712404603404,1,06/04/2024 12:56:43,139619,19,task-ln4n,,36792335,BLIND,10848376,,complete,,66112475422e0ff35144de47,computer,Desktop or Laptop,Mac OS 10.15.7,Chrome 123.0.0.0,1512x982,1281x823,,,0,End Screen,10,,Pass,1e-2,,,,,Spreadsheet1,1,End,Woux Question,sjwn2l,5,response,WE,1375.0999999999985,2291.699999999997,2294.800000286101,1375.0999999999985,2291.699999999997,2294.800000286101,1,1375.0999999999985,919.7000002861023,0,,Single Text Entry,Woux Response,2,object-33,End,
9,1712401007170,06/04/2024 10:56:47,1712404607170,1,06/04/2024 12:56:47,139619,19,task-ln4n,,36792335,BLIND,10848376,,complete,,66112475422e0ff35144de47,computer,Desktop or Laptop,Mac OS 10.15.7,Chrome 123.0.0.0,1512x982,1281x823,,,0,End Screen,10,,Pass,1e-2,,,,,Spreadsheet1,1,End,Zeth Question,1zn881,6,response,WE,2891.5999999999985,3766.5999999999985,3769.499999904634,2891.5999999999985,3766.5999999999985,3769.499999904634,1,2891.5999999999985,877.8999999046355,0,,Single Text Entry,Zeth Response,2,object-37,End,
10,1712401009186,06/04/2024 10:56:49,1712404609186,1,06/04/2024 12:56:49,139619,19,task-ln4n,,36792335,BLIND,10848376,,complete,,66112475422e0ff35144de47,computer,Desktop or Laptop,Mac OS 10.15.7,Chrome 123.0.0.0,1512x982,1281x823,,,0,End Screen,10,,Pass,1e-2,,,,,Spreadsheet1,1,End,Screen 1,otfijt,7,continue,,2016.800000000003,2008.300000000003,2016.800000000003,2016.800000000003,2008.300000000003,2016.800000000003,1,2016.800000000003,0,0,,Click To Continue,Continue Button,2,object-4,End,
11,1712401009188,06/04/2024 10:56:49,1712404609188,1,06/04/2024 12:56:49,139619,19,task-ln4n,,36792335,BLIND,10848376,,complete,,66112475422e0ff35144de47,computer,Desktop or Laptop,Mac OS 10.15.7,Chrome 123.0.0.0,1512x982,1281x823,,,0,End Screen,10,,Pass,1e-2,,,,,Spreadsheet1,,,,,,5,END,,,,,,,0,,,,,,,,,,
1,1712402514687,06/04/2024 11:21:54,1712406114687,1,06/04/2024 13:21:54,139619,19,task-ln4n,,36792793,BLIND,10848347,,complete,,661123705d4f9f30f20c94da,computer,Desktop or Laptop,Windows 10,Chrome 107.0.0.0,1366x768,1366x625,,,0,End Screen,10,,Pass,1e-2,,,,,Spreadsheet1,,,,,,5,BEGIN,,,,,,,0,,,,,,,,,,
2,1712402526614,06/04/2024 11:22:06,1712406126614,1,06/04/2024 13:22:06,139619,19,task-ln4n,,36792793,BLIND,10848347,,complete,,661123705d4f9f30f20c94da,computer,Desktop or Laptop,Windows 10,Chrome 107.0.0.0,1366x768,1366x625,,,0,End Screen,10,,Pass,1e-2,,,,,Spreadsheet1,1,End,Attention Check 7,4j4xks,1,continue,,11948.48200152588,11935.621000000001,11948.48200152588,11948.48200152588,11935.621000000001,11948.48200152588,0,11948.48200152588,0,0,,Click To Continue,Continue Button,2,object-8,End,
3,1712402526620,06/04/2024 11:22:06,1712406126620,1,06/04/2024 13:22:06,139619,19,task-ln4n,,36792793,BLIND,10848347,,complete,,661123705d4f9f30f20c94da,computer,Desktop or Laptop,Windows 10,Chrome 107.0.0.0,1366x768,1366x625,,,0,End Screen,10,,Pass,1e-2,,,,,Spreadsheet1,1,End,Attention Check 7,4j4xks,1,response,Pumpkin Pasties,6120.917,11935.621000000001,11952.291000000001,6120.917,11935.621000000001,11952.291000000001,1,6120.917,5831.374000000001,0,,Dropdown,Dropdown,4,object-10,End,
4,1712402539900,06/04/2024 11:22:19,1712406139900,1,06/04/2024 13:22:19,139619,19,task-ln4n,,36792793,BLIND,10848347,,complete,,661123705d4f9f30f20c94da,computer,Desktop or Laptop,Windows 10,Chrome 107.0.0.0,1366x768,1366x625,,,0,End Screen,10,,Pass,1e-2,,,,,Spreadsheet1,1,End,Attention Check 8,hervnh,2,continue,,13307.261003051757,13296.874,13307.261003051757,13307.261003051757,13296.874,13307.261003051757,0,13307.261003051757,0,0,,Click To Continue,Continue Button,2,object-14,End,
5,1712402539904,06/04/2024 11:22:19,1712406139904,1,06/04/2024 13:22:19,139619,19,task-ln4n,,36792793,BLIND,10848347,,complete,,661123705d4f9f30f20c94da,computer,Desktop or Laptop,Windows 10,Chrome 107.0.0.0,1366x768,1366x625,,,0,End Screen,10,,Pass,1e-2,,,,,Spreadsheet1,1,End,Attention Check 8,hervnh,2,response,Nimbus Two Thousand,11688.308,13296.874,13311.56099847412,11688.308,13296.874,13311.56099847412,1,11688.308,1623.2529984741195,0,,Dropdown,Attention Check 6,3,object-15,End,
6,1712402551236,06/04/2024 11:22:31,1712406151236,1,06/04/2024 13:22:31,139619,19,task-ln4n,,36792793,BLIND,10848347,,complete,,661123705d4f9f30f20c94da,computer,Desktop or Laptop,Windows 10,Chrome 107.0.0.0,1366x768,1366x625,,,0,End Screen,10,,Pass,1e-2,,,,,Spreadsheet1,1,End,Fich Question,old87p,3,response,THEY,7782.362000000001,11330.184000000001,11346.68699847412,7782.362000000001,11330.184000000001,11346.68699847412,1,7782.362000000001,3564.3249984741196,0,,Single Text Entry,Fich Response,2,object-22,End,
7,1712402564883,06/04/2024 11:22:44,1712406164883,1,06/04/2024 13:22:44,139619,19,task-ln4n,,36792793,BLIND,10848347,,complete,,661123705d4f9f30f20c94da,computer,Desktop or Laptop,Windows 10,Chrome 107.0.0.0,1366x768,1366x625,,,0,End Screen,10,,Pass,1e-2,,,,,Spreadsheet1,1,End,Rusp Question,bed5c4,4,response,HE OR SHE,6609.508000000002,13654.684999999998,13663.50299847412,6609.508000000002,13654.684999999998,13663.50299847412,1,6609.508000000002,7053.994998474118,0,,Single Text Entry,Rusp Response,2,object-27,End,
8,1712402570159,06/04/2024 11:22:50,1712406170159,1,06/04/2024 13:22:50,139619,19,task-ln4n,,36792793,BLIND,10848347,,complete,,661123705d4f9f30f20c94da,computer,Desktop or Laptop,Windows 10,Chrome 107.0.0.0,1366x768,1366x625,,,0,End Screen,10,,Pass,1e-2,,,,,Spreadsheet1,1,End,Woux Question,sjwn2l,5,response,WE,3463.2680000000037,5270.9230000000025,5284.718000000001,3463.2680000000037,5270.9230000000025,5284.718000000001,1,3463.2680000000037,1821.449999999997,0,,Single Text Entry,Woux Response,2,object-33,End,
9,1712402581179,06/04/2024 11:23:01,1712406181179,1,06/04/2024 13:23:01,139619,19,task-ln4n,,36792793,BLIND,10848347,,complete,,661123705d4f9f30f20c94da,computer,Desktop or Laptop,Windows 10,Chrome 107.0.0.0,1366x768,1366x625,,,0,End Screen,10,,Pass,1e-2,,,,,Spreadsheet1,1,End,Zeth Question,1zn881,6,response,SHE,5117.684999999998,11027.286999999997,11033.595003051756,5117.684999999998,11027.286999999997,11033.595003051756,1,5117.684999999998,5915.910003051758,0,,Single Text Entry,Zeth Response,2,object-37,End,
10,1712402584983,06/04/2024 11:23:04,1712406184983,1,06/04/2024 13:23:04,139619,19,task-ln4n,,36792793,BLIND,10848347,,complete,,661123705d4f9f30f20c94da,computer,Desktop or Laptop,Windows 10,Chrome 107.0.0.0,1366x768,1366x625,,,0,End Screen,10,,Pass,1e-2,,,,,Spreadsheet1,1,End,Screen 1,otfijt,7,continue,,3811.0080000000016,3795.5179999999964,3811.0080000000016,3811.0080000000016,3795.5179999999964,3811.0080000000016,1,3811.0080000000016,0,0,,Click To Continue,Continue Button,2,object-4,End,
11,1712402584990,06/04/2024 11:23:04,1712406184990,1,06/04/2024 13:23:04,139619,19,task-ln4n,,36792793,BLIND,10848347,,complete,,661123705d4f9f30f20c94da,computer,Desktop or Laptop,Windows 10,Chrome 107.0.0.0,1366x768,1366x625,,,0,End Screen,10,,Pass,1e-2,,,,,Spreadsheet1,,,,,,5,END,,,,,,,0,,,,,,,,,,
1,1712403026545,06/04/2024 11:30:26,1712406626545,1,06/04/2024 13:30:26,139619,19,task-ln4n,,36792958,BLIND,10848462,,complete,,66112a955d4f9f30f20c9680,computer,Desktop or Laptop,Mac OS 10.15.7,Safari 17.2.1,1440x900,1437x715,,,0,End Screen,10,,Pass,1e-2,,,,,Spreadsheet1,,,,,,5,BEGIN,,,,,,,0,,,,,,,,,,
2,1712403032546,06/04/2024 11:30:32,1712406632546,1,06/04/2024 13:30:32,139619,19,task-ln4n,,36792958,BLIND,10848462,,complete,,66112a955d4f9f30f20c9680,computer,Desktop or Laptop,Mac OS 10.15.7,Safari 17.2.1,1440x900,1437x715,,,0,End Screen,10,,Pass,1e-2,,,,,Spreadsheet1,1,End,Attention Check 7,4j4xks,1,continue,,6805,6801,6805,6805,6801,6805,0,6805,0,0,,Click To Continue,Continue Button,2,object-8,End,
3,1712403032547,06/04/2024 11:30:32,1712406632547,1,06/04/2024 13:30:32,139619,19,task-ln4n,,36792958,BLIND,10848462,,complete,,66112a955d4f9f30f20c9680,computer,Desktop or Laptop,Mac OS 10.15.7,Safari 17.2.1,1440x900,1437x715,,,0,End Screen,10,,Pass,1e-2,,,,,Spreadsheet1,1,End,Attention Check 7,4j4xks,1,response,Pumpkin Pasties,5785,6801,6806,5785,6801,6806,1,5785,1021,0,,Dropdown,Dropdown,4,object-10,End,
4,1712403042151,06/04/2024 11:30:42,1712406642151,1,06/04/2024 13:30:42,139619,19,task-ln4n,,36792958,BLIND,10848462,,complete,,66112a955d4f9f30f20c9680,computer,Desktop or Laptop,Mac OS 10.15.7,Safari 17.2.1,1440x900,1437x715,,,0,End Screen,10,,Pass,1e-2,,,,,Spreadsheet1,1,End,Attention Check 8,hervnh,2,continue,,9609,9601,9609,9609,9601,9609,0,9609,0,0,,Click To Continue,Continue Button,2,object-14,End,
5,1712403042155,06/04/2024 11:30:42,1712406642155,1,06/04/2024 13:30:42,139619,19,task-ln4n,,36792958,BLIND,10848462,,complete,,66112a955d4f9f30f20c9680,computer,Desktop or Laptop,Mac OS 10.15.7,Safari 17.2.1,1440x900,1437x715,,,0,End Screen,10,,Pass,1e-2,,,,,Spreadsheet1,1,End,Attention Check 8,hervnh,2,response,Nimbus Two Thousand,9136,9601,9613,9136,9601,9613,1,9136,477,0,,Dropdown,Attention Check 6,3,object-15,End,
6,1712403050853,06/04/2024 11:30:50,1712406650853,1,06/04/2024 13:30:50,139619,19,task-ln4n,,36792958,BLIND,10848462,,complete,,66112a955d4f9f30f20c9680,computer,Desktop or Laptop,Mac OS 10.15.7,Safari 17.2.1,1440x900,1437x715,,,0,End Screen,10,,Pass,1e-2,,,,,Spreadsheet1,1,End,Fich Question,old87p,3,response,I,7099,8700,8710.000000000004,7099,8700,8710.000000000004,1,7099,1611.0000000000036,0,,Single Text Entry,Fich Response,2,object-22,End,
7,1712403055519,06/04/2024 11:30:55,1712406655519,1,06/04/2024 13:30:55,139619,19,task-ln4n,,36792958,BLIND,10848462,,complete,,66112a955d4f9f30f20c9680,computer,Desktop or Laptop,Mac OS 10.15.7,Safari 17.2.1,1440x900,1437x715,,,0,End Screen,10,,Pass,1e-2,,,,,Spreadsheet1,1,End,Rusp Question,bed5c4,4,response,YOU,3232,4666,4676.000000000004,3232,4666,4676.000000000004,1,3232,1444.0000000000036,0,,Single Text Entry,Rusp Response,2,object-27,End,
8,1712403059995,06/04/2024 11:30:59,1712406659995,1,06/04/2024 13:30:59,139619,19,task-ln4n,,36792958,BLIND,10848462,,complete,,66112a955d4f9f30f20c9680,computer,Desktop or Laptop,Mac OS 10.15.7,Safari 17.2.1,1440x900,1437x715,,,0,End Screen,10,,Pass,1e-2,,,,,Spreadsheet1,1,End,Woux Question,sjwn2l,5,response,NO IDEA,1984,4485,4487,1984,4485,4487,1,1984,2503,0,,Single Text Entry,Woux Response,2,object-33,End,
9,1712403062694,06/04/2024 11:31:02,1712406662694,1,06/04/2024 13:31:02,139619,19,task-ln4n,,36792958,BLIND,10848462,,complete,,66112a955d4f9f30f20c9680,computer,Desktop or Laptop,Mac OS 10.15.7,Safari 17.2.1,1440x900,1437x715,,,0,End Screen,10,,Pass,1e-2,,,,,Spreadsheet1,1,End,Zeth Question,1zn881,6,response,NO IDEA,848,2698,2701,848,2698,2701,1,848,1853,0,,Single Text Entry,Zeth Response,2,object-37,End,
10,1712403064696,06/04/2024 11:31:04,1712406664696,1,06/04/2024 13:31:04,139619,19,task-ln4n,,36792958,BLIND,10848462,,complete,,66112a955d4f9f30f20c9680,computer,Desktop or Laptop,Mac OS 10.15.7,Safari 17.2.1,1440x900,1437x715,,,0,End Screen,10,,Pass,1e-2,,,,,Spreadsheet1,1,End,Screen 1,otfijt,7,continue,,2004,2000,2004,2004,2000,2004,1,2004,0,0,,Click To Continue,Continue Button,2,object-4,End,
11,1712403064697,06/04/2024 11:31:04,1712406664697,1,06/04/2024 13:31:04,139619,19,task-ln4n,,36792958,BLIND,10848462,,complete,,66112a955d4f9f30f20c9680,computer,Desktop or Laptop,Mac OS 10.15.7,Safari 17.2.1,1440x900,1437x715,,,0,End Screen,10,,Pass,1e-2,,,,,Spreadsheet1,,,,,,5,END,,,,,,,0,,,,,,,,,,
1,1712406461143,06/04/2024 12:27:41,1712410061143,1,06/04/2024 14:27:41,139619,19,task-ln4n,,36793694,BLIND,10848708,,complete,,661137f3c8caaa823d0d06fa,computer,Desktop or Laptop,Windows 10,Firefox 124.0,1280x720,1280x595,,,0,End Screen,10,,Pass,1e-2,,,,,Spreadsheet1,,,,,,5,BEGIN,,,,,,,0,,,,,,,,,,
2,1712406469822,06/04/2024 12:27:49,1712410069822,1,06/04/2024 14:27:49,139619,19,task-ln4n,,36793694,BLIND,10848708,,complete,,661137f3c8caaa823d0d06fa,computer,Desktop or Laptop,Windows 10,Firefox 124.0,1280x720,1280x595,,,0,End Screen,10,,Pass,1e-2,,,,,Spreadsheet1,1,End,Attention Check 7,4j4xks,1,continue,,8682.32,8667.02,8682.32,8682.32,8667.02,8682.32,0,8682.32,0,0,,Click To Continue,Continue Button,2,object-8,End,
3,1712406469823,06/04/2024 12:27:49,1712410069823,1,06/04/2024 14:27:49,139619,19,task-ln4n,,36793694,BLIND,10848708,,complete,,661137f3c8caaa823d0d06fa,computer,Desktop or Laptop,Windows 10,Firefox 124.0,1280x720,1280x595,,,0,End Screen,10,,Pass,1e-2,,,,,Spreadsheet1,1,End,Attention Check 7,4j4xks,1,response,Pumpkin Pasties,5427.299999999999,8667.02,8683.32,5427.299999999999,8667.02,8683.32,1,5427.299999999999,3256.0200000000004,0,,Dropdown,Dropdown,4,object-10,End,
4,1712406488622,06/04/2024 12:28:08,1712410088622,1,06/04/2024 14:28:08,139619,19,task-ln4n,,36793694,BLIND,10848708,,complete,,661137f3c8caaa823d0d06fa,computer,Desktop or Laptop,Windows 10,Firefox 124.0,1280x720,1280x595,,,0,End Screen,10,,Pass,1e-2,,,,,Spreadsheet1,1,End,Attention Check 8,hervnh,2,continue,,18814.32,18797.64,18814.32,18814.32,18797.64,18814.32,0,18814.32,0,0,,Click To Continue,Continue Button,2,object-14,End,
5,1712406488623,06/04/2024 12:28:08,1712410088623,1,06/04/2024 14:28:08,139619,19,task-ln4n,,36793694,BLIND,10848708,,complete,,661137f3c8caaa823d0d06fa,computer,Desktop or Laptop,Windows 10,Firefox 124.0,1280x720,1280x595,,,0,End Screen,10,,Pass,1e-2,,,,,Spreadsheet1,1,End,Attention Check 8,hervnh,2,response,Nimbus Two Thousand,10801.380000000001,18797.64,18814.32,10801.380000000001,18797.64,18814.32,1,10801.380000000001,8012.939999999999,0,,Dropdown,Attention Check 6,3,object-15,End,
6,1712406507024,06/04/2024 12:28:27,1712410107024,1,06/04/2024 14:28:27,139619,19,task-ln4n,,36793694,BLIND,10848708,,complete,,661137f3c8caaa823d0d06fa,computer,Desktop or Laptop,Windows 10,Firefox 124.0,1280x720,1280x595,,,0,End Screen,10,,Pass,1e-2,,,,,Spreadsheet1,1,End,Fich Question,old87p,3,response,THEM,16193.179999999997,18413.960000000003,18420.66,16193.179999999997,18413.960000000003,18420.66,1,16193.179999999997,2227.480000000003,0,,Single Text Entry,Fich Response,2,object-22,End,
7,1712406525231,06/04/2024 12:28:45,1712410125231,1,06/04/2024 14:28:45,139619,19,task-ln4n,,36793694,BLIND,10848708,,complete,,661137f3c8caaa823d0d06fa,computer,Desktop or Laptop,Windows 10,Firefox 124.0,1280x720,1280x595,,,0,End Screen,10,,Pass,1e-2,,,,,Spreadsheet1,1,End,Rusp Question,bed5c4,4,response,YOU,15976.259999999995,18196.619999999995,18213.299999999996,15976.259999999995,18196.619999999995,18213.299999999996,1,15976.259999999995,2237.040000000001,0,,Single Text Entry,Rusp Response,2,object-27,End,
8,1712406528427,06/04/2024 12:28:48,1712410128427,1,06/04/2024 14:28:48,139619,19,task-ln4n,,36793694,BLIND,10848708,,complete,,661137f3c8caaa823d0d06fa,computer,Desktop or Laptop,Windows 10,Firefox 124.0,1280x720,1280x595,,,0,End Screen,10,,Pass,1e-2,,,,,Spreadsheet1,1,End,Woux Question,sjwn2l,5,response,ME,1936.5599999999977,3206.279999999999,3212.0800000000017,1936.5599999999977,3206.279999999999,3212.0800000000017,1,1936.5599999999977,1275.520000000004,0,,Single Text Entry,Woux Response,2,object-33,End,
9,1712406541655,06/04/2024 12:29:01,1712410141655,1,06/04/2024 14:29:01,139619,19,task-ln4n,,36793694,BLIND,10848708,,complete,,661137f3c8caaa823d0d06fa,computer,Desktop or Laptop,Windows 10,Firefox 124.0,1280x720,1280x595,,,0,End Screen,10,,Pass,1e-2,,,,,Spreadsheet1,1,End,Zeth Question,1zn881,6,response,THEM,11753.279999999999,13221.419999999998,13234.800000000003,11753.279999999999,13221.419999999998,13234.800000000003,1,11753.279999999999,1481.520000000004,0,,Single Text Entry,Zeth Response,2,object-37,End,
10,1712406543707,06/04/2024 12:29:03,1712410143707,1,06/04/2024 14:29:03,139619,19,task-ln4n,,36793694,BLIND,10848708,,complete,,661137f3c8caaa823d0d06fa,computer,Desktop or Laptop,Windows 10,Firefox 124.0,1280x720,1280x595,,,0,End Screen,10,,Pass,1e-2,,,,,Spreadsheet1,1,End,Screen 1,otfijt,7,continue,,2064.3800000000047,2053.9000000000087,2064.3800000000047,2064.3800000000047,2053.9000000000087,2064.3800000000047,1,2064.3800000000047,0,0,,Click To Continue,Continue Button,2,object-4,End,
11,1712406543707,06/04/2024 12:29:03,1712410143707,1,06/04/2024 14:29:03,139619,19,task-ln4n,,36793694,BLIND,10848708,,complete,,661137f3c8caaa823d0d06fa,computer,Desktop or Laptop,Windows 10,Firefox 124.0,1280x720,1280x595,,,0,End Screen,10,,Pass,1e-2,,,,,Spreadsheet1,,,,,,5,END,,,,,,,0,,,,,,,,,,
1,1712415694375,06/04/2024 15:01:34,1712419294375,1,06/04/2024 17:01:34,139619,19,task-ln4n,,36797834,BLIND,10849399,,complete,,66115a27fda85821bf46af6b,computer,Desktop or Laptop,Windows 10,Chrome 123.0.0.0,1920x1080,1920x919,,,0,End Screen,10,,Pass,1e-2,,,,,Spreadsheet1,,,,,,5,BEGIN,,,,,,,0,,,,,,,,,,
2,1712415706535,06/04/2024 15:01:46,1712419306535,1,06/04/2024 17:01:46,139619,19,task-ln4n,,36797834,BLIND,10849399,,complete,,66115a27fda85821bf46af6b,computer,Desktop or Laptop,Windows 10,Chrome 123.0.0.0,1920x1080,1920x919,,,0,End Screen,10,,Pass,1e-2,,,,,Spreadsheet1,1,End,Attention Check 7,4j4xks,1,continue,,12170.599999999627,12166.9,12170.599999999627,12170.599999999627,12166.9,12170.599999999627,0,12170.599999999627,0,0,,Click To Continue,Continue Button,2,object-8,End,
3,1712415706538,06/04/2024 15:01:46,1712419306538,1,06/04/2024 17:01:46,139619,19,task-ln4n,,36797834,BLIND,10849399,,complete,,66115a27fda85821bf46af6b,computer,Desktop or Laptop,Windows 10,Chrome 123.0.0.0,1920x1080,1920x919,,,0,End Screen,10,,Pass,1e-2,,,,,Spreadsheet1,1,End,Attention Check 7,4j4xks,1,response,Pumpkin Pasties,8500.2,12166.9,12173,8500.2,12166.9,12173,1,8500.2,3672.7999999999993,0,,Dropdown,Dropdown,4,object-10,End,
4,1712415731175,06/04/2024 15:02:11,1712419331175,1,06/04/2024 17:02:11,139619,19,task-ln4n,,36797834,BLIND,10849399,,complete,,66115a27fda85821bf46af6b,computer,Desktop or Laptop,Windows 10,Chrome 123.0.0.0,1920x1080,1920x919,,,0,End Screen,10,,Pass,1e-2,,,,,Spreadsheet1,1,End,Attention Check 8,hervnh,2,continue,,24643.6,24634.1,24643.6,24643.6,24634.1,24643.6,0,24643.6,0,0,,Click To Continue,Continue Button,2,object-14,End,
5,1712415731176,06/04/2024 15:02:11,1712419331176,1,06/04/2024 17:02:11,139619,19,task-ln4n,,36797834,BLIND,10849399,,complete,,66115a27fda85821bf46af6b,computer,Desktop or Laptop,Windows 10,Chrome 123.0.0.0,1920x1080,1920x919,,,0,End Screen,10,,Pass,1e-2,,,,,Spreadsheet1,1,End,Attention Check 8,hervnh,2,response,Nimbus Two Thousand,18117.199999999997,24634.1,24644.50000000037,18117.199999999997,24634.1,24644.50000000037,1,18117.199999999997,6527.300000000374,0,,Dropdown,Attention Check 6,3,object-15,End,
6,1712415784102,06/04/2024 15:03:04,1712419384102,1,06/04/2024 17:03:04,139619,19,task-ln4n,,36797834,BLIND,10849399,,complete,,66115a27fda85821bf46af6b,computer,Desktop or Laptop,Windows 10,Chrome 123.0.0.0,1920x1080,1920x919,,,0,End Screen,10,,Pass,1e-2,,,,,Spreadsheet1,1,End,Fich Question,old87p,3,response,A person's name,46634.5,52934.7,52935.90000000037,46634.5,52934.7,52935.90000000037,1,46634.5,6301.4000000003725,0,,Single Text Entry,Fich Response,2,object-22,End,
7,1712415805846,06/04/2024 15:03:25,1712419405846,1,06/04/2024 17:03:25,139619,19,task-ln4n,,36797834,BLIND,10849399,,complete,,66115a27fda85821bf46af6b,computer,Desktop or Laptop,Windows 10,Chrome 123.0.0.0,1920x1080,1920x919,,,0,End Screen,10,,Pass,1e-2,,,,,Spreadsheet1,1,End,Rusp Question,bed5c4,4,response,"I thought it was ""we""",12450.400000000009,21734,21745.300000000003,12450.400000000009,21734,21745.300000000003,1,12450.400000000009,9294.899999999994,0,,Single Text Entry,Rusp Response,2,object-27,End,
8,1712415829774,06/04/2024 15:03:49,1712419429774,1,06/04/2024 17:03:49,139619,19,task-ln4n,,36797834,BLIND,10849399,,complete,,66115a27fda85821bf46af6b,computer,Desktop or Laptop,Windows 10,Chrome 123.0.0.0,1920x1080,1920x919,,,0,End Screen,10,,Pass,1e-2,,,,,Spreadsheet1,1,End,Woux Question,sjwn2l,5,response,The word we'll,17283.800000000003,23933.90000000001,23939.200000000375,17283.800000000003,23933.90000000001,23939.200000000375,1,17283.800000000003,6655.4000000003725,0,,Single Text Entry,Woux Response,2,object-33,End,
9,1712415848205,06/04/2024 15:04:08,1712419448205,1,06/04/2024 17:04:08,139619,19,task-ln4n,,36797834,BLIND,10849399,,complete,,66115a27fda85821bf46af6b,computer,Desktop or Laptop,Windows 10,Chrome 123.0.0.0,1920x1080,1920x919,,,0,End Screen,10,,Pass,1e-2,,,,,Spreadsheet1,1,End,Zeth Question,1zn881,6,response,The world possibly,14167.100000000006,18433.899999999994,18437.300000000367,14167.100000000006,18433.899999999994,18437.300000000367,1,14167.100000000006,4270.200000000361,0,,Single Text Entry,Zeth Response,2,object-37,End,
10,1712415851558,06/04/2024 15:04:11,1712419451558,1,06/04/2024 17:04:11,139619,19,task-ln4n,,36797834,BLIND,10849399,,complete,,66115a27fda85821bf46af6b,computer,Desktop or Laptop,Windows 10,Chrome 123.0.0.0,1920x1080,1920x919,,,0,End Screen,10,,Pass,1e-2,,,,,Spreadsheet1,1,End,Screen 1,otfijt,7,continue,,3356.7000000011176,3350,3356.7000000011176,3356.7000000011176,3350,3356.7000000011176,1,3356.7000000011176,0,0,,Click To Continue,Continue Button,2,object-4,End,
11,1712415851560,06/04/2024 15:04:11,1712419451560,1,06/04/2024 17:04:11,139619,19,task-ln4n,,36797834,BLIND,10849399,,complete,,66115a27fda85821bf46af6b,computer,Desktop or Laptop,Windows 10,Chrome 123.0.0.0,1920x1080,1920x919,,,0,End Screen,10,,Pass,1e-2,,,,,Spreadsheet1,,,,,,5,END,,,,,,,0,,,,,,,,,,
1,1712417716740,06/04/2024 15:35:16,1712421316740,1,06/04/2024 17:35:16,139619,19,task-ln4n,,36798578,BLIND,10850016,,complete,,66116722efa1976a541b0c9f,computer,Desktop or Laptop,Windows 10,Firefox 124.0,2560x1440,2560x1297,,,0,End Screen,10,,Pass,1e-2,,,,,Spreadsheet1,,,,,,5,BEGIN,,,,,,,0,,,,,,,,,,
2,1712417721817,06/04/2024 15:35:21,1712421321817,1,06/04/2024 17:35:21,139619,19,task-ln4n,,36798578,BLIND,10850016,,complete,,66116722efa1976a541b0c9f,computer,Desktop or Laptop,Windows 10,Firefox 124.0,2560x1440,2560x1297,,,0,End Screen,10,,Pass,1e-2,,,,,Spreadsheet1,1,End,Attention Check 7,4j4xks,1,continue,,5083.28,5076.96,5083.28,5083.28,5076.96,5083.28,0,5083.28,0,0,,Click To Continue,Continue Button,2,object-8,End,
3,1712417721818,06/04/2024 15:35:21,1712421321818,1,06/04/2024 17:35:21,139619,19,task-ln4n,,36798578,BLIND,10850016,,complete,,66116722efa1976a541b0c9f,computer,Desktop or Laptop,Windows 10,Firefox 124.0,2560x1440,2560x1297,,,0,End Screen,10,,Pass,1e-2,,,,,Spreadsheet1,1,End,Attention Check 7,4j4xks,1,response,Pumpkin Pasties,4257.38,5076.96,5083.900000000001,4257.38,5076.96,5083.900000000001,1,4257.38,826.5200000000004,0,,Dropdown,Dropdown,4,object-10,End,
4,1712417733732,06/04/2024 15:35:33,1712421333732,1,06/04/2024 17:35:33,139619,19,task-ln4n,,36798578,BLIND,10850016,,complete,,66116722efa1976a541b0c9f,computer,Desktop or Laptop,Windows 10,Firefox 124.0,2560x1440,2560x1297,,,0,End Screen,10,,Pass,1e-2,,,,,Spreadsheet1,1,End,Attention Check 8,hervnh,2,continue,,11920.32,11918.82,11920.32,11920.32,11918.82,11920.32,0,11920.32,0,0,,Click To Continue,Continue Button,2,object-14,End,
5,1712417733734,06/04/2024 15:35:33,1712421333734,1,06/04/2024 17:35:33,139619,19,task-ln4n,,36798578,BLIND,10850016,,complete,,66116722efa1976a541b0c9f,computer,Desktop or Laptop,Windows 10,Firefox 124.0,2560x1440,2560x1297,,,0,End Screen,10,,Pass,1e-2,,,,,Spreadsheet1,1,End,Attention Check 8,hervnh,2,response,Nimbus Two Thousand,11196.46,11918.82,11923.32,11196.46,11918.82,11923.32,1,11196.46,726.8600000000006,0,,Dropdown,Attention Check 6,3,object-15,End,
6,1712417746341,06/04/2024 15:35:46,1712421346341,1,06/04/2024 17:35:46,139619,19,task-ln4n,,36798578,BLIND,10850016,,complete,,66116722efa1976a541b0c9f,computer,Desktop or Laptop,Windows 10,Firefox 124.0,2560x1440,2560x1297,,,0,End Screen,10,,Pass,1e-2,,,,,Spreadsheet1,1,End,Fich Question,old87p,3,response,THOSE,9668.419999999998,12606.439999999999,12612.5,9668.419999999998,12606.439999999999,12612.5,1,9668.419999999998,2944.0800000000017,0,,Single Text Entry,Fich Response,2,object-22,End,
7,1712417757737,06/04/2024 15:35:57,1712421357737,1,06/04/2024 17:35:57,139619,19,task-ln4n,,36798578,BLIND,10850016,,complete,,66116722efa1976a541b0c9f,computer,Desktop or Laptop,Windows 10,Firefox 124.0,2560x1440,2560x1297,,,0,End Screen,10,,Pass,1e-2,,,,,Spreadsheet1,1,End,Rusp Question,bed5c4,4,response,who knows,6383.100000000002,11397.880000000001,11401.060000000001,6383.100000000002,11397.880000000001,11401.060000000001,1,6383.100000000002,5017.959999999999,0,,Single Text Entry,Rusp Response,2,object-27,End,
8,1712417761292,06/04/2024 15:36:01,1712421361292,1,06/04/2024 17:36:01,139619,19,task-ln4n,,36798578,BLIND,10850016,,complete,,66116722efa1976a541b0c9f,computer,Desktop or Laptop,Windows 10,Firefox 124.0,2560x1440,2560x1297,,,0,End Screen,10,,Pass,1e-2,,,,,Spreadsheet1,1,End,Woux Question,sjwn2l,5,response,us,2278.199999999997,3556.199999999997,3559.1800000000003,2278.199999999997,3556.199999999997,3559.1800000000003,1,2278.199999999997,1280.9800000000032,0,,Single Text Entry,Woux Response,2,object-33,End,
9,1712417766630,06/04/2024 15:36:06,1712421366630,1,06/04/2024 17:36:06,139619,19,task-ln4n,,36798578,BLIND,10850016,,complete,,66116722efa1976a541b0c9f,computer,Desktop or Laptop,Windows 10,Firefox 124.0,2560x1440,2560x1297,,,0,End Screen,10,,Pass,1e-2,,,,,Spreadsheet1,1,End,Zeth Question,1zn881,6,response,you,4049.3600000000006,5334.300000000003,5340.980000000003,4049.3600000000006,5334.300000000003,5340.980000000003,1,4049.3600000000006,1291.6200000000026,0,,Single Text Entry,Zeth Response,2,object-37,End,
10,1712417768331,06/04/2024 15:36:08,1712421368331,1,06/04/2024 17:36:08,139619,19,task-ln4n,,36798578,BLIND,10850016,,complete,,66116722efa1976a541b0c9f,computer,Desktop or Laptop,Windows 10,Firefox 124.0,2560x1440,2560x1297,,,0,End Screen,10,,Pass,1e-2,,,,,Spreadsheet1,1,End,Screen 1,otfijt,7,continue,,1707.6800000000003,1701.699999999997,1707.6800000000003,1707.6800000000003,1701.699999999997,1707.6800000000003,1,1707.6800000000003,0,0,,Click To Continue,Continue Button,2,object-4,End,
11,1712417768334,06/04/2024 15:36:08,1712421368334,1,06/04/2024 17:36:08,139619,19,task-ln4n,,36798578,BLIND,10850016,,complete,,66116722efa1976a541b0c9f,computer,Desktop or Laptop,Windows 10,Firefox 124.0,2560x1440,2560x1297,,,0,End Screen,10,,Pass,1e-2,,,,,Spreadsheet1,,,,,,5,END,,,,,,,0,,,,,,,,,,
1,1712438292736,06/04/2024 21:18:12,1712441892736,1,06/04/2024 23:18:12,139619,19,task-ln4n,,36803624,BLIND,10851946,,complete,,6611b8abe15620c70b3fd774,computer,Desktop or Laptop,Windows 10,Chrome 123.0.0.0,1920x1080,1920x953,,,0,End Screen,10,,Pass,1e-2,,,,,Spreadsheet1,,,,,,5,BEGIN,,,,,,,0,,,,,,,,,,
2,1712438298276,06/04/2024 21:18:18,1712441898276,1,06/04/2024 23:18:18,139619,19,task-ln4n,,36803624,BLIND,10851946,,complete,,6611b8abe15620c70b3fd774,computer,Desktop or Laptop,Windows 10,Chrome 123.0.0.0,1920x1080,1920x953,,,0,End Screen,10,,Pass,1e-2,,,,,Spreadsheet1,1,End,Attention Check 7,4j4xks,1,continue,,5549.608000011921,5533.108,5549.608000011921,5549.608000011921,5533.108,5549.608000011921,0,5549.608000011921,0,0,,Click To Continue,Continue Button,2,object-8,End,
3,1712438298277,06/04/2024 21:18:18,1712441898277,1,06/04/2024 23:18:18,139619,19,task-ln4n,,36803624,BLIND,10851946,,complete,,6611b8abe15620c70b3fd774,computer,Desktop or Laptop,Windows 10,Chrome 123.0.0.0,1920x1080,1920x953,,,0,End Screen,10,,Pass,1e-2,,,,,Spreadsheet1,1,End,Attention Check 7,4j4xks,1,response,Pumpkin Pasties,4616.508,5533.108,5549.7080000000005,4616.508,5533.108,5549.7080000000005,1,4616.508,933.2000000000007,0,,Dropdown,Dropdown,4,object-10,End,
4,1712438308170,06/04/2024 21:18:28,1712441908170,1,06/04/2024 23:18:28,139619,19,task-ln4n,,36803624,BLIND,10851946,,complete,,6611b8abe15620c70b3fd774,computer,Desktop or Laptop,Windows 10,Chrome 123.0.0.0,1920x1080,1920x953,,,0,End Screen,10,,Pass,1e-2,,,,,Spreadsheet1,1,End,Attention Check 8,hervnh,2,continue,,9911.500000011922,9899.8,9911.500000011922,9911.500000011922,9899.8,9911.500000011922,0,9911.500000011922,0,0,,Click To Continue,Continue Button,2,object-14,End,
5,1712438308173,06/04/2024 21:18:28,1712441908173,1,06/04/2024 23:18:28,139619,19,task-ln4n,,36803624,BLIND,10851946,,complete,,6611b8abe15620c70b3fd774,computer,Desktop or Laptop,Windows 10,Chrome 123.0.0.0,1920x1080,1920x953,,,0,End Screen,10,,Pass,1e-2,,,,,Spreadsheet1,1,End,Attention Check 8,hervnh,2,response,Nimbus Two Thousand,8449.900000000001,9899.8,9914.29999999404,8449.900000000001,9899.8,9914.29999999404,1,8449.900000000001,1464.3999999940388,0,,Dropdown,Attention Check 6,3,object-15,End,
6,1712438317344,06/04/2024 21:18:37,1712441917344,1,06/04/2024 23:18:37,139619,19,task-ln4n,,36803624,BLIND,10851946,,complete,,6611b8abe15620c70b3fd774,computer,Desktop or Laptop,Windows 10,Chrome 123.0.0.0,1920x1080,1920x953,,,0,End Screen,10,,Pass,1e-2,,,,,Spreadsheet1,1,End,Fich Question,old87p,3,response,GROUP,4866.600000000002,9183.2,9185.700000011922,4866.600000000002,9183.2,9185.700000011922,1,4866.600000000002,4319.10000001192,0,,Single Text Entry,Fich Response,2,object-22,End,
7,1712438333768,06/04/2024 21:18:53,1712441933768,1,06/04/2024 23:18:53,139619,19,task-ln4n,,36803624,BLIND,10851946,,complete,,6611b8abe15620c70b3fd774,computer,Desktop or Laptop,Windows 10,Chrome 123.0.0.0,1920x1080,1920x953,,,0,End Screen,10,,Pass,1e-2,,,,,Spreadsheet1,1,End,Rusp Question,bed5c4,4,response,MIXED,4083.2999999999993,16416.3,16426.39999998808,4083.2999999999993,16416.3,16426.39999998808,1,4083.2999999999993,12343.09999998808,0,,Single Text Entry,Rusp Response,2,object-27,End,
8,1712438343792,06/04/2024 21:19:03,1712441943792,1,06/04/2024 23:19:03,139619,19,task-ln4n,,36803624,BLIND,10851946,,complete,,6611b8abe15620c70b3fd774,computer,Desktop or Laptop,Windows 10,Chrome 123.0.0.0,1920x1080,1920x953,,,0,End Screen,10,,Pass,1e-2,,,,,Spreadsheet1,1,End,Woux Question,sjwn2l,5,response,THEM,5300,10016.5,10033.099999999999,5300,10016.5,10033.099999999999,1,5300,4733.0999999999985,0,,Single Text Entry,Woux Response,2,object-33,End,
9,1712438347376,06/04/2024 21:19:07,1712441947376,1,06/04/2024 23:19:07,139619,19,task-ln4n,,36803624,BLIND,10851946,,complete,,6611b8abe15620c70b3fd774,computer,Desktop or Laptop,Windows 10,Chrome 123.0.0.0,1920x1080,1920x953,,,0,End Screen,10,,Pass,1e-2,,,,,Spreadsheet1,1,End,Zeth Question,1zn881,6,response,US,2433.4000000000015,3600,3601.300000005962,2433.4000000000015,3600,3601.300000005962,1,2433.4000000000015,1167.9000000059605,0,,Single Text Entry,Zeth Response,2,object-37,End,
10,1712438349499,06/04/2024 21:19:09,1712441949499,1,06/04/2024 23:19:09,139619,19,task-ln4n,,36803624,BLIND,10851946,,complete,,6611b8abe15620c70b3fd774,computer,Desktop or Laptop,Windows 10,Chrome 123.0.0.0,1920x1080,1920x953,,,0,End Screen,10,,Pass,1e-2,,,,,Spreadsheet1,1,End,Screen 1,otfijt,7,continue,,2124.800000005962,2116.7000000000044,2124.800000005962,2124.800000005962,2116.7000000000044,2124.800000005962,1,2124.800000005962,0,0,,Click To Continue,Continue Button,2,object-4,End,
11,1712438349500,06/04/2024 21:19:09,1712441949500,1,06/04/2024 23:19:09,139619,19,task-ln4n,,36803624,BLIND,10851946,,complete,,6611b8abe15620c70b3fd774,computer,Desktop or Laptop,Windows 10,Chrome 123.0.0.0,1920x1080,1920x953,,,0,End Screen,10,,Pass,1e-2,,,,,Spreadsheet1,,,,,,5,END,,,,,,,0,,,,,,,,,,
1,1712487797600,07/04/2024 11:03:17,1712491397600,1,07/04/2024 13:03:17,139619,19,task-ln4n,,36808123,BLIND,10853302,,complete,,661278aaee111eeffe8282f7,computer,Desktop or Laptop,Windows 10,Edge 122.0.0.0,1368x912,1320x764,,,0,End Screen,10,,Pass,1e-2,,,,,Spreadsheet1,,,,,,5,BEGIN,,,,,,,0,,,,,,,,,,
2,1712487802729,07/04/2024 11:03:22,1712491402729,1,07/04/2024 13:03:22,139619,19,task-ln4n,,36808123,BLIND,10853302,,complete,,661278aaee111eeffe8282f7,computer,Desktop or Laptop,Windows 10,Edge 122.0.0.0,1368x912,1320x764,,,0,End Screen,10,,Pass,1e-2,,,,,Spreadsheet1,1,End,Attention Check 7,4j4xks,1,continue,,5133.6,5120.200000000001,5133.6,5133.6,5120.200000000001,5133.6,0,5133.6,0,0,,Click To Continue,Continue Button,2,object-8,End,
3,1712487802729,07/04/2024 11:03:22,1712491402729,1,07/04/2024 13:03:22,139619,19,task-ln4n,,36808123,BLIND,10853302,,complete,,661278aaee111eeffe8282f7,computer,Desktop or Laptop,Windows 10,Edge 122.0.0.0,1368x912,1320x764,,,0,End Screen,10,,Pass,1e-2,,,,,Spreadsheet1,1,End,Attention Check 7,4j4xks,1,response,Pumpkin Pasties,4219.6,5120.200000000001,5134.00000000014,4219.6,5120.200000000001,5134.00000000014,1,4219.6,914.4000000001397,0,,Dropdown,Dropdown,4,object-10,End,
4,1712487811863,07/04/2024 11:03:31,1712491411863,1,07/04/2024 13:03:31,139619,19,task-ln4n,,36808123,BLIND,10853302,,complete,,661278aaee111eeffe8282f7,computer,Desktop or Laptop,Windows 10,Edge 122.0.0.0,1368x912,1320x764,,,0,End Screen,10,,Pass,1e-2,,,,,Spreadsheet1,1,End,Attention Check 8,hervnh,2,continue,,9148.000000000093,9139.5,9148.000000000093,9148.000000000093,9139.5,9148.000000000093,0,9148.000000000093,0,0,,Click To Continue,Continue Button,2,object-14,End,
5,1712487811865,07/04/2024 11:03:31,1712491411865,1,07/04/2024 13:03:31,139619,19,task-ln4n,,36808123,BLIND,10853302,,complete,,661278aaee111eeffe8282f7,computer,Desktop or Laptop,Windows 10,Edge 122.0.0.0,1368x912,1320x764,,,0,End Screen,10,,Pass,1e-2,,,,,Spreadsheet1,1,End,Attention Check 8,hervnh,2,response,Nimbus Two Thousand,8422.3,9139.5,9150.000000000093,8422.3,9139.5,9150.000000000093,1,8422.3,727.7000000000935,0,,Dropdown,Attention Check 6,3,object-15,End,
6,1712487825938,07/04/2024 11:03:45,1712491425938,1,07/04/2024 13:03:45,139619,19,task-ln4n,,36808123,BLIND,10853302,,complete,,661278aaee111eeffe8282f7,computer,Desktop or Laptop,Windows 10,Edge 122.0.0.0,1368x912,1320x764,,,0,End Screen,10,,Pass,1e-2,,,,,Spreadsheet1,1,End,Fich Question,old87p,3,response,THEY,12458.6,14076.4,14082.9,12458.6,14076.4,14082.9,1,12458.6,1624.2999999999993,0,,Single Text Entry,Fich Response,2,object-22,End,
7,1712487844968,07/04/2024 11:04:04,1712491444968,1,07/04/2024 13:04:04,139619,19,task-ln4n,,36808123,BLIND,10853302,,complete,,661278aaee111eeffe8282f7,computer,Desktop or Laptop,Windows 10,Edge 122.0.0.0,1368x912,1320x764,,,0,End Screen,10,,Pass,1e-2,,,,,Spreadsheet1,1,End,Rusp Question,bed5c4,4,response,WE,13776.199999999997,19029.9,19036.40000000014,13776.199999999997,19029.9,19036.40000000014,1,13776.199999999997,5260.200000000143,0,,Single Text Entry,Rusp Response,2,object-27,End,
8,1712487848974,07/04/2024 11:04:08,1712491448974,1,07/04/2024 13:04:08,139619,19,task-ln4n,,36808123,BLIND,10853302,,complete,,661278aaee111eeffe8282f7,computer,Desktop or Laptop,Windows 10,Edge 122.0.0.0,1368x912,1320x764,,,0,End Screen,10,,Pass,1e-2,,,,,Spreadsheet1,1,End,Woux Question,sjwn2l,5,response,US,3102.0999999999985,4002.7999999999956,4016.299999999952,3102.0999999999985,4002.7999999999956,4016.299999999952,1,3102.0999999999985,914.1999999999534,0,,Single Text Entry,Woux Response,2,object-33,End,
9,1712487855611,07/04/2024 11:04:15,1712491455611,1,07/04/2024 13:04:15,139619,19,task-ln4n,,36808123,BLIND,10853302,,complete,,661278aaee111eeffe8282f7,computer,Desktop or Laptop,Windows 10,Edge 122.0.0.0,1368x912,1320x764,,,0,End Screen,10,,Pass,1e-2,,,,,Spreadsheet1,1,End,Zeth Question,1zn881,6,response,THEM,4536.200000000004,6637.700000000004,6650.800000000003,4536.200000000004,6637.700000000004,6650.800000000003,1,4536.200000000004,2114.5999999999985,0,,Single Text Entry,Zeth Response,2,object-37,End,
10,1712487859360,07/04/2024 11:04:19,1712491459360,1,07/04/2024 13:04:19,139619,19,task-ln4n,,36808123,BLIND,10853302,,complete,,661278aaee111eeffe8282f7,computer,Desktop or Laptop,Windows 10,Edge 122.0.0.0,1368x912,1320x764,,,0,End Screen,10,,Pass,1e-2,,,,,Spreadsheet1,1,End,Screen 1,otfijt,7,continue,,3761.7000000000917,3752.699999999997,3761.7000000000917,3761.7000000000917,3752.699999999997,3761.7000000000917,1,3761.7000000000917,0,0,,Click To Continue,Continue Button,2,object-4,End,
11,1712487859360,07/04/2024 11:04:19,1712491459360,1,07/04/2024 13:04:19,139619,19,task-ln4n,,36808123,BLIND,10853302,,complete,,661278aaee111eeffe8282f7,computer,Desktop or Laptop,Windows 10,Edge 122.0.0.0,1368x912,1320x764,,,0,End Screen,10,,Pass,1e-2,,,,,Spreadsheet1,,,,,,5,END,,,,,,,0,,,,,,,,,,
1,1712491272278,07/04/2024 12:01:12,1712494872278,1,07/04/2024 14:01:12,139619,19,task-ln4n,,36808837,BLIND,10853491,,complete,,661283a2650f439729bd5008,computer,Desktop or Laptop,Windows 10,Chrome 123.0.0.0,1280x720,1707x780,,,0,End Screen,10,,Pass,1e-2,,,,,Spreadsheet1,,,,,,5,BEGIN,,,,,,,0,,,,,,,,,,
2,1712491282354,07/04/2024 12:01:22,1712494882354,1,07/04/2024 14:01:22,139619,19,task-ln4n,,36808837,BLIND,10853491,,complete,,661283a2650f439729bd5008,computer,Desktop or Laptop,Windows 10,Chrome 123.0.0.0,1280x720,1707x780,,,0,End Screen,10,,Pass,1e-2,,,,,Spreadsheet1,1,End,Attention Check 7,4j4xks,1,continue,,10101.154000095368,10098.854,10101.154000095368,10101.154000095368,10098.854,10101.154000095368,0,10101.154000095368,0,0,,Click To Continue,Continue Button,2,object-8,End,
3,1712491282357,07/04/2024 12:01:22,1712494882357,1,07/04/2024 14:01:22,139619,19,task-ln4n,,36808837,BLIND,10853491,,complete,,661283a2650f439729bd5008,computer,Desktop or Laptop,Windows 10,Chrome 123.0.0.0,1280x720,1707x780,,,0,End Screen,10,,Pass,1e-2,,,,,Spreadsheet1,1,End,Attention Check 7,4j4xks,1,response,Pumpkin Pasties,8632.153999999999,10098.854,10104.954000047685,8632.153999999999,10098.854,10104.954000047685,1,8632.153999999999,1472.800000047686,0,,Dropdown,Dropdown,4,object-10,End,
4,1712491328858,07/04/2024 12:02:08,1712494928858,1,07/04/2024 14:02:08,139619,19,task-ln4n,,36808837,BLIND,10853491,,complete,,661283a2650f439729bd5008,computer,Desktop or Laptop,Windows 10,Chrome 123.0.0.0,1280x720,1707x780,,,0,End Screen,10,,Pass,1e-2,,,,,Spreadsheet1,1,End,Attention Check 8,hervnh,2,continue,,46507.00000014305,46493.6,46507.00000014305,46507.00000014305,46493.6,46507.00000014305,0,46507.00000014305,0,0,,Click To Continue,Continue Button,2,object-14,End,
5,1712491328862,07/04/2024 12:02:08,1712494928862,1,07/04/2024 14:02:08,139619,19,task-ln4n,,36808837,BLIND,10853491,,complete,,661283a2650f439729bd5008,computer,Desktop or Laptop,Windows 10,Chrome 123.0.0.0,1280x720,1707x780,,,0,End Screen,10,,Pass,1e-2,,,,,Spreadsheet1,1,End,Attention Check 8,hervnh,2,response,Nimbus Two Thousand,44394,46493.6,46510.700000190736,44394,46493.6,46510.700000190736,1,44394,2116.7000001907363,0,,Dropdown,Attention Check 6,3,object-15,End,
6,1712491337980,07/04/2024 12:02:17,1712494937980,1,07/04/2024 14:02:17,139619,19,task-ln4n,,36808837,BLIND,10853491,,complete,,661283a2650f439729bd5008,computer,Desktop or Laptop,Windows 10,Chrome 123.0.0.0,1280x720,1707x780,,,0,End Screen,10,,Pass,1e-2,,,,,Spreadsheet1,1,End,Fich Question,old87p,3,response,YOUSE,6132.600000000006,9132.199999999997,9135.300000000003,6132.600000000006,9132.199999999997,9135.300000000003,1,6132.600000000006,3002.699999999997,0,,Single Text Entry,Fich Response,2,object-22,End,
7,1712491342055,07/04/2024 12:02:22,1712494942055,1,07/04/2024 14:02:22,139619,19,task-ln4n,,36808837,BLIND,10853491,,complete,,661283a2650f439729bd5008,computer,Desktop or Laptop,Windows 10,Chrome 123.0.0.0,1280x720,1707x780,,,0,End Screen,10,,Pass,1e-2,,,,,Spreadsheet1,1,End,Rusp Question,bed5c4,4,response,WE,2333.100000000006,4066.300000000003,4078.0000000953733,2333.100000000006,4066.300000000003,4078.0000000953733,1,2333.100000000006,1744.9000000953674,0,,Single Text Entry,Rusp Response,2,object-27,End,
8,1712491347061,07/04/2024 12:02:27,1712494947061,1,07/04/2024 14:02:27,139619,19,task-ln4n,,36808837,BLIND,10853491,,complete,,661283a2650f439729bd5008,computer,Desktop or Laptop,Windows 10,Chrome 123.0.0.0,1280x720,1707x780,,,0,End Screen,10,,Pass,1e-2,,,,,Spreadsheet1,1,End,Woux Question,sjwn2l,5,response,US,3366.199999999997,4999,5018.100000190738,3366.199999999997,4999,5018.100000190738,1,3366.199999999997,1651.9000001907407,0,,Single Text Entry,Woux Response,2,object-33,End,
9,1712491350745,07/04/2024 12:02:30,1712494950745,1,07/04/2024 14:02:30,139619,19,task-ln4n,,36808837,BLIND,10853491,,complete,,661283a2650f439729bd5008,computer,Desktop or Laptop,Windows 10,Chrome 123.0.0.0,1280x720,1707x780,,,0,End Screen,10,,Pass,1e-2,,,,,Spreadsheet1,1,End,Zeth Question,1zn881,6,response,THEY,1533.199999999997,3666.4000000000087,3699.7000000000116,1533.199999999997,3666.4000000000087,3699.7000000000116,1,1533.199999999997,2166.5000000000146,0,,Single Text Entry,Zeth Response,2,object-37,End,
10,1712491354014,07/04/2024 12:02:34,1712494954014,1,07/04/2024 14:02:34,139619,19,task-ln4n,,36808837,BLIND,10853491,,complete,,661283a2650f439729bd5008,computer,Desktop or Laptop,Windows 10,Chrome 123.0.0.0,1280x720,1707x780,,,0,End Screen,10,,Pass,1e-2,,,,,Spreadsheet1,1,End,Screen 1,otfijt,7,continue,,3305.700000190729,3299.5,3305.700000190729,3305.700000190729,3299.5,3305.700000190729,1,3305.700000190729,0,0,,Click To Continue,Continue Button,2,object-4,End,
11,1712491354019,07/04/2024 12:02:34,1712494954019,1,07/04/2024 14:02:34,139619,19,task-ln4n,,36808837,BLIND,10853491,,complete,,661283a2650f439729bd5008,computer,Desktop or Laptop,Windows 10,Chrome 123.0.0.0,1280x720,1707x780,,,0,End Screen,10,,Pass,1e-2,,,,,Spreadsheet1,,,,,,5,END,,,,,,,0,,,,,,,,,,
1,1712499583359,07/04/2024 14:19:43,1712503183359,1,07/04/2024 16:19:43,139619,19,task-ln4n,,36810790,BLIND,10854219,,complete,,6612a5f7ed3650ccd9a4bf95,computer,Desktop or Laptop,Windows 10,Chrome 123.0.0.0,1504x1003,2256x1263,,,0,End Screen,10,,Pass,1e-2,,,,,Spreadsheet1,,,,,,5,BEGIN,,,,,,,0,,,,,,,,,,
2,1712499588184,07/04/2024 14:19:48,1712503188184,1,07/04/2024 16:19:48,139619,19,task-ln4n,,36810790,BLIND,10854219,,complete,,6612a5f7ed3650ccd9a4bf95,computer,Desktop or Laptop,Windows 10,Chrome 123.0.0.0,1504x1003,2256x1263,,,0,End Screen,10,,Pass,1e-2,,,,,Spreadsheet1,1,End,Attention Check 7,4j4xks,1,continue,,4901.300000023842,4885.2,4901.300000023842,4901.300000023842,4885.2,4901.300000023842,0,4901.300000023842,0,0,,Click To Continue,Continue Button,2,object-8,End,
3,1712499588187,07/04/2024 14:19:48,1712503188187,1,07/04/2024 16:19:48,139619,19,task-ln4n,,36810790,BLIND,10854219,,complete,,6612a5f7ed3650ccd9a4bf95,computer,Desktop or Laptop,Windows 10,Chrome 123.0.0.0,1504x1003,2256x1263,,,0,End Screen,10,,Pass,1e-2,,,,,Spreadsheet1,1,End,Attention Check 7,4j4xks,1,response,Pumpkin Pasties,3818.3999999999996,4885.2,4901.9,3818.3999999999996,4885.2,4901.9,1,3818.3999999999996,1083.5,0,,Dropdown,Dropdown,4,object-10,End,
4,1712499602899,07/04/2024 14:20:02,1712503202899,1,07/04/2024 16:20:02,139619,19,task-ln4n,,36810790,BLIND,10854219,,complete,,6612a5f7ed3650ccd9a4bf95,computer,Desktop or Laptop,Windows 10,Chrome 123.0.0.0,1504x1003,2256x1263,,,0,End Screen,10,,Pass,1e-2,,,,,Spreadsheet1,1,End,Attention Check 8,hervnh,2,continue,,14731.5,14716.400000000001,14731.5,14731.5,14716.400000000001,14731.5,0,14731.5,0,0,,Click To Continue,Continue Button,2,object-14,End,
5,1712499602903,07/04/2024 14:20:02,1712503202903,1,07/04/2024 16:20:02,139619,19,task-ln4n,,36810790,BLIND,10854219,,complete,,6612a5f7ed3650ccd9a4bf95,computer,Desktop or Laptop,Windows 10,Chrome 123.0.0.0,1504x1003,2256x1263,,,0,End Screen,10,,Pass,1e-2,,,,,Spreadsheet1,1,End,Attention Check 8,hervnh,2,response,Nimbus Two Thousand,14016.400000000001,14716.400000000001,14733.100000000002,14016.400000000001,14716.400000000001,14733.100000000002,1,14016.400000000001,716.7000000000007,0,,Dropdown,Attention Check 6,3,object-15,End,
6,1712499610056,07/04/2024 14:20:10,1712503210056,1,07/04/2024 16:20:10,139619,19,task-ln4n,,36810790,BLIND,10854219,,complete,,6612a5f7ed3650ccd9a4bf95,computer,Desktop or Laptop,Windows 10,Chrome 123.0.0.0,1504x1003,2256x1263,,,0,End Screen,10,,Pass,1e-2,,,,,Spreadsheet1,1,End,Fich Question,old87p,3,response,hARRY,4933.199999999997,7116.5,7133.200000000001,4933.199999999997,7116.5,7133.200000000001,1,4933.199999999997,2200.0000000000036,0,,Single Text Entry,Fich Response,2,object-22,End,
7,1712499617813,07/04/2024 14:20:17,1712503217813,1,07/04/2024 16:20:17,139619,19,task-ln4n,,36810790,BLIND,10854219,,complete,,6612a5f7ed3650ccd9a4bf95,computer,Desktop or Laptop,Windows 10,Chrome 123.0.0.0,1504x1003,2256x1263,,,0,End Screen,10,,Pass,1e-2,,,,,Spreadsheet1,1,End,Rusp Question,bed5c4,4,response,Hermoine,4233.399999999998,7800,7813.20000002384,4233.399999999998,7800,7813.20000002384,1,4233.399999999998,3579.8000000238426,0,,Single Text Entry,Rusp Response,2,object-27,End,
8,1712499619522,07/04/2024 14:20:19,1712503219522,1,07/04/2024 16:20:19,139619,19,task-ln4n,,36810790,BLIND,10854219,,complete,,6612a5f7ed3650ccd9a4bf95,computer,Desktop or Laptop,Windows 10,Chrome 123.0.0.0,1504x1003,2256x1263,,,0,End Screen,10,,Pass,1e-2,,,,,Spreadsheet1,1,End,Woux Question,sjwn2l,5,response,Ron,683.4000000000015,1700,1716.800000000003,683.4000000000015,1700,1716.800000000003,1,683.4000000000015,1033.4000000000015,0,,Single Text Entry,Woux Response,2,object-33,End,
9,1712499624734,07/04/2024 14:20:24,1712503224734,1,07/04/2024 16:20:24,139619,19,task-ln4n,,36810790,BLIND,10854219,,complete,,6612a5f7ed3650ccd9a4bf95,computer,Desktop or Laptop,Windows 10,Chrome 123.0.0.0,1504x1003,2256x1263,,,0,End Screen,10,,Pass,1e-2,,,,,Spreadsheet1,1,End,Zeth Question,1zn881,6,response,Lily,3983.199999999997,5216.5,5233,3983.199999999997,5216.5,5233,1,3983.199999999997,1249.800000000003,0,,Single Text Entry,Zeth Response,2,object-37,End,
10,1712499626582,07/04/2024 14:20:26,1712503226582,1,07/04/2024 16:20:26,139619,19,task-ln4n,,36810790,BLIND,10854219,,complete,,6612a5f7ed3650ccd9a4bf95,computer,Desktop or Laptop,Windows 10,Chrome 123.0.0.0,1504x1003,2256x1263,,,0,End Screen,10,,Pass,1e-2,,,,,Spreadsheet1,1,End,Screen 1,otfijt,7,continue,,1865.3999999523148,1850.199999999997,1865.3999999523148,1865.3999999523148,1850.199999999997,1865.3999999523148,1,1865.3999999523148,0,0,,Click To Continue,Continue Button,2,object-4,End,
11,1712499626584,07/04/2024 14:20:26,1712503226584,1,07/04/2024 16:20:26,139619,19,task-ln4n,,36810790,BLIND,10854219,,complete,,6612a5f7ed3650ccd9a4bf95,computer,Desktop or Laptop,Windows 10,Chrome 123.0.0.0,1504x1003,2256x1263,,,0,End Screen,10,,Pass,1e-2,,,,,Spreadsheet1,,,,,,5,END,,,,,,,0,,,,,,,,,,
END OF FILE
