Event Index,UTC Timestamp,UTC Date and Time,Local Timestamp,Local Timezone,Local Date and Time,Experiment ID,Experiment Version,Tree Node Key,Repeat Key,Schedule ID,Participant Public ID,Participant Private ID,Participant Starting Group,Participant Status,Participant Completion Code,Participant External Session ID,Participant Device Type,Participant Device,Participant OS,Participant Browser,Participant Monitor Size,Participant Viewport Size,Checkpoint,Room ID,Room Order,Task Name,Task Version,branch-mams,branch-6r1e,randomiser-y4s2,branch-lrzc,branch-3gc6,branch-qx2b,branch-zqfd,Spreadsheet,Current Spreadsheet,Trial Number,Display,Screen,Screen ID,Screen Counter,Response Type,Response,Onset Time,Clock Time,Reaction Time,Absolute Onset Time,Absolute Clock Time,Absolute Reaction Time,Correct,Response Onset,Response Duration,Proportion,Tag,Component Name,Object Name,Object Number,Object ID,Spreadsheet: Condition,Spreadsheet: _,Spreadsheet: Trial,Spreadsheet: C-T,Spreadsheet: randomise_trials,Spreadsheet: display,Spreadsheet: Image,Spreadsheet: Ask,Spreadsheet: .png,Spreadsheet: Question,Spreadsheet: Pronoun,Spreadsheet: Aux,Spreadsheet: Answer,Spreadsheet: ,Spreadsheet: Text,Spreadsheet: Alternative,Spreadsheet: Dots,Spreadsheet: Option A,Spreadsheet: Option B,Spreadsheet: Wrong,Spreadsheet: Right,Spreadsheet: Reply,Spreadsheet: Answer A,Spreadsheet: Answer B,Manipulation: Spreadsheet,Store: NounNumberTrain,Store: NounNumberCorrect,Store: NounNumberTotal
1,1712309467762,05/04/2024 09:31:07,1712313067762,1,05/04/2024 11:31:07,139619,19,task-eihb,,36765465,BLIND,10840097,,complete,,660fc256946e8466dda6f843,computer,Desktop or Laptop,Windows 10,Chrome 123.0.0.0,1536x864,1536x730,,,0,1i-3 A Training,4,,,1i-3,,,Pass,,1i-3 A Training,1i-3 A Training,,,,,,5,BEGIN,,,,,,,0,,,,,,,,,,,,,,,,,,,,,,,,,,,,,,,,,,,,
2,1712309477657,05/04/2024 09:31:17,1712313077657,1,05/04/2024 11:31:17,139619,19,task-eihb,,36765465,BLIND,10840097,,complete,,660fc256946e8466dda6f843,computer,Desktop or Laptop,Windows 10,Chrome 123.0.0.0,1536x864,1536x730,,,0,1i-3 A Training,4,,,1i-3,,,Pass,,1i-3 A Training,1i-3 A Training,1,Instructions,Attention Check 5,4xnmv6,1,continue,,9764.600000000024,9758.300000000001,9764.600000000024,9764.600000000024,9758.300000000001,9764.600000000024,1,9764.600000000024,0,0,,Click To Continue,Continue Button,4,object-285,,,,,,Instructions,,,,,,,,,,,,,,,,,,,,,,
3,1712309477658,05/04/2024 09:31:17,1712313077658,1,05/04/2024 11:31:17,139619,19,task-eihb,,36765465,BLIND,10840097,,complete,,660fc256946e8466dda6f843,computer,Desktop or Laptop,Windows 10,Chrome 123.0.0.0,1536x864,1536x730,,,0,1i-3 A Training,4,,,1i-3,,,Pass,,1i-3 A Training,1i-3 A Training,1,Instructions,Attention Check 5,4xnmv6,1,response,Accio!,9041.5,9758.300000000001,9766.000000000047,9041.5,9758.300000000001,9766.000000000047,1,9041.5,724.5000000000473,0,,Dropdown,Dropdown5,3,object-284,,,,,,Instructions,,,,,,,,,,,,,,,,,,,,,,
4,1712309483737,05/04/2024 09:31:23,1712313083737,1,05/04/2024 11:31:23,139619,19,task-eihb,,36765465,BLIND,10840097,,complete,,660fc256946e8466dda6f843,computer,Desktop or Laptop,Windows 10,Chrome 123.0.0.0,1536x864,1536x730,,,0,1i-3 A Training,4,,,1i-3,,,Pass,,1i-3 A Training,1i-3 A Training,1,Instructions,Attention Check 6,wf497f,2,continue,,6086.800000000023,6083.300000000001,6086.800000000023,6086.800000000023,6083.300000000001,6086.800000000023,1,6086.800000000023,0,0,,Click To Continue,Continue Button,4,object-292,,,,,,Instructions,,,,,,,,,,,,,,,,,,,,,,
5,1712309483741,05/04/2024 09:31:23,1712313083741,1,05/04/2024 11:31:23,139619,19,task-eihb,,36765465,BLIND,10840097,,complete,,660fc256946e8466dda6f843,computer,Desktop or Laptop,Windows 10,Chrome 123.0.0.0,1536x864,1536x730,,,0,1i-3 A Training,4,,,1i-3,,,Pass,,1i-3 A Training,1i-3 A Training,1,Instructions,Attention Check 6,wf497f,2,response,The Invisibility Cloak,5433.299999999999,6083.300000000001,6090.4,5433.299999999999,6083.300000000001,6090.4,1,5433.299999999999,657.1000000000004,0,,Dropdown,Dropdown6,3,object-291,,,,,,Instructions,,,,,,,,,,,,,,,,,,,,,,
6,1712309486970,05/04/2024 09:31:26,1712313086970,1,05/04/2024 11:31:26,139619,19,task-eihb,,36765465,BLIND,10840097,,complete,,660fc256946e8466dda6f843,computer,Desktop or Laptop,Windows 10,Chrome 123.0.0.0,1536x864,1536x730,,,0,1i-3 A Training,4,,,1i-3,,,Pass,,1i-3 A Training,1i-3 A Training,1,Instructions,Screen 22,3y4guk,3,continue,,3236.5999999999985,3233.199999999997,3236.5999999999985,3236.5999999999985,3233.199999999997,3236.5999999999985,1,3236.5999999999985,0,0,,Click To Continue,Continue Button,3,object-297,,,,,,Instructions,,,,,,,,,,,,,,,,,,,,,,
7,1712309501008,05/04/2024 09:31:41,1712313101008,1,05/04/2024 11:31:41,139619,19,task-eihb,,36765465,BLIND,10840097,,complete,,660fc256946e8466dda6f843,computer,Desktop or Laptop,Windows 10,Chrome 123.0.0.0,1536x864,1536x730,,,0,1i-3 A Training,4,,,1i-3,,,Pass,,1i-3 A Training,1i-3 A Training,1,Instructions,Instructions 02,q3gk2e,4,continue,,14041.300000000025,14033.099999999999,14041.300000000025,14041.300000000025,14033.099999999999,14041.300000000025,1,14041.300000000025,0,0,,Click To Continue,Continue Button,2,object-75,,,,,,Instructions,,,,,,,,,,,,,,,,,,,,,,
8,1712309503298,05/04/2024 09:31:43,1712313103298,1,05/04/2024 11:31:43,139619,19,task-eihb,,36765465,BLIND,10840097,,complete,,660fc256946e8466dda6f843,computer,Desktop or Laptop,Windows 10,Chrome 123.0.0.0,1536x864,1536x730,,,0,1i-3 A Training,4,,,1i-3,,,Pass,,1i-3 A Training,1i-3 A Training,1,Instructions,Instructions 03,gxa3vr,5,continue,,2298.0000000000728,2291.7000000000044,2298.0000000000728,2298.0000000000728,2291.7000000000044,2298.0000000000728,1,2298.0000000000728,0,0,,Click To Continue,Continue Button,1,object-165,,,,,,Instructions,,,,,,,,,,,,,,,,,,,,,,
9,1712309525034,05/04/2024 09:32:05,1712313125034,1,05/04/2024 11:32:05,139619,19,task-eihb,,36765465,BLIND,10840097,,complete,,660fc256946e8466dda6f843,computer,Desktop or Laptop,Windows 10,Chrome 123.0.0.0,1536x864,1536x730,,,0,1i-3 A Training,4,,,1i-3,,,Pass,,1i-3 A Training,1i-3 A Training,1,Training02,TrainingA,34efq7,1,response,WOUX WAN,8491.400000000001,21741,21742.500000000022,8491.400000000001,21741,21742.500000000022,1,8491.400000000001,13251.10000000002,0,,Single Text Entry,TextResponseA,4,object-97,1i-3,_,04,1i-3_04,1,Training02,35_PROPHET,ASK,.png,35_PROPHET_ASK.png,WOUX,WAN,35_PROPHET_WOUX_WAN.png,,WOUX WAN,40_BURYSNAPE_ASK.png,40_BURYSNAPE_DOTS.png,WOUX WAN,RUSP WIM,WOUX WAN,RUSP WIM,40_BURYSNAPE_RUSP_WIM.png,,RUSP WIM,,,,
10,1712309531925,05/04/2024 09:32:11,1712313131925,1,05/04/2024 11:32:11,139619,19,task-eihb,,36765465,BLIND,10840097,,complete,,660fc256946e8466dda6f843,computer,Desktop or Laptop,Windows 10,Chrome 123.0.0.0,1536x864,1536x730,,,0,1i-3 A Training,4,,,1i-3,,,Pass,,1i-3 A Training,1i-3 A Training,1,Training02,TrainingB,2yfdu9,2,response,,6892.800000000068,6891.5,6892.800000000068,6892.800000000068,6891.5,6892.800000000068,1,6892.800000000068,0,0,,Click Response,Option A,4,object-245,1i-3,_,04,1i-3_04,1,Training02,35_PROPHET,ASK,.png,35_PROPHET_ASK.png,WOUX,WAN,35_PROPHET_WOUX_WAN.png,,WOUX WAN,40_BURYSNAPE_ASK.png,40_BURYSNAPE_DOTS.png,WOUX WAN,RUSP WIM,WOUX WAN,RUSP WIM,40_BURYSNAPE_RUSP_WIM.png,,RUSP WIM,,,,
11,1712309536044,05/04/2024 09:32:16,1712313136044,1,05/04/2024 11:32:16,139619,19,task-eihb,,36765465,BLIND,10840097,,complete,,660fc256946e8466dda6f843,computer,Desktop or Laptop,Windows 10,Chrome 123.0.0.0,1536x864,1536x730,,,0,1i-3 A Training,4,,,1i-3,,,Pass,,1i-3 A Training,1i-3 A Training,1,Training02,TrainingC,1ouhhw,3,continue,,4119.699999999975,4116.5999999999985,4119.699999999975,4119.699999999975,4116.5999999999985,4119.699999999975,1,4119.699999999975,0,0,,Click To Continue,Continue Button,6,object-272,1i-3,_,04,1i-3_04,1,Training02,35_PROPHET,ASK,.png,35_PROPHET_ASK.png,WOUX,WAN,35_PROPHET_WOUX_WAN.png,,WOUX WAN,40_BURYSNAPE_ASK.png,40_BURYSNAPE_DOTS.png,WOUX WAN,RUSP WIM,WOUX WAN,RUSP WIM,40_BURYSNAPE_RUSP_WIM.png,,RUSP WIM,,,,
12,1712309543188,05/04/2024 09:32:23,1712313143188,1,05/04/2024 11:32:23,139619,19,task-eihb,,36765465,BLIND,10840097,,complete,,660fc256946e8466dda6f843,computer,Desktop or Laptop,Windows 10,Chrome 123.0.0.0,1536x864,1536x730,,,0,1i-3 A Training,4,,,1i-3,,,Pass,,1i-3 A Training,1i-3 A Training,2,Training02,TrainingA,34efq7,1,response,ZETH WAN,4025.100000000006,7141.600000000006,7147.599999999977,4025.100000000006,7141.600000000006,7147.599999999977,1,4025.100000000006,3122.499999999971,0,,Single Text Entry,TextResponseA,4,object-97,1i-3,_,02,1i-3_02,1,Training02,40_BURYSNAPE,ASK,.png,40_BURYSNAPE_ASK.png,ZETH,WAN,40_BURYSNAPE_ZETH_WAN.png,,ZETH WAN,20_PULLSWORD_ASK.png,20_PULLSWORD_DOTS.png,WOUX WAN,ZETH WAN,ZETH WAN,WOUX WAN,20_PULLSWORD_WOUX_WAN.png,WOUX WAN,,,,,
13,1712309551133,05/04/2024 09:32:31,1712313151133,1,05/04/2024 11:32:31,139619,19,task-eihb,,36765465,BLIND,10840097,,complete,,660fc256946e8466dda6f843,computer,Desktop or Laptop,Windows 10,Chrome 123.0.0.0,1536x864,1536x730,,,0,1i-3 A Training,4,,,1i-3,,,Pass,,1i-3 A Training,1i-3 A Training,2,Training02,TrainingB,2yfdu9,2,response,,7949.800000000003,7941.5,7949.800000000003,7949.800000000003,7941.5,7949.800000000003,1,7949.800000000003,0,0,,Click Response,Option A,4,object-245,1i-3,_,02,1i-3_02,1,Training02,40_BURYSNAPE,ASK,.png,40_BURYSNAPE_ASK.png,ZETH,WAN,40_BURYSNAPE_ZETH_WAN.png,,ZETH WAN,20_PULLSWORD_ASK.png,20_PULLSWORD_DOTS.png,WOUX WAN,ZETH WAN,ZETH WAN,WOUX WAN,20_PULLSWORD_WOUX_WAN.png,WOUX WAN,,,,,
14,1712309555644,05/04/2024 09:32:35,1712313155644,1,05/04/2024 11:32:35,139619,19,task-eihb,,36765465,BLIND,10840097,,complete,,660fc256946e8466dda6f843,computer,Desktop or Laptop,Windows 10,Chrome 123.0.0.0,1536x864,1536x730,,,0,1i-3 A Training,4,,,1i-3,,,Pass,,1i-3 A Training,1i-3 A Training,2,Training02,TrainingC,1ouhhw,3,continue,,4520.600000000064,4516.599999999991,4520.600000000064,4520.600000000064,4516.599999999991,4520.600000000064,1,4520.600000000064,0,0,,Click To Continue,Continue Button,6,object-272,1i-3,_,02,1i-3_02,1,Training02,40_BURYSNAPE,ASK,.png,40_BURYSNAPE_ASK.png,ZETH,WAN,40_BURYSNAPE_ZETH_WAN.png,,ZETH WAN,20_PULLSWORD_ASK.png,20_PULLSWORD_DOTS.png,WOUX WAN,ZETH WAN,ZETH WAN,WOUX WAN,20_PULLSWORD_WOUX_WAN.png,WOUX WAN,,,,,
15,1712309570096,05/04/2024 09:32:50,1712313170096,1,05/04/2024 11:32:50,139619,19,task-eihb,,36765465,BLIND,10840097,,complete,,660fc256946e8466dda6f843,computer,Desktop or Laptop,Windows 10,Chrome 123.0.0.0,1536x864,1536x730,,,0,1i-3 A Training,4,,,1i-3,,,Pass,,1i-3 A Training,1i-3 A Training,3,Training02,TrainingA,34efq7,1,response,FICH WUNG,10233,14450,14455.700000000026,10233,14450,14455.700000000026,1,10233,4222.700000000026,0,,Single Text Entry,TextResponseA,4,object-97,1i-3,_,01,1i-3_01,1,Training02,04_WHEEZES,ASK,.png,04_WHEEZES_ASK.png,FICH,WUNG,04_WHEEZES_FICH_WUNG.png,,FICH WUNG,05_AUROR_ASK.png,05_AUROR_DOTS.png,FICH WUNG,ZETH WAN,FICH WUNG,ZETH WAN,05_AUROR_ZETH_WAN.png,,ZETH WAN,,,,
16,1712309575050,05/04/2024 09:32:55,1712313175050,1,05/04/2024 11:32:55,139619,19,task-eihb,,36765465,BLIND,10840097,,complete,,660fc256946e8466dda6f843,computer,Desktop or Laptop,Windows 10,Chrome 123.0.0.0,1536x864,1536x730,,,0,1i-3 A Training,4,,,1i-3,,,Pass,,1i-3 A Training,1i-3 A Training,3,Training02,TrainingB,2yfdu9,2,response,,4959.200000000026,4957.900000000009,4959.200000000026,4959.200000000026,4957.900000000009,4959.200000000026,1,4959.200000000026,0,0,,Click Response,Option B,5,object-246,1i-3,_,01,1i-3_01,1,Training02,04_WHEEZES,ASK,.png,04_WHEEZES_ASK.png,FICH,WUNG,04_WHEEZES_FICH_WUNG.png,,FICH WUNG,05_AUROR_ASK.png,05_AUROR_DOTS.png,FICH WUNG,ZETH WAN,FICH WUNG,ZETH WAN,05_AUROR_ZETH_WAN.png,,ZETH WAN,,,,
17,1712309580982,05/04/2024 09:33:00,1712313180982,1,05/04/2024 11:33:00,139619,19,task-eihb,,36765465,BLIND,10840097,,complete,,660fc256946e8466dda6f843,computer,Desktop or Laptop,Windows 10,Chrome 123.0.0.0,1536x864,1536x730,,,0,1i-3 A Training,4,,,1i-3,,,Pass,,1i-3 A Training,1i-3 A Training,3,Training02,TrainingC,1ouhhw,3,continue,,5933.699999999997,5925.199999999997,5933.699999999997,5933.699999999997,5925.199999999997,5933.699999999997,1,5933.699999999997,0,0,,Click To Continue,Continue Button,6,object-272,1i-3,_,01,1i-3_01,1,Training02,04_WHEEZES,ASK,.png,04_WHEEZES_ASK.png,FICH,WUNG,04_WHEEZES_FICH_WUNG.png,,FICH WUNG,05_AUROR_ASK.png,05_AUROR_DOTS.png,FICH WUNG,ZETH WAN,FICH WUNG,ZETH WAN,05_AUROR_ZETH_WAN.png,,ZETH WAN,,,,
18,1712309594351,05/04/2024 09:33:14,1712313194351,1,05/04/2024 11:33:14,139619,19,task-eihb,,36765465,BLIND,10840097,,complete,,660fc256946e8466dda6f843,computer,Desktop or Laptop,Windows 10,Chrome 123.0.0.0,1536x864,1536x730,,,0,1i-3 A Training,4,,,1i-3,,,Pass,,1i-3 A Training,1i-3 A Training,4,Training02,TrainingA,34efq7,1,response,RUSP WIM,4216.399999999994,13374.699999999997,13377.500000000044,4216.399999999994,13374.699999999997,13377.500000000044,1,4216.399999999994,9161.10000000005,0,,Single Text Entry,TextResponseA,4,object-97,1i-3,_,03,1i-3_03,1,Training02,13_QUIBBLER,ASK,.png,13_QUIBBLER_ASK.png,RUSP,WIM,13_QUIBBLER_RUSP_WIM.png,,RUSP WIM,27_BESTSELLER_ASK.png,27_BESTSELLER_DOTS.png,FICH WUNG,RUSP WIM,RUSP WIM,FICH WUNG,27_BESTSELLER_FICH_WUNG.png,FICH WUNG,,,,,
19,1712309601788,05/04/2024 09:33:21,1712313201788,1,05/04/2024 11:33:21,139619,19,task-eihb,,36765465,BLIND,10840097,,complete,,660fc256946e8466dda6f843,computer,Desktop or Laptop,Windows 10,Chrome 123.0.0.0,1536x864,1536x730,,,0,1i-3 A Training,4,,,1i-3,,,Pass,,1i-3 A Training,1i-3 A Training,4,Training02,TrainingB,2yfdu9,2,response,,7440.099999999977,7433.200000000012,7440.099999999977,7440.099999999977,7433.200000000012,7440.099999999977,1,7440.099999999977,0,0,,Click Response,Option A,4,object-245,1i-3,_,03,1i-3_03,1,Training02,13_QUIBBLER,ASK,.png,13_QUIBBLER_ASK.png,RUSP,WIM,13_QUIBBLER_RUSP_WIM.png,,RUSP WIM,27_BESTSELLER_ASK.png,27_BESTSELLER_DOTS.png,FICH WUNG,RUSP WIM,RUSP WIM,FICH WUNG,27_BESTSELLER_FICH_WUNG.png,FICH WUNG,,,,,
20,1712309606011,05/04/2024 09:33:26,1712313206011,1,05/04/2024 11:33:26,139619,19,task-eihb,,36765465,BLIND,10840097,,complete,,660fc256946e8466dda6f843,computer,Desktop or Laptop,Windows 10,Chrome 123.0.0.0,1536x864,1536x730,,,0,1i-3 A Training,4,,,1i-3,,,Pass,,1i-3 A Training,1i-3 A Training,4,Training02,TrainingC,1ouhhw,3,continue,,4230.299999999988,4225,4230.299999999988,4230.299999999988,4225,4230.299999999988,1,4230.299999999988,0,0,,Click To Continue,Continue Button,6,object-272,1i-3,_,03,1i-3_03,1,Training02,13_QUIBBLER,ASK,.png,13_QUIBBLER_ASK.png,RUSP,WIM,13_QUIBBLER_RUSP_WIM.png,,RUSP WIM,27_BESTSELLER_ASK.png,27_BESTSELLER_DOTS.png,FICH WUNG,RUSP WIM,RUSP WIM,FICH WUNG,27_BESTSELLER_FICH_WUNG.png,FICH WUNG,,,,,
21,1712309613631,05/04/2024 09:33:33,1712313213631,1,05/04/2024 11:33:33,139619,19,task-eihb,,36765465,BLIND,10840097,,complete,,660fc256946e8466dda6f843,computer,Desktop or Laptop,Windows 10,Chrome 123.0.0.0,1536x864,1536x730,,,0,1i-3 A Training,4,,,1i-3,,,Pass,,1i-3 A Training,1i-3 A Training,5,Training02,TrainingA,34efq7,1,response,RUSP WIM ,4924.899999999994,7616.5,7624.8000000000175,4924.899999999994,7616.5,7624.8000000000175,0,4924.899999999994,2699.9000000000233,0,,Single Text Entry,TextResponseA,4,object-97,1i-3,_,07,1i-3_07,2,Training02,34_FANLETTERS,ASK,.png,34_FANLETTERS_ASK.png,RUSP,WIM,34_FANLETTERS_RUSP_WIM.png,,RUSP WIM,34_FANLETTERS_ASK.png,34_FANLETTERS_DOTS.png,RUSP WIM,WOUX WAN,RUSP WIM,WOUX WAN,34_FANLETTERS_WOUX_WAN.png,,WOUX WAN,,,,
22,1712309616058,05/04/2024 09:33:36,1712313216058,1,05/04/2024 11:33:36,139619,19,task-eihb,,36765465,BLIND,10840097,,complete,,660fc256946e8466dda6f843,computer,Desktop or Laptop,Windows 10,Chrome 123.0.0.0,1536x864,1536x730,,,0,1i-3 A Training,4,,,1i-3,,,Pass,,1i-3 A Training,1i-3 A Training,5,Training02,TrainingA,34efq7,1,response,RUSP WIM ,10051.299999999988,10049.599999999977,10051.299999999988,10051.299999999988,10049.599999999977,10051.299999999988,0,10051.299999999988,0,0,,Single Text Entry,TextResponseA,4,object-97,1i-3,_,07,1i-3_07,2,Training02,34_FANLETTERS,ASK,.png,34_FANLETTERS_ASK.png,RUSP,WIM,34_FANLETTERS_RUSP_WIM.png,,RUSP WIM,34_FANLETTERS_ASK.png,34_FANLETTERS_DOTS.png,RUSP WIM,WOUX WAN,RUSP WIM,WOUX WAN,34_FANLETTERS_WOUX_WAN.png,,WOUX WAN,,,,
23,1712309618396,05/04/2024 09:33:38,1712313218396,1,05/04/2024 11:33:38,139619,19,task-eihb,,36765465,BLIND,10840097,,complete,,660fc256946e8466dda6f843,computer,Desktop or Laptop,Windows 10,Chrome 123.0.0.0,1536x864,1536x730,,,0,1i-3 A Training,4,,,1i-3,,,Pass,,1i-3 A Training,1i-3 A Training,5,Training02,TrainingA,34efq7,1,response,RUSP WIM ,12389.299999999988,12383.199999999983,12389.299999999988,12389.299999999988,12383.199999999983,12389.299999999988,0,12389.299999999988,0,0,,Single Text Entry,TextResponseA,4,object-97,1i-3,_,07,1i-3_07,2,Training02,34_FANLETTERS,ASK,.png,34_FANLETTERS_ASK.png,RUSP,WIM,34_FANLETTERS_RUSP_WIM.png,,RUSP WIM,34_FANLETTERS_ASK.png,34_FANLETTERS_DOTS.png,RUSP WIM,WOUX WAN,RUSP WIM,WOUX WAN,34_FANLETTERS_WOUX_WAN.png,,WOUX WAN,,,,
24,1712309622943,05/04/2024 09:33:42,1712313222943,1,05/04/2024 11:33:42,139619,19,task-eihb,,36765465,BLIND,10840097,,complete,,660fc256946e8466dda6f843,computer,Desktop or Laptop,Windows 10,Chrome 123.0.0.0,1536x864,1536x730,,,0,1i-3 A Training,4,,,1i-3,,,Pass,,1i-3 A Training,1i-3 A Training,5,Training02,TrainingA,34efq7,1,response,RUSP WIM,14374.5,16933.199999999983,16936.50000000006,14374.5,16933.199999999983,16936.50000000006,1,14374.5,2562.000000000058,0,,Single Text Entry,TextResponseA,4,object-97,1i-3,_,07,1i-3_07,2,Training02,34_FANLETTERS,ASK,.png,34_FANLETTERS_ASK.png,RUSP,WIM,34_FANLETTERS_RUSP_WIM.png,,RUSP WIM,34_FANLETTERS_ASK.png,34_FANLETTERS_DOTS.png,RUSP WIM,WOUX WAN,RUSP WIM,WOUX WAN,34_FANLETTERS_WOUX_WAN.png,,WOUX WAN,,,,
25,1712309628412,05/04/2024 09:33:48,1712313228412,1,05/04/2024 11:33:48,139619,19,task-eihb,,36765465,BLIND,10840097,,complete,,660fc256946e8466dda6f843,computer,Desktop or Laptop,Windows 10,Chrome 123.0.0.0,1536x864,1536x730,,,0,1i-3 A Training,4,,,1i-3,,,Pass,,1i-3 A Training,1i-3 A Training,5,Training02,TrainingB,2yfdu9,2,response,,5472.400000000052,5466.399999999994,5472.400000000052,5472.400000000052,5466.399999999994,5472.400000000052,1,5472.400000000052,0,0,,Click Response,Option A,4,object-245,1i-3,_,07,1i-3_07,2,Training02,34_FANLETTERS,ASK,.png,34_FANLETTERS_ASK.png,RUSP,WIM,34_FANLETTERS_RUSP_WIM.png,,RUSP WIM,34_FANLETTERS_ASK.png,34_FANLETTERS_DOTS.png,RUSP WIM,WOUX WAN,RUSP WIM,WOUX WAN,34_FANLETTERS_WOUX_WAN.png,,WOUX WAN,,,,
26,1712309631547,05/04/2024 09:33:51,1712313231547,1,05/04/2024 11:33:51,139619,19,task-eihb,,36765465,BLIND,10840097,,complete,,660fc256946e8466dda6f843,computer,Desktop or Laptop,Windows 10,Chrome 123.0.0.0,1536x864,1536x730,,,0,1i-3 A Training,4,,,1i-3,,,Pass,,1i-3 A Training,1i-3 A Training,5,Training02,TrainingC,1ouhhw,3,continue,,3140.7999999999884,3133.3000000000175,3140.7999999999884,3140.7999999999884,3133.3000000000175,3140.7999999999884,1,3140.7999999999884,0,0,,Click To Continue,Continue Button,6,object-272,1i-3,_,07,1i-3_07,2,Training02,34_FANLETTERS,ASK,.png,34_FANLETTERS_ASK.png,RUSP,WIM,34_FANLETTERS_RUSP_WIM.png,,RUSP WIM,34_FANLETTERS_ASK.png,34_FANLETTERS_DOTS.png,RUSP WIM,WOUX WAN,RUSP WIM,WOUX WAN,34_FANLETTERS_WOUX_WAN.png,,WOUX WAN,,,,
27,1712309640876,05/04/2024 09:34:00,1712313240876,1,05/04/2024 11:34:00,139619,19,task-eihb,,36765465,BLIND,10840097,,complete,,660fc256946e8466dda6f843,computer,Desktop or Laptop,Windows 10,Chrome 123.0.0.0,1536x864,1536x730,,,0,1i-3 A Training,4,,,1i-3,,,Pass,,1i-3 A Training,1i-3 A Training,6,Training02,TrainingA,34efq7,1,response,WOUX WAN,3783.2999999999884,9333.100000000006,9336.70000000004,3783.2999999999884,9333.100000000006,9336.70000000004,1,3783.2999999999884,5553.400000000052,0,,Single Text Entry,TextResponseA,4,object-97,1i-3,_,08,1i-3_08,2,Training02,28_GALLEONS,ASK,.png,28_GALLEONS_ASK.png,WOUX,WAN,28_GALLEONS_WOUX_WAN.png,,WOUX WAN,39_STOPHAGRID_ASK.png,39_STOPHAGRID_DOTS.png,ZETH WAN,WOUX WAN,WOUX WAN,ZETH WAN,39_STOPHAGRID_ZETH_WAN.png,ZETH WAN,,,,,
28,1712309648658,05/04/2024 09:34:08,1712313248658,1,05/04/2024 11:34:08,139619,19,task-eihb,,36765465,BLIND,10840097,,complete,,660fc256946e8466dda6f843,computer,Desktop or Laptop,Windows 10,Chrome 123.0.0.0,1536x864,1536x730,,,0,1i-3 A Training,4,,,1i-3,,,Pass,,1i-3 A Training,1i-3 A Training,6,Training02,TrainingB,2yfdu9,2,response,,7785.500000000058,7783.399999999994,7785.500000000058,7785.500000000058,7783.399999999994,7785.500000000058,1,7785.500000000058,0,0,,Click Response,Option A,4,object-245,1i-3,_,08,1i-3_08,2,Training02,28_GALLEONS,ASK,.png,28_GALLEONS_ASK.png,WOUX,WAN,28_GALLEONS_WOUX_WAN.png,,WOUX WAN,39_STOPHAGRID_ASK.png,39_STOPHAGRID_DOTS.png,ZETH WAN,WOUX WAN,WOUX WAN,ZETH WAN,39_STOPHAGRID_ZETH_WAN.png,ZETH WAN,,,,,
29,1712309650605,05/04/2024 09:34:10,1712313250605,1,05/04/2024 11:34:10,139619,19,task-eihb,,36765465,BLIND,10840097,,complete,,660fc256946e8466dda6f843,computer,Desktop or Laptop,Windows 10,Chrome 123.0.0.0,1536x864,1536x730,,,0,1i-3 A Training,4,,,1i-3,,,Pass,,1i-3 A Training,1i-3 A Training,6,Training02,TrainingC,1ouhhw,3,continue,,1949.2000000000407,1941.5,1949.2000000000407,1949.2000000000407,1941.5,1949.2000000000407,1,1949.2000000000407,0,0,,Click To Continue,Continue Button,6,object-272,1i-3,_,08,1i-3_08,2,Training02,28_GALLEONS,ASK,.png,28_GALLEONS_ASK.png,WOUX,WAN,28_GALLEONS_WOUX_WAN.png,,WOUX WAN,39_STOPHAGRID_ASK.png,39_STOPHAGRID_DOTS.png,ZETH WAN,WOUX WAN,WOUX WAN,ZETH WAN,39_STOPHAGRID_ZETH_WAN.png,ZETH WAN,,,,,
30,1712309663167,05/04/2024 09:34:23,1712313263167,1,05/04/2024 11:34:23,139619,19,task-eihb,,36765465,BLIND,10840097,,complete,,660fc256946e8466dda6f843,computer,Desktop or Laptop,Windows 10,Chrome 123.0.0.0,1536x864,1536x730,,,0,1i-3 A Training,4,,,1i-3,,,Pass,,1i-3 A Training,1i-3 A Training,7,Training02,TrainingA,34efq7,1,response,FICH WUNG,4032.899999999994,12566.399999999994,12569.70000000004,4032.899999999994,12566.399999999994,12569.70000000004,1,4032.899999999994,8536.800000000047,0,,Single Text Entry,TextResponseA,4,object-97,1i-3,_,05,1i-3_05,2,Training02,18_LIVEGODRIC,ASK,.png,18_LIVEGODRIC_ASK.png,FICH,WUNG,18_LIVEGODRIC_FICH_WUNG.png,,FICH WUNG,07_AZKABAN_ASK.png,07_AZKABAN_DOTS.png,FICH WUNG,RUSP WIM,FICH WUNG,RUSP WIM,07_AZKABAN_RUSP_WIM.png,,RUSP WIM,,,,
31,1712309667850,05/04/2024 09:34:27,1712313267850,1,05/04/2024 11:34:27,139619,19,task-eihb,,36765465,BLIND,10840097,,complete,,660fc256946e8466dda6f843,computer,Desktop or Laptop,Windows 10,Chrome 123.0.0.0,1536x864,1536x730,,,0,1i-3 A Training,4,,,1i-3,,,Pass,,1i-3 A Training,1i-3 A Training,7,Training02,TrainingB,2yfdu9,2,response,,4686.599999999977,4683.399999999994,4686.599999999977,4686.599999999977,4683.399999999994,4686.599999999977,1,4686.599999999977,0,0,,Click Response,Option B,5,object-246,1i-3,_,05,1i-3_05,2,Training02,18_LIVEGODRIC,ASK,.png,18_LIVEGODRIC_ASK.png,FICH,WUNG,18_LIVEGODRIC_FICH_WUNG.png,,FICH WUNG,07_AZKABAN_ASK.png,07_AZKABAN_DOTS.png,FICH WUNG,RUSP WIM,FICH WUNG,RUSP WIM,07_AZKABAN_RUSP_WIM.png,,RUSP WIM,,,,
32,1712309669890,05/04/2024 09:34:29,1712313269890,1,05/04/2024 11:34:29,139619,19,task-eihb,,36765465,BLIND,10840097,,complete,,660fc256946e8466dda6f843,computer,Desktop or Laptop,Windows 10,Chrome 123.0.0.0,1536x864,1536x730,,,0,1i-3 A Training,4,,,1i-3,,,Pass,,1i-3 A Training,1i-3 A Training,7,Training02,TrainingC,1ouhhw,3,continue,,2043.000000000029,2041.3999999999942,2043.000000000029,2043.000000000029,2041.3999999999942,2043.000000000029,1,2043.000000000029,0,0,,Click To Continue,Continue Button,6,object-272,1i-3,_,05,1i-3_05,2,Training02,18_LIVEGODRIC,ASK,.png,18_LIVEGODRIC_ASK.png,FICH,WUNG,18_LIVEGODRIC_FICH_WUNG.png,,FICH WUNG,07_AZKABAN_ASK.png,07_AZKABAN_DOTS.png,FICH WUNG,RUSP WIM,FICH WUNG,RUSP WIM,07_AZKABAN_RUSP_WIM.png,,RUSP WIM,,,,
33,1712309681391,05/04/2024 09:34:41,1712313281391,1,05/04/2024 11:34:41,139619,19,task-eihb,,36765465,BLIND,10840097,,complete,,660fc256946e8466dda6f843,computer,Desktop or Laptop,Windows 10,Chrome 123.0.0.0,1536x864,1536x730,,,0,1i-3 A Training,4,,,1i-3,,,Pass,,1i-3 A Training,1i-3 A Training,8,Training02,TrainingA,34efq7,1,response,ZETH WAN ,5866.600000000006,11499.800000000017,11502.500000000058,5866.600000000006,11499.800000000017,11502.500000000058,0,5866.600000000006,5635.900000000052,0,,Single Text Entry,TextResponseA,4,object-97,1i-3,_,06,1i-3_06,2,Training02,12_SKEETER,ASK,.png,12_SKEETER_ASK.png,ZETH,WAN,12_SKEETER_ZETH_WAN.png,,ZETH WAN,12_SKEETER_ASK.png,12_SKEETER_DOTS.png,FICH WUNG,ZETH WAN,ZETH WAN,FICH WUNG,12_SKEETER_FICH_WUNG.png,FICH WUNG,,,,,
34,1712309686847,05/04/2024 09:34:46,1712313286847,1,05/04/2024 11:34:46,139619,19,task-eihb,,36765465,BLIND,10840097,,complete,,660fc256946e8466dda6f843,computer,Desktop or Laptop,Windows 10,Chrome 123.0.0.0,1536x864,1536x730,,,0,1i-3 A Training,4,,,1i-3,,,Pass,,1i-3 A Training,1i-3 A Training,8,Training02,TrainingA,34efq7,1,response,ZETH WAN,14874.700000000012,16950,16958.399999999994,14874.700000000012,16950,16958.399999999994,1,14874.700000000012,2083.6999999999825,0,,Single Text Entry,TextResponseA,4,object-97,1i-3,_,06,1i-3_06,2,Training02,12_SKEETER,ASK,.png,12_SKEETER_ASK.png,ZETH,WAN,12_SKEETER_ZETH_WAN.png,,ZETH WAN,12_SKEETER_ASK.png,12_SKEETER_DOTS.png,FICH WUNG,ZETH WAN,ZETH WAN,FICH WUNG,12_SKEETER_FICH_WUNG.png,FICH WUNG,,,,,
35,1712309690650,05/04/2024 09:34:50,1712313290650,1,05/04/2024 11:34:50,139619,19,task-eihb,,36765465,BLIND,10840097,,complete,,660fc256946e8466dda6f843,computer,Desktop or Laptop,Windows 10,Chrome 123.0.0.0,1536x864,1536x730,,,0,1i-3 A Training,4,,,1i-3,,,Pass,,1i-3 A Training,1i-3 A Training,8,Training02,TrainingB,2yfdu9,2,response,,3811.500000000058,3808.100000000006,3811.500000000058,3811.500000000058,3808.100000000006,3811.500000000058,1,3811.500000000058,0,0,,Click Response,Option B,5,object-246,1i-3,_,06,1i-3_06,2,Training02,12_SKEETER,ASK,.png,12_SKEETER_ASK.png,ZETH,WAN,12_SKEETER_ZETH_WAN.png,,ZETH WAN,12_SKEETER_ASK.png,12_SKEETER_DOTS.png,FICH WUNG,ZETH WAN,ZETH WAN,FICH WUNG,12_SKEETER_FICH_WUNG.png,FICH WUNG,,,,,
36,1712309693609,05/04/2024 09:34:53,1712313293609,1,05/04/2024 11:34:53,139619,19,task-eihb,,36765465,BLIND,10840097,,complete,,660fc256946e8466dda6f843,computer,Desktop or Laptop,Windows 10,Chrome 123.0.0.0,1536x864,1536x730,,,0,1i-3 A Training,4,,,1i-3,,,Pass,,1i-3 A Training,1i-3 A Training,8,Training02,TrainingC,1ouhhw,3,continue,,2962.500000000029,2958.2000000000116,2962.500000000029,2962.500000000029,2958.2000000000116,2962.500000000029,1,2962.500000000029,0,0,,Click To Continue,Continue Button,6,object-272,1i-3,_,06,1i-3_06,2,Training02,12_SKEETER,ASK,.png,12_SKEETER_ASK.png,ZETH,WAN,12_SKEETER_ZETH_WAN.png,,ZETH WAN,12_SKEETER_ASK.png,12_SKEETER_DOTS.png,FICH WUNG,ZETH WAN,ZETH WAN,FICH WUNG,12_SKEETER_FICH_WUNG.png,FICH WUNG,,,,,
37,1712309703372,05/04/2024 09:35:03,1712313303372,1,05/04/2024 11:35:03,139619,19,task-eihb,,36765465,BLIND,10840097,,complete,,660fc256946e8466dda6f843,computer,Desktop or Laptop,Windows 10,Chrome 123.0.0.0,1536x864,1536x730,,,0,1i-3 A Training,4,,,1i-3,,,Pass,,1i-3 A Training,1i-3 A Training,9,Training02,TrainingA,34efq7,1,response,ZETH WAN,6074.799999999988,9758.399999999994,9766.799999999988,6074.799999999988,9758.399999999994,9766.799999999988,1,6074.799999999988,3692,0,,Single Text Entry,TextResponseA,4,object-97,1i-3,_,10,1i-3_10,3,Training02,19_BURYVOLDY,ASK,.png,19_BURYVOLDY_ASK.png,ZETH,WAN,19_BURYVOLDY_ZETH_WAN.png,,ZETH WAN,21_TEACHHOG_ASK.png,21_TEACHHOG_DOTS.png,ZETH WAN,RUSP WIM,ZETH WAN,RUSP WIM,21_TEACHHOG_RUSP_WIM.png,,RUSP WIM,,,,
38,1712309707744,05/04/2024 09:35:07,1712313307744,1,05/04/2024 11:35:07,139619,19,task-eihb,,36765465,BLIND,10840097,,complete,,660fc256946e8466dda6f843,computer,Desktop or Laptop,Windows 10,Chrome 123.0.0.0,1536x864,1536x730,,,0,1i-3 A Training,4,,,1i-3,,,Pass,,1i-3 A Training,1i-3 A Training,9,Training02,TrainingB,2yfdu9,2,response,,4381.099999999977,4374.700000000012,4381.099999999977,4381.099999999977,4374.700000000012,4381.099999999977,1,4381.099999999977,0,0,,Click Response,Option B,5,object-246,1i-3,_,10,1i-3_10,3,Training02,19_BURYVOLDY,ASK,.png,19_BURYVOLDY_ASK.png,ZETH,WAN,19_BURYVOLDY_ZETH_WAN.png,,ZETH WAN,21_TEACHHOG_ASK.png,21_TEACHHOG_DOTS.png,ZETH WAN,RUSP WIM,ZETH WAN,RUSP WIM,21_TEACHHOG_RUSP_WIM.png,,RUSP WIM,,,,
39,1712309710815,05/04/2024 09:35:10,1712313310815,1,05/04/2024 11:35:10,139619,19,task-eihb,,36765465,BLIND,10840097,,complete,,660fc256946e8466dda6f843,computer,Desktop or Laptop,Windows 10,Chrome 123.0.0.0,1536x864,1536x730,,,0,1i-3 A Training,4,,,1i-3,,,Pass,,1i-3 A Training,1i-3 A Training,9,Training02,TrainingC,1ouhhw,3,continue,,3077.899999999965,3074.5999999999767,3077.899999999965,3077.899999999965,3074.5999999999767,3077.899999999965,1,3077.899999999965,0,0,,Click To Continue,Continue Button,6,object-272,1i-3,_,10,1i-3_10,3,Training02,19_BURYVOLDY,ASK,.png,19_BURYVOLDY_ASK.png,ZETH,WAN,19_BURYVOLDY_ZETH_WAN.png,,ZETH WAN,21_TEACHHOG_ASK.png,21_TEACHHOG_DOTS.png,ZETH WAN,RUSP WIM,ZETH WAN,RUSP WIM,21_TEACHHOG_RUSP_WIM.png,,RUSP WIM,,,,
40,1712309717633,05/04/2024 09:35:17,1712313317633,1,05/04/2024 11:35:17,139619,19,task-eihb,,36765465,BLIND,10840097,,complete,,660fc256946e8466dda6f843,computer,Desktop or Laptop,Windows 10,Chrome 123.0.0.0,1536x864,1536x730,,,0,1i-3 A Training,4,,,1i-3,,,Pass,,1i-3 A Training,1i-3 A Training,10,Training02,TrainingA,34efq7,1,response,WOUX WAN,2175.100000000006,6816.8000000000175,6820.700000000012,2175.100000000006,6816.8000000000175,6820.700000000012,1,2175.100000000006,4645.600000000006,0,,Single Text Entry,TextResponseA,4,object-97,1i-3,_,12,1i-3_12,3,Training02,14_MUNGOS,ASK,.png,14_MUNGOS_ASK.png,WOUX,WAN,14_MUNGOS_WOUX_WAN.png,,WOUX WAN,33_ROR_ASK.png,33_ROR_DOTS.png,FICH WUNG,WOUX WAN,WOUX WAN,FICH WUNG,33_ROR_FICH_WUNG.png,FICH WUNG,,,,,
41,1712309721310,05/04/2024 09:35:21,1712313321310,1,05/04/2024 11:35:21,139619,19,task-eihb,,36765465,BLIND,10840097,,complete,,660fc256946e8466dda6f843,computer,Desktop or Laptop,Windows 10,Chrome 123.0.0.0,1536x864,1536x730,,,0,1i-3 A Training,4,,,1i-3,,,Pass,,1i-3 A Training,1i-3 A Training,10,Training02,TrainingB,2yfdu9,2,response,,3680.899999999994,3675.100000000006,3680.899999999994,3680.899999999994,3675.100000000006,3680.899999999994,1,3680.899999999994,0,0,,Click Response,Option A,4,object-245,1i-3,_,12,1i-3_12,3,Training02,14_MUNGOS,ASK,.png,14_MUNGOS_ASK.png,WOUX,WAN,14_MUNGOS_WOUX_WAN.png,,WOUX WAN,33_ROR_ASK.png,33_ROR_DOTS.png,FICH WUNG,WOUX WAN,WOUX WAN,FICH WUNG,33_ROR_FICH_WUNG.png,FICH WUNG,,,,,
42,1712309723460,05/04/2024 09:35:23,1712313323460,1,05/04/2024 11:35:23,139619,19,task-eihb,,36765465,BLIND,10840097,,complete,,660fc256946e8466dda6f843,computer,Desktop or Laptop,Windows 10,Chrome 123.0.0.0,1536x864,1536x730,,,0,1i-3 A Training,4,,,1i-3,,,Pass,,1i-3 A Training,1i-3 A Training,10,Training02,TrainingC,1ouhhw,3,continue,,2156.000000000058,2149.7999999999884,2156.000000000058,2156.000000000058,2149.7999999999884,2156.000000000058,1,2156.000000000058,0,0,,Click To Continue,Continue Button,6,object-272,1i-3,_,12,1i-3_12,3,Training02,14_MUNGOS,ASK,.png,14_MUNGOS_ASK.png,WOUX,WAN,14_MUNGOS_WOUX_WAN.png,,WOUX WAN,33_ROR_ASK.png,33_ROR_DOTS.png,FICH WUNG,WOUX WAN,WOUX WAN,FICH WUNG,33_ROR_FICH_WUNG.png,FICH WUNG,,,,,
43,1712309732794,05/04/2024 09:35:32,1712313332794,1,05/04/2024 11:35:32,139619,19,task-eihb,,36765465,BLIND,10840097,,complete,,660fc256946e8466dda6f843,computer,Desktop or Laptop,Windows 10,Chrome 123.0.0.0,1536x864,1536x730,,,0,1i-3 A Training,4,,,1i-3,,,Pass,,1i-3 A Training,1i-3 A Training,11,Training02,TrainingA,34efq7,1,response,RUSP WIM ,3233.2999999999884,9333.099999999977,9340,3233.2999999999884,9333.099999999977,9340,0,3233.2999999999884,6106.700000000012,0,,Single Text Entry,TextResponseA,4,object-97,1i-3,_,11,1i-3_11,3,Training02,27_BESTSELLER,ASK,.png,27_BESTSELLER_ASK.png,RUSP,WIM,27_BESTSELLER_RUSP_WIM.png,,RUSP WIM,25_PROSECUTE_ASK.png,25_PROSECUTE_DOTS.png,ZETH WAN,RUSP WIM,RUSP WIM,ZETH WAN,25_PROSECUTE_ZETH_WAN.png,ZETH WAN,,,,,
44,1712309735360,05/04/2024 09:35:35,1712313335360,1,05/04/2024 11:35:35,139619,19,task-eihb,,36765465,BLIND,10840097,,complete,,660fc256946e8466dda6f843,computer,Desktop or Laptop,Windows 10,Chrome 123.0.0.0,1536x864,1536x730,,,0,1i-3 A Training,4,,,1i-3,,,Pass,,1i-3 A Training,1i-3 A Training,11,Training02,TrainingA,34efq7,1,response,RUSP WIM ,11905.599999999977,11899.799999999988,11905.599999999977,11905.599999999977,11899.799999999988,11905.599999999977,0,11905.599999999977,0,0,,Single Text Entry,TextResponseA,4,object-97,1i-3,_,11,1i-3_11,3,Training02,27_BESTSELLER,ASK,.png,27_BESTSELLER_ASK.png,RUSP,WIM,27_BESTSELLER_RUSP_WIM.png,,RUSP WIM,25_PROSECUTE_ASK.png,25_PROSECUTE_DOTS.png,ZETH WAN,RUSP WIM,RUSP WIM,ZETH WAN,25_PROSECUTE_ZETH_WAN.png,ZETH WAN,,,,,
45,1712309737812,05/04/2024 09:35:37,1712313337812,1,05/04/2024 11:35:37,139619,19,task-eihb,,36765465,BLIND,10840097,,complete,,660fc256946e8466dda6f843,computer,Desktop or Laptop,Windows 10,Chrome 123.0.0.0,1536x864,1536x730,,,0,1i-3 A Training,4,,,1i-3,,,Pass,,1i-3 A Training,1i-3 A Training,11,Training02,TrainingA,34efq7,1,response,RUSP WIM,13116.5,14350,14358.400000000023,13116.5,14350,14358.400000000023,1,13116.5,1241.9000000000233,0,,Single Text Entry,TextResponseA,4,object-97,1i-3,_,11,1i-3_11,3,Training02,27_BESTSELLER,ASK,.png,27_BESTSELLER_ASK.png,RUSP,WIM,27_BESTSELLER_RUSP_WIM.png,,RUSP WIM,25_PROSECUTE_ASK.png,25_PROSECUTE_DOTS.png,ZETH WAN,RUSP WIM,RUSP WIM,ZETH WAN,25_PROSECUTE_ZETH_WAN.png,ZETH WAN,,,,,
46,1712309741348,05/04/2024 09:35:41,1712313341348,1,05/04/2024 11:35:41,139619,19,task-eihb,,36765465,BLIND,10840097,,complete,,660fc256946e8466dda6f843,computer,Desktop or Laptop,Windows 10,Chrome 123.0.0.0,1536x864,1536x730,,,0,1i-3 A Training,4,,,1i-3,,,Pass,,1i-3 A Training,1i-3 A Training,11,Training02,TrainingB,2yfdu9,2,response,,3543.5999999999767,3541.5,3543.5999999999767,3543.5999999999767,3541.5,3543.5999999999767,1,3543.5999999999767,0,0,,Click Response,Option A,4,object-245,1i-3,_,11,1i-3_11,3,Training02,27_BESTSELLER,ASK,.png,27_BESTSELLER_ASK.png,RUSP,WIM,27_BESTSELLER_RUSP_WIM.png,,RUSP WIM,25_PROSECUTE_ASK.png,25_PROSECUTE_DOTS.png,ZETH WAN,RUSP WIM,RUSP WIM,ZETH WAN,25_PROSECUTE_ZETH_WAN.png,ZETH WAN,,,,,
47,1712309744012,05/04/2024 09:35:44,1712313344012,1,05/04/2024 11:35:44,139619,19,task-eihb,,36765465,BLIND,10840097,,complete,,660fc256946e8466dda6f843,computer,Desktop or Laptop,Windows 10,Chrome 123.0.0.0,1536x864,1536x730,,,0,1i-3 A Training,4,,,1i-3,,,Pass,,1i-3 A Training,1i-3 A Training,11,Training02,TrainingC,1ouhhw,3,continue,,2666.3000000000466,2658.2000000000116,2666.3000000000466,2666.3000000000466,2658.2000000000116,2666.3000000000466,1,2666.3000000000466,0,0,,Click To Continue,Continue Button,6,object-272,1i-3,_,11,1i-3_11,3,Training02,27_BESTSELLER,ASK,.png,27_BESTSELLER_ASK.png,RUSP,WIM,27_BESTSELLER_RUSP_WIM.png,,RUSP WIM,25_PROSECUTE_ASK.png,25_PROSECUTE_DOTS.png,ZETH WAN,RUSP WIM,RUSP WIM,ZETH WAN,25_PROSECUTE_ZETH_WAN.png,ZETH WAN,,,,,
48,1712309753472,05/04/2024 09:35:53,1712313353472,1,05/04/2024 11:35:53,139619,19,task-eihb,,36765465,BLIND,10840097,,complete,,660fc256946e8466dda6f843,computer,Desktop or Laptop,Windows 10,Chrome 123.0.0.0,1536x864,1536x730,,,0,1i-3 A Training,4,,,1i-3,,,Pass,,1i-3 A Training,1i-3 A Training,12,Training02,TrainingA,34efq7,1,response,FICH WUNG,3158.2000000000116,9466.299999999988,9468.600000000035,3158.2000000000116,9466.299999999988,9468.600000000035,1,3158.2000000000116,6310.400000000023,0,,Single Text Entry,TextResponseA,4,object-97,1i-3,_,09,1i-3_09,3,Training02,32_QWC,ASK,.png,32_QWC_ASK.png,FICH,WUNG,32_QWC_FICH_WUNG.png,,FICH WUNG,13_QUIBBLER_ASK.png,13_QUIBBLER_DOTS.png,FICH WUNG,WOUX WAN,FICH WUNG,WOUX WAN,13_QUIBBLER_WOUX_WAN.png,,WOUX WAN,,,,
49,1712309758679,05/04/2024 09:35:58,1712313358679,1,05/04/2024 11:35:58,139619,19,task-eihb,,36765465,BLIND,10840097,,complete,,660fc256946e8466dda6f843,computer,Desktop or Laptop,Windows 10,Chrome 123.0.0.0,1536x864,1536x730,,,0,1i-3 A Training,4,,,1i-3,,,Pass,,1i-3 A Training,1i-3 A Training,12,Training02,TrainingB,2yfdu9,2,response,,5208.299999999988,5200,5208.299999999988,5208.299999999988,5200,5208.299999999988,1,5208.299999999988,0,0,,Click Response,Option B,5,object-246,1i-3,_,09,1i-3_09,3,Training02,32_QWC,ASK,.png,32_QWC_ASK.png,FICH,WUNG,32_QWC_FICH_WUNG.png,,FICH WUNG,13_QUIBBLER_ASK.png,13_QUIBBLER_DOTS.png,FICH WUNG,WOUX WAN,FICH WUNG,WOUX WAN,13_QUIBBLER_WOUX_WAN.png,,WOUX WAN,,,,
50,1712309759978,05/04/2024 09:35:59,1712313359978,1,05/04/2024 11:35:59,139619,19,task-eihb,,36765465,BLIND,10840097,,complete,,660fc256946e8466dda6f843,computer,Desktop or Laptop,Windows 10,Chrome 123.0.0.0,1536x864,1536x730,,,0,1i-3 A Training,4,,,1i-3,,,Pass,,1i-3 A Training,1i-3 A Training,12,Training02,TrainingC,1ouhhw,3,continue,,1307.8000000000466,1300,1307.8000000000466,1307.8000000000466,1300,1307.8000000000466,1,1307.8000000000466,0,0,,Click To Continue,Continue Button,6,object-272,1i-3,_,09,1i-3_09,3,Training02,32_QWC,ASK,.png,32_QWC_ASK.png,FICH,WUNG,32_QWC_FICH_WUNG.png,,FICH WUNG,13_QUIBBLER_ASK.png,13_QUIBBLER_DOTS.png,FICH WUNG,WOUX WAN,FICH WUNG,WOUX WAN,13_QUIBBLER_WOUX_WAN.png,,WOUX WAN,,,,
51,1712309769481,05/04/2024 09:36:09,1712313369481,1,05/04/2024 11:36:09,139619,19,task-eihb,,36765465,BLIND,10840097,,complete,,660fc256946e8466dda6f843,computer,Desktop or Laptop,Windows 10,Chrome 123.0.0.0,1536x864,1536x730,,,0,1i-3 A Training,4,,,1i-3,,,Pass,,1i-3 A Training,1i-3 A Training,13,Training02,TrainingA,34efq7,1,response,RUSP WIM,4800.099999999977,9508.299999999988,9511.20000000007,4800.099999999977,9508.299999999988,9511.20000000007,1,4800.099999999977,4711.100000000093,0,,Single Text Entry,TextResponseA,4,object-97,1i-3,_,15,1i-3_15,4,Training02,06_MOM,ASK,.png,06_MOM_ASK.png,RUSP,WIM,06_MOM_RUSP_WIM.png,,RUSP WIM,26_ERISED_ASK.png,26_ERISED_DOTS.png,RUSP WIM,FICH WUNG,RUSP WIM,FICH WUNG,26_ERISED_FICH_WUNG.png,,FICH WUNG,,,,
52,1712309774049,05/04/2024 09:36:14,1712313374049,1,05/04/2024 11:36:14,139619,19,task-eihb,,36765465,BLIND,10840097,,complete,,660fc256946e8466dda6f843,computer,Desktop or Laptop,Windows 10,Chrome 123.0.0.0,1536x864,1536x730,,,0,1i-3 A Training,4,,,1i-3,,,Pass,,1i-3 A Training,1i-3 A Training,13,Training02,TrainingB,2yfdu9,2,response,,4570.799999999988,4566.600000000035,4570.799999999988,4570.799999999988,4566.600000000035,4570.799999999988,1,4570.799999999988,0,0,,Click Response,Option B,5,object-246,1i-3,_,15,1i-3_15,4,Training02,06_MOM,ASK,.png,06_MOM_ASK.png,RUSP,WIM,06_MOM_RUSP_WIM.png,,RUSP WIM,26_ERISED_ASK.png,26_ERISED_DOTS.png,RUSP WIM,FICH WUNG,RUSP WIM,FICH WUNG,26_ERISED_FICH_WUNG.png,,FICH WUNG,,,,
53,1712309776564,05/04/2024 09:36:16,1712313376564,1,05/04/2024 11:36:16,139619,19,task-eihb,,36765465,BLIND,10840097,,complete,,660fc256946e8466dda6f843,computer,Desktop or Laptop,Windows 10,Chrome 123.0.0.0,1536x864,1536x730,,,0,1i-3 A Training,4,,,1i-3,,,Pass,,1i-3 A Training,1i-3 A Training,13,Training02,TrainingC,1ouhhw,3,continue,,2518.8000000000466,2516.399999999965,2518.8000000000466,2518.8000000000466,2516.399999999965,2518.8000000000466,1,2518.8000000000466,0,0,,Click To Continue,Continue Button,6,object-272,1i-3,_,15,1i-3_15,4,Training02,06_MOM,ASK,.png,06_MOM_ASK.png,RUSP,WIM,06_MOM_RUSP_WIM.png,,RUSP WIM,26_ERISED_ASK.png,26_ERISED_DOTS.png,RUSP WIM,FICH WUNG,RUSP WIM,FICH WUNG,26_ERISED_FICH_WUNG.png,,FICH WUNG,,,,
54,1712309784464,05/04/2024 09:36:24,1712313384464,1,05/04/2024 11:36:24,139619,19,task-eihb,,36765465,BLIND,10840097,,complete,,660fc256946e8466dda6f843,computer,Desktop or Laptop,Windows 10,Chrome 123.0.0.0,1536x864,1536x730,,,0,1i-3 A Training,4,,,1i-3,,,Pass,,1i-3 A Training,1i-3 A Training,14,Training02,TrainingA,34efq7,1,response,ZETH WAN,4791.799999999988,7900.100000000035,7902.700000000012,4791.799999999988,7900.100000000035,7902.700000000012,1,4791.799999999988,3110.9000000000233,0,,Single Text Entry,TextResponseA,4,object-97,1i-3,_,14,1i-3_14,4,Training02,33_ROR,ASK,.png,33_ROR_ASK.png,ZETH,WAN,33_ROR_ZETH_WAN.png,,ZETH WAN,19_BURYVOLDY_ASK.png,19_BURYVOLDY_DOTS.png,ZETH WAN,WOUX WAN,ZETH WAN,WOUX WAN,19_BURYVOLDY_WOUX_WAN.png,,WOUX WAN,,,,
55,1712309788120,05/04/2024 09:36:28,1712313388120,1,05/04/2024 11:36:28,139619,19,task-eihb,,36765465,BLIND,10840097,,complete,,660fc256946e8466dda6f843,computer,Desktop or Laptop,Windows 10,Chrome 123.0.0.0,1536x864,1536x730,,,0,1i-3 A Training,4,,,1i-3,,,Pass,,1i-3 A Training,1i-3 A Training,14,Training02,TrainingB,2yfdu9,2,response,,3658.2000000000116,3649.7999999999884,3658.2000000000116,3658.2000000000116,3649.7999999999884,3658.2000000000116,1,3658.2000000000116,0,0,,Click Response,Option B,5,object-246,1i-3,_,14,1i-3_14,4,Training02,33_ROR,ASK,.png,33_ROR_ASK.png,ZETH,WAN,33_ROR_ZETH_WAN.png,,ZETH WAN,19_BURYVOLDY_ASK.png,19_BURYVOLDY_DOTS.png,ZETH WAN,WOUX WAN,ZETH WAN,WOUX WAN,19_BURYVOLDY_WOUX_WAN.png,,WOUX WAN,,,,
56,1712309790826,05/04/2024 09:36:30,1712313390826,1,05/04/2024 11:36:30,139619,19,task-eihb,,36765465,BLIND,10840097,,complete,,660fc256946e8466dda6f843,computer,Desktop or Laptop,Windows 10,Chrome 123.0.0.0,1536x864,1536x730,,,0,1i-3 A Training,4,,,1i-3,,,Pass,,1i-3 A Training,1i-3 A Training,14,Training02,TrainingC,1ouhhw,3,continue,,2714.500000000058,2708.399999999965,2714.500000000058,2714.500000000058,2708.399999999965,2714.500000000058,1,2714.500000000058,0,0,,Click To Continue,Continue Button,6,object-272,1i-3,_,14,1i-3_14,4,Training02,33_ROR,ASK,.png,33_ROR_ASK.png,ZETH,WAN,33_ROR_ZETH_WAN.png,,ZETH WAN,19_BURYVOLDY_ASK.png,19_BURYVOLDY_DOTS.png,ZETH WAN,WOUX WAN,ZETH WAN,WOUX WAN,19_BURYVOLDY_WOUX_WAN.png,,WOUX WAN,,,,
57,1712309798705,05/04/2024 09:36:38,1712313398705,1,05/04/2024 11:36:38,139619,19,task-eihb,,36765465,BLIND,10840097,,complete,,660fc256946e8466dda6f843,computer,Desktop or Laptop,Windows 10,Chrome 123.0.0.0,1536x864,1536x730,,,0,1i-3 A Training,4,,,1i-3,,,Pass,,1i-3 A Training,1i-3 A Training,15,Training02,TrainingA,34efq7,1,response,FICH WUNG,2549.9000000000233,7882.900000000023,7884.800000000047,2549.9000000000233,7882.900000000023,7884.800000000047,1,2549.9000000000233,5334.900000000023,0,,Single Text Entry,TextResponseA,4,object-97,1i-3,_,13,1i-3_13,4,Training02,11_RONWAND,ASK,.png,11_RONWAND_ASK.png,FICH,WUNG,11_RONWAND_FICH_WUNG.png,,FICH WUNG,06_MOM_ASK.png,06_MOM_DOTS.png,ZETH WAN,FICH WUNG,FICH WUNG,ZETH WAN,06_MOM_ZETH_WAN.png,ZETH WAN,,,,,
58,1712309803056,05/04/2024 09:36:43,1712313403056,1,05/04/2024 11:36:43,139619,19,task-eihb,,36765465,BLIND,10840097,,complete,,660fc256946e8466dda6f843,computer,Desktop or Laptop,Windows 10,Chrome 123.0.0.0,1536x864,1536x730,,,0,1i-3 A Training,4,,,1i-3,,,Pass,,1i-3 A Training,1i-3 A Training,15,Training02,TrainingB,2yfdu9,2,response,,4353,4350,4353,4353,4350,4353,1,4353,0,0,,Click Response,Option A,4,object-245,1i-3,_,13,1i-3_13,4,Training02,11_RONWAND,ASK,.png,11_RONWAND_ASK.png,FICH,WUNG,11_RONWAND_FICH_WUNG.png,,FICH WUNG,06_MOM_ASK.png,06_MOM_DOTS.png,ZETH WAN,FICH WUNG,FICH WUNG,ZETH WAN,06_MOM_ZETH_WAN.png,ZETH WAN,,,,,
59,1712309804637,05/04/2024 09:36:44,1712313404637,1,05/04/2024 11:36:44,139619,19,task-eihb,,36765465,BLIND,10840097,,complete,,660fc256946e8466dda6f843,computer,Desktop or Laptop,Windows 10,Chrome 123.0.0.0,1536x864,1536x730,,,0,1i-3 A Training,4,,,1i-3,,,Pass,,1i-3 A Training,1i-3 A Training,15,Training02,TrainingC,1ouhhw,3,continue,,1583.7999999999884,1575.2999999999884,1583.7999999999884,1583.7999999999884,1575.2999999999884,1583.7999999999884,1,1583.7999999999884,0,0,,Click To Continue,Continue Button,6,object-272,1i-3,_,13,1i-3_13,4,Training02,11_RONWAND,ASK,.png,11_RONWAND_ASK.png,FICH,WUNG,11_RONWAND_FICH_WUNG.png,,FICH WUNG,06_MOM_ASK.png,06_MOM_DOTS.png,ZETH WAN,FICH WUNG,FICH WUNG,ZETH WAN,06_MOM_ZETH_WAN.png,ZETH WAN,,,,,
60,1712309810814,05/04/2024 09:36:50,1712313410814,1,05/04/2024 11:36:50,139619,19,task-eihb,,36765465,BLIND,10840097,,complete,,660fc256946e8466dda6f843,computer,Desktop or Laptop,Windows 10,Chrome 123.0.0.0,1536x864,1536x730,,,0,1i-3 A Training,4,,,1i-3,,,Pass,,1i-3 A Training,1i-3 A Training,16,Training02,TrainingA,34efq7,1,response,WOUX WAN,3191.2999999999884,6182.799999999988,6186.200000000012,3191.2999999999884,6182.799999999988,6186.200000000012,1,3191.2999999999884,2994.9000000000233,0,,Single Text Entry,TextResponseA,4,object-97,1i-3,_,16,1i-3_16,4,Training02,42_ENGLAND,ASK,.png,42_ENGLAND_ASK.png,WOUX,WAN,42_ENGLAND_WOUX_WAN.png,,WOUX WAN,41_PIXIE_ASK.png,41_PIXIE_DOTS.png,RUSP WIM,WOUX WAN,WOUX WAN,RUSP WIM,41_PIXIE_RUSP_WIM.png,RUSP WIM,,,,,
61,1712309815621,05/04/2024 09:36:55,1712313415621,1,05/04/2024 11:36:55,139619,19,task-eihb,,36765465,BLIND,10840097,,complete,,660fc256946e8466dda6f843,computer,Desktop or Laptop,Windows 10,Chrome 123.0.0.0,1536x864,1536x730,,,0,1i-3 A Training,4,,,1i-3,,,Pass,,1i-3 A Training,1i-3 A Training,16,Training02,TrainingB,2yfdu9,2,response,,4810.5,4808.400000000023,4810.5,4810.5,4808.400000000023,4810.5,1,4810.5,0,0,,Click Response,Option A,4,object-245,1i-3,_,16,1i-3_16,4,Training02,42_ENGLAND,ASK,.png,42_ENGLAND_ASK.png,WOUX,WAN,42_ENGLAND_WOUX_WAN.png,,WOUX WAN,41_PIXIE_ASK.png,41_PIXIE_DOTS.png,RUSP WIM,WOUX WAN,WOUX WAN,RUSP WIM,41_PIXIE_RUSP_WIM.png,RUSP WIM,,,,,
62,1712309817539,05/04/2024 09:36:57,1712313417539,1,05/04/2024 11:36:57,139619,19,task-eihb,,36765465,BLIND,10840097,,complete,,660fc256946e8466dda6f843,computer,Desktop or Laptop,Windows 10,Chrome 123.0.0.0,1536x864,1536x730,,,0,1i-3 A Training,4,,,1i-3,,,Pass,,1i-3 A Training,1i-3 A Training,16,Training02,TrainingC,1ouhhw,3,continue,,1919.4000000000233,1916.5999999999767,1919.4000000000233,1919.4000000000233,1916.5999999999767,1919.4000000000233,1,1919.4000000000233,0,0,,Click To Continue,Continue Button,6,object-272,1i-3,_,16,1i-3_16,4,Training02,42_ENGLAND,ASK,.png,42_ENGLAND_ASK.png,WOUX,WAN,42_ENGLAND_WOUX_WAN.png,,WOUX WAN,41_PIXIE_ASK.png,41_PIXIE_DOTS.png,RUSP WIM,WOUX WAN,WOUX WAN,RUSP WIM,41_PIXIE_RUSP_WIM.png,RUSP WIM,,,,,
63,1712309822776,05/04/2024 09:37:02,1712313422776,1,05/04/2024 11:37:02,139619,19,task-eihb,,36765465,BLIND,10840097,,complete,,660fc256946e8466dda6f843,computer,Desktop or Laptop,Windows 10,Chrome 123.0.0.0,1536x864,1536x730,,,0,1i-3 A Training,4,,,1i-3,,,Pass,,1i-3 A Training,1i-3 A Training,17,Training02,TrainingA,34efq7,1,response,WOUX WAN,2633.4000000000233,5233.400000000023,5240.600000000093,2633.4000000000233,5233.400000000023,5240.600000000093,1,2633.4000000000233,2607.20000000007,0,,Single Text Entry,TextResponseA,4,object-97,1i-3,_,20,1i-3_20,5,Training02,21_TEACHHOG,ASK,.png,21_TEACHHOG_ASK.png,WOUX,WAN,21_TEACHHOG_WOUX_WAN.png,,WOUX WAN,42_ENGLAND_ASK.png,42_ENGLAND_DOTS.png,WOUX WAN,ZETH WAN,WOUX WAN,ZETH WAN,42_ENGLAND_ZETH_WAN.png,,ZETH WAN,,,,
64,1712309826311,05/04/2024 09:37:06,1712313426311,1,05/04/2024 11:37:06,139619,19,task-eihb,,36765465,BLIND,10840097,,complete,,660fc256946e8466dda6f843,computer,Desktop or Laptop,Windows 10,Chrome 123.0.0.0,1536x864,1536x730,,,0,1i-3 A Training,4,,,1i-3,,,Pass,,1i-3 A Training,1i-3 A Training,17,Training02,TrainingB,2yfdu9,2,response,,3541.3000000000466,3533.2000000000116,3541.3000000000466,3541.3000000000466,3533.2000000000116,3541.3000000000466,1,3541.3000000000466,0,0,,Click Response,Option B,5,object-246,1i-3,_,20,1i-3_20,5,Training02,21_TEACHHOG,ASK,.png,21_TEACHHOG_ASK.png,WOUX,WAN,21_TEACHHOG_WOUX_WAN.png,,WOUX WAN,42_ENGLAND_ASK.png,42_ENGLAND_DOTS.png,WOUX WAN,ZETH WAN,WOUX WAN,ZETH WAN,42_ENGLAND_ZETH_WAN.png,,ZETH WAN,,,,
65,1712309828131,05/04/2024 09:37:08,1712313428131,1,05/04/2024 11:37:08,139619,19,task-eihb,,36765465,BLIND,10840097,,complete,,660fc256946e8466dda6f843,computer,Desktop or Laptop,Windows 10,Chrome 123.0.0.0,1536x864,1536x730,,,0,1i-3 A Training,4,,,1i-3,,,Pass,,1i-3 A Training,1i-3 A Training,17,Training02,TrainingC,1ouhhw,3,continue,,1828.5000000000582,1825.2000000000116,1828.5000000000582,1828.5000000000582,1825.2000000000116,1828.5000000000582,1,1828.5000000000582,0,0,,Click To Continue,Continue Button,6,object-272,1i-3,_,20,1i-3_20,5,Training02,21_TEACHHOG,ASK,.png,21_TEACHHOG_ASK.png,WOUX,WAN,21_TEACHHOG_WOUX_WAN.png,,WOUX WAN,42_ENGLAND_ASK.png,42_ENGLAND_DOTS.png,WOUX WAN,ZETH WAN,WOUX WAN,ZETH WAN,42_ENGLAND_ZETH_WAN.png,,ZETH WAN,,,,
66,1712309832877,05/04/2024 09:37:12,1712313432877,1,05/04/2024 11:37:12,139619,19,task-eihb,,36765465,BLIND,10840097,,complete,,660fc256946e8466dda6f843,computer,Desktop or Laptop,Windows 10,Chrome 123.0.0.0,1536x864,1536x730,,,0,1i-3 A Training,4,,,1i-3,,,Pass,,1i-3 A Training,1i-3 A Training,18,Training02,TrainingA,34efq7,1,response,ZETH WAN,2333.0999999999767,4741.199999999953,4749.199999999953,2333.0999999999767,4741.199999999953,4749.199999999953,1,2333.0999999999767,2416.0999999999767,0,,Single Text Entry,TextResponseA,4,object-97,1i-3,_,18,1i-3_18,5,Training02,05_AUROR,ASK,.png,05_AUROR_ASK.png,ZETH,WAN,05_AUROR_ZETH_WAN.png,,ZETH WAN,11_RONWAND_ASK.png,11_RONWAND_DOTS.png,ZETH WAN,FICH WUNG,ZETH WAN,FICH WUNG,11_RONWAND_FICH_WUNG.png,,FICH WUNG,,,,
67,1712309836608,05/04/2024 09:37:16,1712313436608,1,05/04/2024 11:37:16,139619,19,task-eihb,,36765465,BLIND,10840097,,complete,,660fc256946e8466dda6f843,computer,Desktop or Laptop,Windows 10,Chrome 123.0.0.0,1536x864,1536x730,,,0,1i-3 A Training,4,,,1i-3,,,Pass,,1i-3 A Training,1i-3 A Training,18,Training02,TrainingB,2yfdu9,2,response,,3739.4000000001397,3733.5,3739.4000000001397,3739.4000000001397,3733.5,3739.4000000001397,1,3739.4000000001397,0,0,,Click Response,Option B,5,object-246,1i-3,_,18,1i-3_18,5,Training02,05_AUROR,ASK,.png,05_AUROR_ASK.png,ZETH,WAN,05_AUROR_ZETH_WAN.png,,ZETH WAN,11_RONWAND_ASK.png,11_RONWAND_DOTS.png,ZETH WAN,FICH WUNG,ZETH WAN,FICH WUNG,11_RONWAND_FICH_WUNG.png,,FICH WUNG,,,,
68,1712309837914,05/04/2024 09:37:17,1712313437914,1,05/04/2024 11:37:17,139619,19,task-eihb,,36765465,BLIND,10840097,,complete,,660fc256946e8466dda6f843,computer,Desktop or Laptop,Windows 10,Chrome 123.0.0.0,1536x864,1536x730,,,0,1i-3 A Training,4,,,1i-3,,,Pass,,1i-3 A Training,1i-3 A Training,18,Training02,TrainingC,1ouhhw,3,continue,,1311.9000000001397,1308.3000000000466,1311.9000000001397,1311.9000000001397,1308.3000000000466,1311.9000000001397,1,1311.9000000001397,0,0,,Click To Continue,Continue Button,6,object-272,1i-3,_,18,1i-3_18,5,Training02,05_AUROR,ASK,.png,05_AUROR_ASK.png,ZETH,WAN,05_AUROR_ZETH_WAN.png,,ZETH WAN,11_RONWAND_ASK.png,11_RONWAND_DOTS.png,ZETH WAN,FICH WUNG,ZETH WAN,FICH WUNG,11_RONWAND_FICH_WUNG.png,,FICH WUNG,,,,
69,1712309845034,05/04/2024 09:37:25,1712313445034,1,05/04/2024 11:37:25,139619,19,task-eihb,,36765465,BLIND,10840097,,complete,,660fc256946e8466dda6f843,computer,Desktop or Laptop,Windows 10,Chrome 123.0.0.0,1536x864,1536x730,,,0,1i-3 A Training,4,,,1i-3,,,Pass,,1i-3 A Training,1i-3 A Training,19,Training02,TrainingA,34efq7,1,response,RUSP WIM ,2466.399999999965,7116.5,7123.699999999953,2466.399999999965,7116.5,7123.699999999953,0,2466.399999999965,4657.299999999988,0,,Single Text Entry,TextResponseA,4,object-97,1i-3,_,19,1i-3_19,5,Training02,41_PIXIE,ASK,.png,41_PIXIE_ASK.png,RUSP,WIM,41_PIXIE_RUSP_WIM.png,,RUSP WIM,35_PROPHET_ASK.png,35_PROPHET_DOTS.png,WOUX WAN,RUSP WIM,RUSP WIM,WOUX WAN,35_PROPHET_WOUX_WAN.png,WOUX WAN,,,,,
70,1712309847150,05/04/2024 09:37:27,1712313447150,1,05/04/2024 11:37:27,139619,19,task-eihb,,36765465,BLIND,10840097,,complete,,660fc256946e8466dda6f843,computer,Desktop or Laptop,Windows 10,Chrome 123.0.0.0,1536x864,1536x730,,,0,1i-3 A Training,4,,,1i-3,,,Pass,,1i-3 A Training,1i-3 A Training,19,Training02,TrainingA,34efq7,1,response,RUSP WIM,8291.599999999977,9233.099999999977,9239.100000000093,8291.599999999977,9233.099999999977,9239.100000000093,1,8291.599999999977,947.5000000001164,0,,Single Text Entry,TextResponseA,4,object-97,1i-3,_,19,1i-3_19,5,Training02,41_PIXIE,ASK,.png,41_PIXIE_ASK.png,RUSP,WIM,41_PIXIE_RUSP_WIM.png,,RUSP WIM,35_PROPHET_ASK.png,35_PROPHET_DOTS.png,WOUX WAN,RUSP WIM,RUSP WIM,WOUX WAN,35_PROPHET_WOUX_WAN.png,WOUX WAN,,,,,
71,1712309850622,05/04/2024 09:37:30,1712313450622,1,05/04/2024 11:37:30,139619,19,task-eihb,,36765465,BLIND,10840097,,complete,,660fc256946e8466dda6f843,computer,Desktop or Laptop,Windows 10,Chrome 123.0.0.0,1536x864,1536x730,,,0,1i-3 A Training,4,,,1i-3,,,Pass,,1i-3 A Training,1i-3 A Training,19,Training02,TrainingB,2yfdu9,2,response,,3477.9000000000233,3474.7999999999884,3477.9000000000233,3477.9000000000233,3474.7999999999884,3477.9000000000233,1,3477.9000000000233,0,0,,Click Response,Option A,4,object-245,1i-3,_,19,1i-3_19,5,Training02,41_PIXIE,ASK,.png,41_PIXIE_ASK.png,RUSP,WIM,41_PIXIE_RUSP_WIM.png,,RUSP WIM,35_PROPHET_ASK.png,35_PROPHET_DOTS.png,WOUX WAN,RUSP WIM,RUSP WIM,WOUX WAN,35_PROPHET_WOUX_WAN.png,WOUX WAN,,,,,
72,1712309852484,05/04/2024 09:37:32,1712313452484,1,05/04/2024 11:37:32,139619,19,task-eihb,,36765465,BLIND,10840097,,complete,,660fc256946e8466dda6f843,computer,Desktop or Laptop,Windows 10,Chrome 123.0.0.0,1536x864,1536x730,,,0,1i-3 A Training,4,,,1i-3,,,Pass,,1i-3 A Training,1i-3 A Training,19,Training02,TrainingC,1ouhhw,3,continue,,1865.9000000000815,1858.5,1865.9000000000815,1865.9000000000815,1858.5,1865.9000000000815,1,1865.9000000000815,0,0,,Click To Continue,Continue Button,6,object-272,1i-3,_,19,1i-3_19,5,Training02,41_PIXIE,ASK,.png,41_PIXIE_ASK.png,RUSP,WIM,41_PIXIE_RUSP_WIM.png,,RUSP WIM,35_PROPHET_ASK.png,35_PROPHET_DOTS.png,WOUX WAN,RUSP WIM,RUSP WIM,WOUX WAN,35_PROPHET_WOUX_WAN.png,WOUX WAN,,,,,
73,1712309861395,05/04/2024 09:37:41,1712313461395,1,05/04/2024 11:37:41,139619,19,task-eihb,,36765465,BLIND,10840097,,complete,,660fc256946e8466dda6f843,computer,Desktop or Laptop,Windows 10,Chrome 123.0.0.0,1536x864,1536x730,,,0,1i-3 A Training,4,,,1i-3,,,Pass,,1i-3 A Training,1i-3 A Training,20,Training02,TrainingA,34efq7,1,response,FICH WUNG,2300,8916.299999999988,8918.200000000128,2300,8916.299999999988,8918.200000000128,1,2300,6618.200000000128,0,,Single Text Entry,TextResponseA,4,object-97,1i-3,_,17,1i-3_17,5,Training02,25_PROSECUTE,ASK,.png,25_PROSECUTE_ASK.png,FICH,WUNG,25_PROSECUTE_FICH_WUNG.png,,FICH WUNG,04_WHEEZES_ASK.png,04_WHEEZES_DOTS.png,RUSP WIM,FICH WUNG,FICH WUNG,RUSP WIM,04_WHEEZES_RUSP_WIM.png,RUSP WIM,,,,,
74,1712309865754,05/04/2024 09:37:45,1712313465754,1,05/04/2024 11:37:45,139619,19,task-eihb,,36765465,BLIND,10840097,,complete,,660fc256946e8466dda6f843,computer,Desktop or Laptop,Windows 10,Chrome 123.0.0.0,1536x864,1536x730,,,0,1i-3 A Training,4,,,1i-3,,,Pass,,1i-3 A Training,1i-3 A Training,20,Training02,TrainingB,2yfdu9,2,response,,4360.600000000093,4358.5,4360.600000000093,4360.600000000093,4358.5,4360.600000000093,1,4360.600000000093,0,0,,Click Response,Option A,4,object-245,1i-3,_,17,1i-3_17,5,Training02,25_PROSECUTE,ASK,.png,25_PROSECUTE_ASK.png,FICH,WUNG,25_PROSECUTE_FICH_WUNG.png,,FICH WUNG,04_WHEEZES_ASK.png,04_WHEEZES_DOTS.png,RUSP WIM,FICH WUNG,FICH WUNG,RUSP WIM,04_WHEEZES_RUSP_WIM.png,RUSP WIM,,,,,
75,1712309867674,05/04/2024 09:37:47,1712313467674,1,05/04/2024 11:37:47,139619,19,task-eihb,,36765465,BLIND,10840097,,complete,,660fc256946e8466dda6f843,computer,Desktop or Laptop,Windows 10,Chrome 123.0.0.0,1536x864,1536x730,,,0,1i-3 A Training,4,,,1i-3,,,Pass,,1i-3 A Training,1i-3 A Training,20,Training02,TrainingC,1ouhhw,3,continue,,1922.1999999999534,1916.5,1922.1999999999534,1922.1999999999534,1916.5,1922.1999999999534,1,1922.1999999999534,0,0,,Click To Continue,Continue Button,6,object-272,1i-3,_,17,1i-3_17,5,Training02,25_PROSECUTE,ASK,.png,25_PROSECUTE_ASK.png,FICH,WUNG,25_PROSECUTE_FICH_WUNG.png,,FICH WUNG,04_WHEEZES_ASK.png,04_WHEEZES_DOTS.png,RUSP WIM,FICH WUNG,FICH WUNG,RUSP WIM,04_WHEEZES_RUSP_WIM.png,RUSP WIM,,,,,
76,1712309872563,05/04/2024 09:37:52,1712313472563,1,05/04/2024 11:37:52,139619,19,task-eihb,,36765465,BLIND,10840097,,complete,,660fc256946e8466dda6f843,computer,Desktop or Laptop,Windows 10,Chrome 123.0.0.0,1536x864,1536x730,,,0,1i-3 A Training,4,,,1i-3,,,Pass,,1i-3 A Training,1i-3 A Training,21,Training02,TrainingA,34efq7,1,response,WOUX WAN,1975,4891.600000000035,4894.300000000047,1975,4891.600000000035,4894.300000000047,1,1975,2919.3000000000466,0,,Single Text Entry,TextResponseA,4,object-97,1i-3,_,24,1i-3_24,6,Training02,07_AZKABAN,ASK,.png,07_AZKABAN_ASK.png,WOUX,WAN,07_AZKABAN_WOUX_WAN.png,,WOUX WAN,32_QWC_ASK.png,32_QWC_DOTS.png,WOUX WAN,FICH WUNG,WOUX WAN,FICH WUNG,32_QWC_FICH_WUNG.png,,FICH WUNG,,,,
77,1712309875756,05/04/2024 09:37:55,1712313475756,1,05/04/2024 11:37:55,139619,19,task-eihb,,36765465,BLIND,10840097,,complete,,660fc256946e8466dda6f843,computer,Desktop or Laptop,Windows 10,Chrome 123.0.0.0,1536x864,1536x730,,,0,1i-3 A Training,4,,,1i-3,,,Pass,,1i-3 A Training,1i-3 A Training,21,Training02,TrainingB,2yfdu9,2,response,,3196.000000000058,3191.5999999999767,3196.000000000058,3196.000000000058,3191.5999999999767,3196.000000000058,1,3196.000000000058,0,0,,Click Response,Option B,5,object-246,1i-3,_,24,1i-3_24,6,Training02,07_AZKABAN,ASK,.png,07_AZKABAN_ASK.png,WOUX,WAN,07_AZKABAN_WOUX_WAN.png,,WOUX WAN,32_QWC_ASK.png,32_QWC_DOTS.png,WOUX WAN,FICH WUNG,WOUX WAN,FICH WUNG,32_QWC_FICH_WUNG.png,,FICH WUNG,,,,
78,1712309876994,05/04/2024 09:37:56,1712313476994,1,05/04/2024 11:37:56,139619,19,task-eihb,,36765465,BLIND,10840097,,complete,,660fc256946e8466dda6f843,computer,Desktop or Laptop,Windows 10,Chrome 123.0.0.0,1536x864,1536x730,,,0,1i-3 A Training,4,,,1i-3,,,Pass,,1i-3 A Training,1i-3 A Training,21,Training02,TrainingC,1ouhhw,3,continue,,1241.4999999999418,1233.2999999999884,1241.4999999999418,1241.4999999999418,1233.2999999999884,1241.4999999999418,1,1241.4999999999418,0,0,,Click To Continue,Continue Button,6,object-272,1i-3,_,24,1i-3_24,6,Training02,07_AZKABAN,ASK,.png,07_AZKABAN_ASK.png,WOUX,WAN,07_AZKABAN_WOUX_WAN.png,,WOUX WAN,32_QWC_ASK.png,32_QWC_DOTS.png,WOUX WAN,FICH WUNG,WOUX WAN,FICH WUNG,32_QWC_FICH_WUNG.png,,FICH WUNG,,,,
79,1712309883878,05/04/2024 09:38:03,1712313483878,1,05/04/2024 11:38:03,139619,19,task-eihb,,36765465,BLIND,10840097,,complete,,660fc256946e8466dda6f843,computer,Desktop or Laptop,Windows 10,Chrome 123.0.0.0,1536x864,1536x730,,,0,1i-3 A Training,4,,,1i-3,,,Pass,,1i-3 A Training,1i-3 A Training,22,Training02,TrainingA,34efq7,1,response,ZETH WAN ,4016.600000000035,6883.200000000012,6891.400000000023,4016.600000000035,6883.200000000012,6891.400000000023,0,4016.600000000035,2874.7999999999884,0,,Single Text Entry,TextResponseA,4,object-97,1i-3,_,22,1i-3_22,6,Training02,26_ERISED,ASK,.png,26_ERISED_ASK.png,ZETH,WAN,26_ERISED_ZETH_WAN.png,,ZETH WAN,18_LIVEGODRIC_ASK.png,18_LIVEGODRIC_DOTS.png,RUSP WIM,ZETH WAN,ZETH WAN,RUSP WIM,18_LIVEGODRIC_RUSP_WIM.png,RUSP WIM,,,,,
80,1712309886463,05/04/2024 09:38:06,1712313486463,1,05/04/2024 11:38:06,139619,19,task-eihb,,36765465,BLIND,10840097,,complete,,660fc256946e8466dda6f843,computer,Desktop or Laptop,Windows 10,Chrome 123.0.0.0,1536x864,1536x730,,,0,1i-3 A Training,4,,,1i-3,,,Pass,,1i-3 A Training,1i-3 A Training,22,Training02,TrainingA,34efq7,1,response,ZETH WAN,8383.200000000012,9474.900000000023,9477.699999999953,8383.200000000012,9474.900000000023,9477.699999999953,1,8383.200000000012,1094.4999999999418,0,,Single Text Entry,TextResponseA,4,object-97,1i-3,_,22,1i-3_22,6,Training02,26_ERISED,ASK,.png,26_ERISED_ASK.png,ZETH,WAN,26_ERISED_ZETH_WAN.png,,ZETH WAN,18_LIVEGODRIC_ASK.png,18_LIVEGODRIC_DOTS.png,RUSP WIM,ZETH WAN,ZETH WAN,RUSP WIM,18_LIVEGODRIC_RUSP_WIM.png,RUSP WIM,,,,,
81,1712309890179,05/04/2024 09:38:10,1712313490179,1,05/04/2024 11:38:10,139619,19,task-eihb,,36765465,BLIND,10840097,,complete,,660fc256946e8466dda6f843,computer,Desktop or Laptop,Windows 10,Chrome 123.0.0.0,1536x864,1536x730,,,0,1i-3 A Training,4,,,1i-3,,,Pass,,1i-3 A Training,1i-3 A Training,22,Training02,TrainingB,2yfdu9,2,response,,3719.0000000001164,3716.7999999999884,3719.0000000001164,3719.0000000001164,3716.7999999999884,3719.0000000001164,1,3719.0000000001164,0,0,,Click Response,Option A,4,object-245,1i-3,_,22,1i-3_22,6,Training02,26_ERISED,ASK,.png,26_ERISED_ASK.png,ZETH,WAN,26_ERISED_ZETH_WAN.png,,ZETH WAN,18_LIVEGODRIC_ASK.png,18_LIVEGODRIC_DOTS.png,RUSP WIM,ZETH WAN,ZETH WAN,RUSP WIM,18_LIVEGODRIC_RUSP_WIM.png,RUSP WIM,,,,,
82,1712309891760,05/04/2024 09:38:11,1712313491760,1,05/04/2024 11:38:11,139619,19,task-eihb,,36765465,BLIND,10840097,,complete,,660fc256946e8466dda6f843,computer,Desktop or Laptop,Windows 10,Chrome 123.0.0.0,1536x864,1536x730,,,0,1i-3 A Training,4,,,1i-3,,,Pass,,1i-3 A Training,1i-3 A Training,22,Training02,TrainingC,1ouhhw,3,continue,,1583.0999999999767,1574.7999999999884,1583.0999999999767,1583.0999999999767,1574.7999999999884,1583.0999999999767,1,1583.0999999999767,0,0,,Click To Continue,Continue Button,6,object-272,1i-3,_,22,1i-3_22,6,Training02,26_ERISED,ASK,.png,26_ERISED_ASK.png,ZETH,WAN,26_ERISED_ZETH_WAN.png,,ZETH WAN,18_LIVEGODRIC_ASK.png,18_LIVEGODRIC_DOTS.png,RUSP WIM,ZETH WAN,ZETH WAN,RUSP WIM,18_LIVEGODRIC_RUSP_WIM.png,RUSP WIM,,,,,
83,1712309897920,05/04/2024 09:38:17,1712313497920,1,05/04/2024 11:38:17,139619,19,task-eihb,,36765465,BLIND,10840097,,complete,,660fc256946e8466dda6f843,computer,Desktop or Laptop,Windows 10,Chrome 123.0.0.0,1536x864,1536x730,,,0,1i-3 A Training,4,,,1i-3,,,Pass,,1i-3 A Training,1i-3 A Training,23,Training02,TrainingA,34efq7,1,response,RUSP WIM,2641.600000000035,6166.5,6168.600000000093,2641.600000000035,6166.5,6168.600000000093,1,2641.600000000035,3527.000000000058,0,,Single Text Entry,TextResponseA,4,object-97,1i-3,_,23,1i-3_23,6,Training02,20_PULLSWORD,ASK,.png,20_PULLSWORD_ASK.png,RUSP,WIM,20_PULLSWORD_RUSP_WIM.png,,RUSP WIM,28_GALLEONS_ASK.png,28_GALLEONS_DOTS.png,RUSP WIM,ZETH WAN,RUSP WIM,ZETH WAN,28_GALLEONS_ZETH_WAN.png,,ZETH WAN,,,,
84,1712309900825,05/04/2024 09:38:20,1712313500825,1,05/04/2024 11:38:20,139619,19,task-eihb,,36765465,BLIND,10840097,,complete,,660fc256946e8466dda6f843,computer,Desktop or Laptop,Windows 10,Chrome 123.0.0.0,1536x864,1536x730,,,0,1i-3 A Training,4,,,1i-3,,,Pass,,1i-3 A Training,1i-3 A Training,23,Training02,TrainingB,2yfdu9,2,response,,2907.9000000001397,2899.9000000000233,2907.9000000001397,2907.9000000001397,2899.9000000000233,2907.9000000001397,1,2907.9000000001397,0,0,,Click Response,Option B,5,object-246,1i-3,_,23,1i-3_23,6,Training02,20_PULLSWORD,ASK,.png,20_PULLSWORD_ASK.png,RUSP,WIM,20_PULLSWORD_RUSP_WIM.png,,RUSP WIM,28_GALLEONS_ASK.png,28_GALLEONS_DOTS.png,RUSP WIM,ZETH WAN,RUSP WIM,ZETH WAN,28_GALLEONS_ZETH_WAN.png,,ZETH WAN,,,,
85,1712309902891,05/04/2024 09:38:22,1712313502891,1,05/04/2024 11:38:22,139619,19,task-eihb,,36765465,BLIND,10840097,,complete,,660fc256946e8466dda6f843,computer,Desktop or Laptop,Windows 10,Chrome 123.0.0.0,1536x864,1536x730,,,0,1i-3 A Training,4,,,1i-3,,,Pass,,1i-3 A Training,1i-3 A Training,23,Training02,TrainingC,1ouhhw,3,continue,,2073.0999999999767,2066.7000000000116,2073.0999999999767,2073.0999999999767,2066.7000000000116,2073.0999999999767,1,2073.0999999999767,0,0,,Click To Continue,Continue Button,6,object-272,1i-3,_,23,1i-3_23,6,Training02,20_PULLSWORD,ASK,.png,20_PULLSWORD_ASK.png,RUSP,WIM,20_PULLSWORD_RUSP_WIM.png,,RUSP WIM,28_GALLEONS_ASK.png,28_GALLEONS_DOTS.png,RUSP WIM,ZETH WAN,RUSP WIM,ZETH WAN,28_GALLEONS_ZETH_WAN.png,,ZETH WAN,,,,
86,1712309908548,05/04/2024 09:38:28,1712313508548,1,05/04/2024 11:38:28,139619,19,task-eihb,,36765465,BLIND,10840097,,complete,,660fc256946e8466dda6f843,computer,Desktop or Laptop,Windows 10,Chrome 123.0.0.0,1536x864,1536x730,,,0,1i-3 A Training,4,,,1i-3,,,Pass,,1i-3 A Training,1i-3 A Training,24,Training02,TrainingA,34efq7,1,response,FICH WUNG,2541.5999999999767,5658.200000000012,5663.700000000012,2541.5999999999767,5658.200000000012,5663.700000000012,1,2541.5999999999767,3122.100000000035,0,,Single Text Entry,TextResponseA,4,object-97,1i-3,_,21,1i-3_21,6,Training02,39_STOPHAGRID,ASK,.png,39_STOPHAGRID_ASK.png,FICH,WUNG,39_STOPHAGRID_FICH_WUNG.png,,FICH WUNG,14_MUNGOS_ASK.png,14_MUNGOS_DOTS.png,WOUX WAN,FICH WUNG,FICH WUNG,WOUX WAN,14_MUNGOS_WOUX_WAN.png,WOUX WAN,,,,,
87,1712309911408,05/04/2024 09:38:31,1712313511408,1,05/04/2024 11:38:31,139619,19,task-eihb,,36765465,BLIND,10840097,,complete,,660fc256946e8466dda6f843,computer,Desktop or Laptop,Windows 10,Chrome 123.0.0.0,1536x864,1536x730,,,0,1i-3 A Training,4,,,1i-3,,,Pass,,1i-3 A Training,1i-3 A Training,24,Training02,TrainingB,2yfdu9,2,response,,2865.3000000000466,2858.2999999999884,2865.3000000000466,2865.3000000000466,2858.2999999999884,2865.3000000000466,1,2865.3000000000466,0,0,,Click Response,Option A,4,object-245,1i-3,_,21,1i-3_21,6,Training02,39_STOPHAGRID,ASK,.png,39_STOPHAGRID_ASK.png,FICH,WUNG,39_STOPHAGRID_FICH_WUNG.png,,FICH WUNG,14_MUNGOS_ASK.png,14_MUNGOS_DOTS.png,WOUX WAN,FICH WUNG,FICH WUNG,WOUX WAN,14_MUNGOS_WOUX_WAN.png,WOUX WAN,,,,,
88,1712309912525,05/04/2024 09:38:32,1712313512525,1,05/04/2024 11:38:32,139619,19,task-eihb,,36765465,BLIND,10840097,,complete,,660fc256946e8466dda6f843,computer,Desktop or Laptop,Windows 10,Chrome 123.0.0.0,1536x864,1536x730,,,0,1i-3 A Training,4,,,1i-3,,,Pass,,1i-3 A Training,1i-3 A Training,24,Training02,TrainingC,1ouhhw,3,continue,,1124.5999999999185,1116.5,1124.5999999999185,1124.5999999999185,1116.5,1124.5999999999185,1,1124.5999999999185,0,0,,Click To Continue,Continue Button,6,object-272,1i-3,_,21,1i-3_21,6,Training02,39_STOPHAGRID,ASK,.png,39_STOPHAGRID_ASK.png,FICH,WUNG,39_STOPHAGRID_FICH_WUNG.png,,FICH WUNG,14_MUNGOS_ASK.png,14_MUNGOS_DOTS.png,WOUX WAN,FICH WUNG,FICH WUNG,WOUX WAN,14_MUNGOS_WOUX_WAN.png,WOUX WAN,,,,,
89,1712309912531,05/04/2024 09:38:32,1712313512531,1,05/04/2024 11:38:32,139619,19,task-eihb,,36765465,BLIND,10840097,,complete,,660fc256946e8466dda6f843,computer,Desktop or Laptop,Windows 10,Chrome 123.0.0.0,1536x864,1536x730,,,0,1i-3 A Training,4,,,1i-3,,,Pass,,1i-3 A Training,1i-3 A Training,,,,,,5,END,,,,,,,0,,,,,,,,,,,,,,,,,,,,,,,,,,,,,,,,,,,,
1,1712310108768,05/04/2024 09:41:48,1712313708768,1,05/04/2024 11:41:48,139619,19,task-eihb,,36765688,BLIND,10840141,,complete,,660fc562501f70f0089a23c6,computer,Desktop or Laptop,Windows 10,Chrome 123.0.0.0,1536x864,1536x776,,,0,1i-3 A Training,4,,,1i-3,,,Pass,,1i-3 A Training,1i-3 A Training,,,,,,5,BEGIN,,,,,,,0,,,,,,,,,,,,,,,,,,,,,,,,,,,,,,,,,,,,
2,1712310113411,05/04/2024 09:41:53,1712313713411,1,05/04/2024 11:41:53,139619,19,task-eihb,,36765688,BLIND,10840141,,complete,,660fc562501f70f0089a23c6,computer,Desktop or Laptop,Windows 10,Chrome 123.0.0.0,1536x864,1536x776,,,0,1i-3 A Training,4,,,1i-3,,,Pass,,1i-3 A Training,1i-3 A Training,1,Instructions,Attention Check 5,4xnmv6,1,continue,,4389.999999904632,4380.1,4389.999999904632,4389.999999904632,4380.1,4389.999999904632,1,4389.999999904632,0,0,,Click To Continue,Continue Button,4,object-285,,,,,,Instructions,,,,,,,,,,,,,,,,,,,,,,
3,1712310113412,05/04/2024 09:41:53,1712313713412,1,05/04/2024 11:41:53,139619,19,task-eihb,,36765688,BLIND,10840141,,complete,,660fc562501f70f0089a23c6,computer,Desktop or Laptop,Windows 10,Chrome 123.0.0.0,1536x864,1536x776,,,0,1i-3 A Training,4,,,1i-3,,,Pass,,1i-3 A Training,1i-3 A Training,1,Instructions,Attention Check 5,4xnmv6,1,response,Accio!,3097.1,4380.1,4391.100000047683,3097.1,4380.1,4391.100000047683,1,3097.1,1294.0000000476834,0,,Dropdown,Dropdown5,3,object-284,,,,,,Instructions,,,,,,,,,,,,,,,,,,,,,,
4,1712310118770,05/04/2024 09:41:58,1712313718770,1,05/04/2024 11:41:58,139619,19,task-eihb,,36765688,BLIND,10840141,,complete,,660fc562501f70f0089a23c6,computer,Desktop or Laptop,Windows 10,Chrome 123.0.0.0,1536x864,1536x776,,,0,1i-3 A Training,4,,,1i-3,,,Pass,,1i-3 A Training,1i-3 A Training,1,Instructions,Attention Check 6,wf497f,2,continue,,5369.199999856949,5361.900000000001,5369.199999856949,5369.199999856949,5361.900000000001,5369.199999856949,1,5369.199999856949,0,0,,Click To Continue,Continue Button,4,object-292,,,,,,Instructions,,,,,,,,,,,,,,,,,,,,,,
5,1712310118772,05/04/2024 09:41:58,1712313718772,1,05/04/2024 11:41:58,139619,19,task-eihb,,36765688,BLIND,10840141,,complete,,660fc562501f70f0089a23c6,computer,Desktop or Laptop,Windows 10,Chrome 123.0.0.0,1536x864,1536x776,,,0,1i-3 A Training,4,,,1i-3,,,Pass,,1i-3 A Training,1i-3 A Training,1,Instructions,Attention Check 6,wf497f,2,response,The Invisibility Cloak,4679.099999999999,5361.900000000001,5371.500000047684,4679.099999999999,5361.900000000001,5371.500000047684,1,4679.099999999999,692.4000000476844,0,,Dropdown,Dropdown6,3,object-291,,,,,,Instructions,,,,,,,,,,,,,,,,,,,,,,
6,1712310122159,05/04/2024 09:42:02,1712313722159,1,05/04/2024 11:42:02,139619,19,task-eihb,,36765688,BLIND,10840141,,complete,,660fc562501f70f0089a23c6,computer,Desktop or Laptop,Windows 10,Chrome 123.0.0.0,1536x864,1536x776,,,0,1i-3 A Training,4,,,1i-3,,,Pass,,1i-3 A Training,1i-3 A Training,1,Instructions,Screen 22,3y4guk,3,continue,,3396.499999904632,3380.7999999999993,3396.499999904632,3396.499999904632,3380.7999999999993,3396.499999904632,1,3396.499999904632,0,0,,Click To Continue,Continue Button,3,object-297,,,,,,Instructions,,,,,,,,,,,,,,,,,,,,,,
7,1712310413998,05/04/2024 09:46:53,1712314013998,1,05/04/2024 11:46:53,139619,19,task-eihb,,36765688,BLIND,10840141,,complete,,660fc562501f70f0089a23c6,computer,Desktop or Laptop,Windows 10,Chrome 123.0.0.0,1536x864,1536x776,,,0,1i-3 A Training,4,,,1i-3,,,Pass,,1i-3 A Training,1i-3 A Training,1,Instructions,Instructions 02,q3gk2e,4,continue,,291854.3999999523,291843.6,291854.3999999523,291854.3999999523,291843.6,291854.3999999523,1,291854.3999999523,0,0,,Click To Continue,Continue Button,2,object-75,,,,,,Instructions,,,,,,,,,,,,,,,,,,,,,,
8,1712310415759,05/04/2024 09:46:55,1712314015759,1,05/04/2024 11:46:55,139619,19,task-eihb,,36765688,BLIND,10840141,,complete,,660fc562501f70f0089a23c6,computer,Desktop or Laptop,Windows 10,Chrome 123.0.0.0,1536x864,1536x776,,,0,1i-3 A Training,4,,,1i-3,,,Pass,,1i-3 A Training,1i-3 A Training,1,Instructions,Instructions 03,gxa3vr,5,continue,,1772.0999999046326,1764.7999999999884,1772.0999999046326,1772.0999999046326,1764.7999999999884,1772.0999999046326,1,1772.0999999046326,0,0,,Click To Continue,Continue Button,1,object-165,,,,,,Instructions,,,,,,,,,,,,,,,,,,,,,,
9,1712310423948,05/04/2024 09:47:03,1712314023948,1,05/04/2024 11:47:03,139619,19,task-eihb,,36765688,BLIND,10840141,,complete,,660fc562501f70f0089a23c6,computer,Desktop or Laptop,Windows 10,Chrome 123.0.0.0,1536x864,1536x776,,,0,1i-3 A Training,4,,,1i-3,,,Pass,,1i-3 A Training,1i-3 A Training,1,Training02,TrainingA,34efq7,1,response,ZETH WAN,2864.4000000000233,8193.200000000012,8195.999999952328,2864.4000000000233,8193.200000000012,8195.999999952328,1,2864.4000000000233,5331.599999952305,0,,Single Text Entry,TextResponseA,4,object-97,1i-3,_,02,1i-3_02,1,Training02,40_BURYSNAPE,ASK,.png,40_BURYSNAPE_ASK.png,ZETH,WAN,40_BURYSNAPE_ZETH_WAN.png,,ZETH WAN,20_PULLSWORD_ASK.png,20_PULLSWORD_DOTS.png,WOUX WAN,ZETH WAN,ZETH WAN,WOUX WAN,20_PULLSWORD_WOUX_WAN.png,WOUX WAN,,,,,
10,1712310432038,05/04/2024 09:47:12,1712314032038,1,05/04/2024 11:47:12,139619,19,task-eihb,,36765688,BLIND,10840141,,complete,,660fc562501f70f0089a23c6,computer,Desktop or Laptop,Windows 10,Chrome 123.0.0.0,1536x864,1536x776,,,0,1i-3 A Training,4,,,1i-3,,,Pass,,1i-3 A Training,1i-3 A Training,1,Training02,TrainingB,2yfdu9,2,response,,8093,8076.900000000023,8093,8093,8076.900000000023,8093,1,8093,0,0,,Click Response,Option A,4,object-245,1i-3,_,02,1i-3_02,1,Training02,40_BURYSNAPE,ASK,.png,40_BURYSNAPE_ASK.png,ZETH,WAN,40_BURYSNAPE_ZETH_WAN.png,,ZETH WAN,20_PULLSWORD_ASK.png,20_PULLSWORD_DOTS.png,WOUX WAN,ZETH WAN,ZETH WAN,WOUX WAN,20_PULLSWORD_WOUX_WAN.png,WOUX WAN,,,,,
11,1712310432904,05/04/2024 09:47:12,1712314032904,1,05/04/2024 11:47:12,139619,19,task-eihb,,36765688,BLIND,10840141,,complete,,660fc562501f70f0089a23c6,computer,Desktop or Laptop,Windows 10,Chrome 123.0.0.0,1536x864,1536x776,,,0,1i-3 A Training,4,,,1i-3,,,Pass,,1i-3 A Training,1i-3 A Training,1,Training02,TrainingC,1ouhhw,3,continue,,881.4999998569256,866,881.4999998569256,881.4999998569256,866,881.4999998569256,1,881.4999998569256,0,0,,Click To Continue,Continue Button,6,object-272,1i-3,_,02,1i-3_02,1,Training02,40_BURYSNAPE,ASK,.png,40_BURYSNAPE_ASK.png,ZETH,WAN,40_BURYSNAPE_ZETH_WAN.png,,ZETH WAN,20_PULLSWORD_ASK.png,20_PULLSWORD_DOTS.png,WOUX WAN,ZETH WAN,ZETH WAN,WOUX WAN,20_PULLSWORD_WOUX_WAN.png,WOUX WAN,,,,,
12,1712310439856,05/04/2024 09:47:19,1712314039856,1,05/04/2024 11:47:19,139619,19,task-eihb,,36765688,BLIND,10840141,,complete,,660fc562501f70f0089a23c6,computer,Desktop or Laptop,Windows 10,Chrome 123.0.0.0,1536x864,1536x776,,,0,1i-3 A Training,4,,,1i-3,,,Pass,,1i-3 A Training,1i-3 A Training,2,Training02,TrainingA,34efq7,1,response,WOUX WAN,3263.6999999999534,6960.699999999953,6967.699999904609,3263.6999999999534,6960.699999999953,6967.699999904609,1,3263.6999999999534,3703.999999904656,0,,Single Text Entry,TextResponseA,4,object-97,1i-3,_,04,1i-3_04,1,Training02,35_PROPHET,ASK,.png,35_PROPHET_ASK.png,WOUX,WAN,35_PROPHET_WOUX_WAN.png,,WOUX WAN,40_BURYSNAPE_ASK.png,40_BURYSNAPE_DOTS.png,WOUX WAN,RUSP WIM,WOUX WAN,RUSP WIM,40_BURYSNAPE_RUSP_WIM.png,,RUSP WIM,,,,
13,1712310442759,05/04/2024 09:47:22,1712314042759,1,05/04/2024 11:47:22,139619,19,task-eihb,,36765688,BLIND,10840141,,complete,,660fc562501f70f0089a23c6,computer,Desktop or Laptop,Windows 10,Chrome 123.0.0.0,1536x864,1536x776,,,0,1i-3 A Training,4,,,1i-3,,,Pass,,1i-3 A Training,1i-3 A Training,2,Training02,TrainingB,2yfdu9,2,response,,2909.999999904656,2897.8000000000466,2909.999999904656,2909.999999904656,2897.8000000000466,2909.999999904656,1,2909.999999904656,0,0,,Click Response,Option B,5,object-246,1i-3,_,04,1i-3_04,1,Training02,35_PROPHET,ASK,.png,35_PROPHET_ASK.png,WOUX,WAN,35_PROPHET_WOUX_WAN.png,,WOUX WAN,40_BURYSNAPE_ASK.png,40_BURYSNAPE_DOTS.png,WOUX WAN,RUSP WIM,WOUX WAN,RUSP WIM,40_BURYSNAPE_RUSP_WIM.png,,RUSP WIM,,,,
14,1712310444198,05/04/2024 09:47:24,1712314044198,1,05/04/2024 11:47:24,139619,19,task-eihb,,36765688,BLIND,10840141,,complete,,660fc562501f70f0089a23c6,computer,Desktop or Laptop,Windows 10,Chrome 123.0.0.0,1536x864,1536x776,,,0,1i-3 A Training,4,,,1i-3,,,Pass,,1i-3 A Training,1i-3 A Training,2,Training02,TrainingC,1ouhhw,3,continue,,1450.9999998569256,1448.5,1450.9999998569256,1450.9999998569256,1448.5,1450.9999998569256,1,1450.9999998569256,0,0,,Click To Continue,Continue Button,6,object-272,1i-3,_,04,1i-3_04,1,Training02,35_PROPHET,ASK,.png,35_PROPHET_ASK.png,WOUX,WAN,35_PROPHET_WOUX_WAN.png,,WOUX WAN,40_BURYSNAPE_ASK.png,40_BURYSNAPE_DOTS.png,WOUX WAN,RUSP WIM,WOUX WAN,RUSP WIM,40_BURYSNAPE_RUSP_WIM.png,,RUSP WIM,,,,
15,1712310451188,05/04/2024 09:47:31,1712314051188,1,05/04/2024 11:47:31,139619,19,task-eihb,,36765688,BLIND,10840141,,complete,,660fc562501f70f0089a23c6,computer,Desktop or Laptop,Windows 10,Chrome 123.0.0.0,1536x864,1536x776,,,0,1i-3 A Training,4,,,1i-3,,,Pass,,1i-3 A Training,1i-3 A Training,3,Training02,TrainingA,34efq7,1,response,RUSP HIM,2381.6999999999534,6977.899999999965,6992.499999856926,2381.6999999999534,6977.899999999965,6992.499999856926,0,2381.6999999999534,4610.799999856972,0,,Single Text Entry,TextResponseA,4,object-97,1i-3,_,03,1i-3_03,1,Training02,13_QUIBBLER,ASK,.png,13_QUIBBLER_ASK.png,RUSP,WIM,13_QUIBBLER_RUSP_WIM.png,,RUSP WIM,27_BESTSELLER_ASK.png,27_BESTSELLER_DOTS.png,FICH WUNG,RUSP WIM,RUSP WIM,FICH WUNG,27_BESTSELLER_FICH_WUNG.png,FICH WUNG,,,,,
16,1712310455610,05/04/2024 09:47:35,1712314055610,1,05/04/2024 11:47:35,139619,19,task-eihb,,36765688,BLIND,10840141,,complete,,660fc562501f70f0089a23c6,computer,Desktop or Laptop,Windows 10,Chrome 123.0.0.0,1536x864,1536x776,,,0,1i-3 A Training,4,,,1i-3,,,Pass,,1i-3 A Training,1i-3 A Training,3,Training02,TrainingA,34efq7,1,response,RUSP WIM,9808.799999999988,11407.399999999965,11414.499999856926,9808.799999999988,11407.399999999965,11414.499999856926,1,9808.799999999988,1605.6999998569372,0,,Single Text Entry,TextResponseA,4,object-97,1i-3,_,03,1i-3_03,1,Training02,13_QUIBBLER,ASK,.png,13_QUIBBLER_ASK.png,RUSP,WIM,13_QUIBBLER_RUSP_WIM.png,,RUSP WIM,27_BESTSELLER_ASK.png,27_BESTSELLER_DOTS.png,FICH WUNG,RUSP WIM,RUSP WIM,FICH WUNG,27_BESTSELLER_FICH_WUNG.png,FICH WUNG,,,,,
17,1712310458085,05/04/2024 09:47:38,1712314058085,1,05/04/2024 11:47:38,139619,19,task-eihb,,36765688,BLIND,10840141,,complete,,660fc562501f70f0089a23c6,computer,Desktop or Laptop,Windows 10,Chrome 123.0.0.0,1536x864,1536x776,,,0,1i-3 A Training,4,,,1i-3,,,Pass,,1i-3 A Training,1i-3 A Training,3,Training02,TrainingB,2yfdu9,2,response,,2481.999999952328,2481.2999999999884,2481.999999952328,2481.999999952328,2481.2999999999884,2481.999999952328,1,2481.999999952328,0,0,,Click Response,Option A,4,object-245,1i-3,_,03,1i-3_03,1,Training02,13_QUIBBLER,ASK,.png,13_QUIBBLER_ASK.png,RUSP,WIM,13_QUIBBLER_RUSP_WIM.png,,RUSP WIM,27_BESTSELLER_ASK.png,27_BESTSELLER_DOTS.png,FICH WUNG,RUSP WIM,RUSP WIM,FICH WUNG,27_BESTSELLER_FICH_WUNG.png,FICH WUNG,,,,,
18,1712310458912,05/04/2024 09:47:38,1712314058912,1,05/04/2024 11:47:38,139619,19,task-eihb,,36765688,BLIND,10840141,,complete,,660fc562501f70f0089a23c6,computer,Desktop or Laptop,Windows 10,Chrome 123.0.0.0,1536x864,1536x776,,,0,1i-3 A Training,4,,,1i-3,,,Pass,,1i-3 A Training,1i-3 A Training,3,Training02,TrainingC,1ouhhw,3,continue,,827.6999999523396,816.3000000000466,827.6999999523396,827.6999999523396,816.3000000000466,827.6999999523396,1,827.6999999523396,0,0,,Click To Continue,Continue Button,6,object-272,1i-3,_,03,1i-3_03,1,Training02,13_QUIBBLER,ASK,.png,13_QUIBBLER_ASK.png,RUSP,WIM,13_QUIBBLER_RUSP_WIM.png,,RUSP WIM,27_BESTSELLER_ASK.png,27_BESTSELLER_DOTS.png,FICH WUNG,RUSP WIM,RUSP WIM,FICH WUNG,27_BESTSELLER_FICH_WUNG.png,FICH WUNG,,,,,
19,1712310467059,05/04/2024 09:47:47,1712314067059,1,05/04/2024 11:47:47,139619,19,task-eihb,,36765688,BLIND,10840141,,complete,,660fc562501f70f0089a23c6,computer,Desktop or Laptop,Windows 10,Chrome 123.0.0.0,1536x864,1536x776,,,0,1i-3 A Training,4,,,1i-3,,,Pass,,1i-3 A Training,1i-3 A Training,4,Training02,TrainingA,34efq7,1,response,FICH WUNG,1831.6999999999534,8143.099999999977,8158.899999952293,1831.6999999999534,8143.099999999977,8158.899999952293,1,1831.6999999999534,6327.19999995234,0,,Single Text Entry,TextResponseA,4,object-97,1i-3,_,01,1i-3_01,1,Training02,04_WHEEZES,ASK,.png,04_WHEEZES_ASK.png,FICH,WUNG,04_WHEEZES_FICH_WUNG.png,,FICH WUNG,05_AUROR_ASK.png,05_AUROR_DOTS.png,FICH WUNG,ZETH WAN,FICH WUNG,ZETH WAN,05_AUROR_ZETH_WAN.png,,ZETH WAN,,,,
20,1712310469631,05/04/2024 09:47:49,1712314069631,1,05/04/2024 11:47:49,139619,19,task-eihb,,36765688,BLIND,10840141,,complete,,660fc562501f70f0089a23c6,computer,Desktop or Laptop,Windows 10,Chrome 123.0.0.0,1536x864,1536x776,,,0,1i-3 A Training,4,,,1i-3,,,Pass,,1i-3 A Training,1i-3 A Training,4,Training02,TrainingB,2yfdu9,2,response,,2587.5999999046326,2581.2999999999884,2587.5999999046326,2587.5999999046326,2581.2999999999884,2587.5999999046326,1,2587.5999999046326,0,0,,Click Response,Option A,4,object-245,1i-3,_,01,1i-3_01,1,Training02,04_WHEEZES,ASK,.png,04_WHEEZES_ASK.png,FICH,WUNG,04_WHEEZES_FICH_WUNG.png,,FICH WUNG,05_AUROR_ASK.png,05_AUROR_DOTS.png,FICH WUNG,ZETH WAN,FICH WUNG,ZETH WAN,05_AUROR_ZETH_WAN.png,,ZETH WAN,,,,
21,1712310470776,05/04/2024 09:47:50,1712314070776,1,05/04/2024 11:47:50,139619,19,task-eihb,,36765688,BLIND,10840141,,complete,,660fc562501f70f0089a23c6,computer,Desktop or Laptop,Windows 10,Chrome 123.0.0.0,1536x864,1536x776,,,0,1i-3 A Training,4,,,1i-3,,,Pass,,1i-3 A Training,1i-3 A Training,4,Training02,TrainingC,1ouhhw,3,continue,,1152.2000000000116,1148.7999999999884,1152.2000000000116,1152.2000000000116,1148.7999999999884,1152.2000000000116,1,1152.2000000000116,0,0,,Click To Continue,Continue Button,6,object-272,1i-3,_,01,1i-3_01,1,Training02,04_WHEEZES,ASK,.png,04_WHEEZES_ASK.png,FICH,WUNG,04_WHEEZES_FICH_WUNG.png,,FICH WUNG,05_AUROR_ASK.png,05_AUROR_DOTS.png,FICH WUNG,ZETH WAN,FICH WUNG,ZETH WAN,05_AUROR_ZETH_WAN.png,,ZETH WAN,,,,
22,1712310476134,05/04/2024 09:47:56,1712314076134,1,05/04/2024 11:47:56,139619,19,task-eihb,,36765688,BLIND,10840141,,complete,,660fc562501f70f0089a23c6,computer,Desktop or Laptop,Windows 10,Chrome 123.0.0.0,1536x864,1536x776,,,0,1i-3 A Training,4,,,1i-3,,,Pass,,1i-3 A Training,1i-3 A Training,5,Training02,TrainingA,34efq7,1,response,WOUX WAN,2148.4000000000233,5345.800000000047,5360.999999904656,2148.4000000000233,5345.800000000047,5360.999999904656,1,2148.4000000000233,3212.5999999046326,0,,Single Text Entry,TextResponseA,4,object-97,1i-3,_,08,1i-3_08,2,Training02,28_GALLEONS,ASK,.png,28_GALLEONS_ASK.png,WOUX,WAN,28_GALLEONS_WOUX_WAN.png,,WOUX WAN,39_STOPHAGRID_ASK.png,39_STOPHAGRID_DOTS.png,ZETH WAN,WOUX WAN,WOUX WAN,ZETH WAN,39_STOPHAGRID_ZETH_WAN.png,ZETH WAN,,,,,
23,1712310477155,05/04/2024 09:47:57,1712314077155,1,05/04/2024 11:47:57,139619,19,task-eihb,,36765688,BLIND,10840141,,complete,,660fc562501f70f0089a23c6,computer,Desktop or Laptop,Windows 10,Chrome 123.0.0.0,1536x864,1536x776,,,0,1i-3 A Training,4,,,1i-3,,,Pass,,1i-3 A Training,1i-3 A Training,5,Training02,TrainingB,2yfdu9,2,response,,1036.4999998569256,1032.399999999965,1036.4999998569256,1036.4999998569256,1032.399999999965,1036.4999998569256,1,1036.4999998569256,0,0,,Click Response,Option B,5,object-246,1i-3,_,08,1i-3_08,2,Training02,28_GALLEONS,ASK,.png,28_GALLEONS_ASK.png,WOUX,WAN,28_GALLEONS_WOUX_WAN.png,,WOUX WAN,39_STOPHAGRID_ASK.png,39_STOPHAGRID_DOTS.png,ZETH WAN,WOUX WAN,WOUX WAN,ZETH WAN,39_STOPHAGRID_ZETH_WAN.png,ZETH WAN,,,,,
24,1712310477852,05/04/2024 09:47:57,1712314077852,1,05/04/2024 11:47:57,139619,19,task-eihb,,36765688,BLIND,10840141,,complete,,660fc562501f70f0089a23c6,computer,Desktop or Laptop,Windows 10,Chrome 123.0.0.0,1536x864,1536x776,,,0,1i-3 A Training,4,,,1i-3,,,Pass,,1i-3 A Training,1i-3 A Training,5,Training02,TrainingC,1ouhhw,3,continue,,700.4999999523279,699.4000000000233,700.4999999523279,700.4999999523279,699.4000000000233,700.4999999523279,1,700.4999999523279,0,0,,Click To Continue,Continue Button,6,object-272,1i-3,_,08,1i-3_08,2,Training02,28_GALLEONS,ASK,.png,28_GALLEONS_ASK.png,WOUX,WAN,28_GALLEONS_WOUX_WAN.png,,WOUX WAN,39_STOPHAGRID_ASK.png,39_STOPHAGRID_DOTS.png,ZETH WAN,WOUX WAN,WOUX WAN,ZETH WAN,39_STOPHAGRID_ZETH_WAN.png,ZETH WAN,,,,,
25,1712310483573,05/04/2024 09:48:03,1712314083573,1,05/04/2024 11:48:03,139619,19,task-eihb,,36765688,BLIND,10840141,,complete,,660fc562501f70f0089a23c6,computer,Desktop or Laptop,Windows 10,Chrome 123.0.0.0,1536x864,1536x776,,,0,1i-3 A Training,4,,,1i-3,,,Pass,,1i-3 A Training,1i-3 A Training,6,Training02,TrainingA,34efq7,1,response,FICH WUNG,1648.7000000000116,5712.200000000012,5722.500000047672,1648.7000000000116,5712.200000000012,5722.500000047672,1,1648.7000000000116,4073.8000000476604,0,,Single Text Entry,TextResponseA,4,object-97,1i-3,_,05,1i-3_05,2,Training02,18_LIVEGODRIC,ASK,.png,18_LIVEGODRIC_ASK.png,FICH,WUNG,18_LIVEGODRIC_FICH_WUNG.png,,FICH WUNG,07_AZKABAN_ASK.png,07_AZKABAN_DOTS.png,FICH WUNG,RUSP WIM,FICH WUNG,RUSP WIM,07_AZKABAN_RUSP_WIM.png,,RUSP WIM,,,,
26,1712310486022,05/04/2024 09:48:06,1712314086022,1,05/04/2024 11:48:06,139619,19,task-eihb,,36765688,BLIND,10840141,,complete,,660fc562501f70f0089a23c6,computer,Desktop or Laptop,Windows 10,Chrome 123.0.0.0,1536x864,1536x776,,,0,1i-3 A Training,4,,,1i-3,,,Pass,,1i-3 A Training,1i-3 A Training,6,Training02,TrainingB,2yfdu9,2,response,,2458.899999952293,2448,2458.899999952293,2458.899999952293,2448,2458.899999952293,1,2458.899999952293,0,0,,Click Response,Option B,5,object-246,1i-3,_,05,1i-3_05,2,Training02,18_LIVEGODRIC,ASK,.png,18_LIVEGODRIC_ASK.png,FICH,WUNG,18_LIVEGODRIC_FICH_WUNG.png,,FICH WUNG,07_AZKABAN_ASK.png,07_AZKABAN_DOTS.png,FICH WUNG,RUSP WIM,FICH WUNG,RUSP WIM,07_AZKABAN_RUSP_WIM.png,,RUSP WIM,,,,
27,1712310487225,05/04/2024 09:48:07,1712314087225,1,05/04/2024 11:48:07,139619,19,task-eihb,,36765688,BLIND,10840141,,complete,,660fc562501f70f0089a23c6,computer,Desktop or Laptop,Windows 10,Chrome 123.0.0.0,1536x864,1536x776,,,0,1i-3 A Training,4,,,1i-3,,,Pass,,1i-3 A Training,1i-3 A Training,6,Training02,TrainingC,1ouhhw,3,continue,,1214.399999952293,1198.899999999965,1214.399999952293,1214.399999952293,1198.899999999965,1214.399999952293,1,1214.399999952293,0,0,,Click To Continue,Continue Button,6,object-272,1i-3,_,05,1i-3_05,2,Training02,18_LIVEGODRIC,ASK,.png,18_LIVEGODRIC_ASK.png,FICH,WUNG,18_LIVEGODRIC_FICH_WUNG.png,,FICH WUNG,07_AZKABAN_ASK.png,07_AZKABAN_DOTS.png,FICH WUNG,RUSP WIM,FICH WUNG,RUSP WIM,07_AZKABAN_RUSP_WIM.png,,RUSP WIM,,,,
28,1712310493444,05/04/2024 09:48:13,1712314093444,1,05/04/2024 11:48:13,139619,19,task-eihb,,36765688,BLIND,10840141,,complete,,660fc562501f70f0089a23c6,computer,Desktop or Laptop,Windows 10,Chrome 123.0.0.0,1536x864,1536x776,,,0,1i-3 A Training,4,,,1i-3,,,Pass,,1i-3 A Training,1i-3 A Training,7,Training02,TrainingA,34efq7,1,response,ZETH WAN,1781.7000000000116,6228.299999999988,6234.799999904644,1781.7000000000116,6228.299999999988,6234.799999904644,1,1781.7000000000116,4453.099999904633,0,,Single Text Entry,TextResponseA,4,object-97,1i-3,_,06,1i-3_06,2,Training02,12_SKEETER,ASK,.png,12_SKEETER_ASK.png,ZETH,WAN,12_SKEETER_ZETH_WAN.png,,ZETH WAN,12_SKEETER_ASK.png,12_SKEETER_DOTS.png,FICH WUNG,ZETH WAN,ZETH WAN,FICH WUNG,12_SKEETER_FICH_WUNG.png,FICH WUNG,,,,,
29,1712310494570,05/04/2024 09:48:14,1712314094570,1,05/04/2024 11:48:14,139619,19,task-eihb,,36765688,BLIND,10840141,,complete,,660fc562501f70f0089a23c6,computer,Desktop or Laptop,Windows 10,Chrome 123.0.0.0,1536x864,1536x776,,,0,1i-3 A Training,4,,,1i-3,,,Pass,,1i-3 A Training,1i-3 A Training,7,Training02,TrainingB,2yfdu9,2,response,,1131.4999999046559,1115.600000000035,1131.4999999046559,1131.4999999046559,1115.600000000035,1131.4999999046559,1,1131.4999999046559,0,0,,Click Response,Option B,5,object-246,1i-3,_,06,1i-3_06,2,Training02,12_SKEETER,ASK,.png,12_SKEETER_ASK.png,ZETH,WAN,12_SKEETER_ZETH_WAN.png,,ZETH WAN,12_SKEETER_ASK.png,12_SKEETER_DOTS.png,FICH WUNG,ZETH WAN,ZETH WAN,FICH WUNG,12_SKEETER_FICH_WUNG.png,FICH WUNG,,,,,
30,1712310496234,05/04/2024 09:48:16,1712314096234,1,05/04/2024 11:48:16,139619,19,task-eihb,,36765688,BLIND,10840141,,complete,,660fc562501f70f0089a23c6,computer,Desktop or Laptop,Windows 10,Chrome 123.0.0.0,1536x864,1536x776,,,0,1i-3 A Training,4,,,1i-3,,,Pass,,1i-3 A Training,1i-3 A Training,7,Training02,TrainingC,1ouhhw,3,continue,,1680.000000047672,1665.7999999999884,1680.000000047672,1680.000000047672,1665.7999999999884,1680.000000047672,1,1680.000000047672,0,0,,Click To Continue,Continue Button,6,object-272,1i-3,_,06,1i-3_06,2,Training02,12_SKEETER,ASK,.png,12_SKEETER_ASK.png,ZETH,WAN,12_SKEETER_ZETH_WAN.png,,ZETH WAN,12_SKEETER_ASK.png,12_SKEETER_DOTS.png,FICH WUNG,ZETH WAN,ZETH WAN,FICH WUNG,12_SKEETER_FICH_WUNG.png,FICH WUNG,,,,,
31,1712310500959,05/04/2024 09:48:20,1712314100959,1,05/04/2024 11:48:20,139619,19,task-eihb,,36765688,BLIND,10840141,,complete,,660fc562501f70f0089a23c6,computer,Desktop or Laptop,Windows 10,Chrome 123.0.0.0,1536x864,1536x776,,,0,1i-3 A Training,4,,,1i-3,,,Pass,,1i-3 A Training,1i-3 A Training,8,Training02,TrainingA,34efq7,1,response,RUSP WIM,2497.5999999999767,4729.099999999977,4739.799999952316,2497.5999999999767,4729.099999999977,4739.799999952316,1,2497.5999999999767,2242.1999999523396,0,,Single Text Entry,TextResponseA,4,object-97,1i-3,_,07,1i-3_07,2,Training02,34_FANLETTERS,ASK,.png,34_FANLETTERS_ASK.png,RUSP,WIM,34_FANLETTERS_RUSP_WIM.png,,RUSP WIM,34_FANLETTERS_ASK.png,34_FANLETTERS_DOTS.png,RUSP WIM,WOUX WAN,RUSP WIM,WOUX WAN,34_FANLETTERS_WOUX_WAN.png,,WOUX WAN,,,,
32,1712310505151,05/04/2024 09:48:25,1712314105151,1,05/04/2024 11:48:25,139619,19,task-eihb,,36765688,BLIND,10840141,,complete,,660fc562501f70f0089a23c6,computer,Desktop or Laptop,Windows 10,Chrome 123.0.0.0,1536x864,1536x776,,,0,1i-3 A Training,4,,,1i-3,,,Pass,,1i-3 A Training,1i-3 A Training,8,Training02,TrainingB,2yfdu9,2,response,,4203.100000047707,4196.5,4203.100000047707,4203.100000047707,4196.5,4203.100000047707,1,4203.100000047707,0,0,,Click Response,Option B,5,object-246,1i-3,_,07,1i-3_07,2,Training02,34_FANLETTERS,ASK,.png,34_FANLETTERS_ASK.png,RUSP,WIM,34_FANLETTERS_RUSP_WIM.png,,RUSP WIM,34_FANLETTERS_ASK.png,34_FANLETTERS_DOTS.png,RUSP WIM,WOUX WAN,RUSP WIM,WOUX WAN,34_FANLETTERS_WOUX_WAN.png,,WOUX WAN,,,,
33,1712310505994,05/04/2024 09:48:25,1712314105994,1,05/04/2024 11:48:25,139619,19,task-eihb,,36765688,BLIND,10840141,,complete,,660fc562501f70f0089a23c6,computer,Desktop or Laptop,Windows 10,Chrome 123.0.0.0,1536x864,1536x776,,,0,1i-3 A Training,4,,,1i-3,,,Pass,,1i-3 A Training,1i-3 A Training,8,Training02,TrainingC,1ouhhw,3,continue,,848.7999999999884,832.7000000000116,848.7999999999884,848.7999999999884,832.7000000000116,848.7999999999884,1,848.7999999999884,0,0,,Click To Continue,Continue Button,6,object-272,1i-3,_,07,1i-3_07,2,Training02,34_FANLETTERS,ASK,.png,34_FANLETTERS_ASK.png,RUSP,WIM,34_FANLETTERS_RUSP_WIM.png,,RUSP WIM,34_FANLETTERS_ASK.png,34_FANLETTERS_DOTS.png,RUSP WIM,WOUX WAN,RUSP WIM,WOUX WAN,34_FANLETTERS_WOUX_WAN.png,,WOUX WAN,,,,
34,1712310515418,05/04/2024 09:48:35,1712314115418,1,05/04/2024 11:48:35,139619,19,task-eihb,,36765688,BLIND,10840141,,complete,,660fc562501f70f0089a23c6,computer,Desktop or Laptop,Windows 10,Chrome 123.0.0.0,1536x864,1536x776,,,0,1i-3 A Training,4,,,1i-3,,,Pass,,1i-3 A Training,1i-3 A Training,9,Training02,TrainingA,34efq7,1,response,FICH WUNG,2198.100000000035,9425.299999999988,9439.999999952328,2198.100000000035,9425.299999999988,9439.999999952328,1,2198.100000000035,7241.899999952293,0,,Single Text Entry,TextResponseA,4,object-97,1i-3,_,09,1i-3_09,3,Training02,32_QWC,ASK,.png,32_QWC_ASK.png,FICH,WUNG,32_QWC_FICH_WUNG.png,,FICH WUNG,13_QUIBBLER_ASK.png,13_QUIBBLER_DOTS.png,FICH WUNG,WOUX WAN,FICH WUNG,WOUX WAN,13_QUIBBLER_WOUX_WAN.png,,WOUX WAN,,,,
35,1712310518463,05/04/2024 09:48:38,1712314118463,1,05/04/2024 11:48:38,139619,19,task-eihb,,36765688,BLIND,10840141,,complete,,660fc562501f70f0089a23c6,computer,Desktop or Laptop,Windows 10,Chrome 123.0.0.0,1536x864,1536x776,,,0,1i-3 A Training,4,,,1i-3,,,Pass,,1i-3 A Training,1i-3 A Training,9,Training02,TrainingB,2yfdu9,2,response,,3059.9000000000233,3047.600000000035,3059.9000000000233,3059.9000000000233,3047.600000000035,3059.9000000000233,1,3059.9000000000233,0,0,,Click Response,Option B,5,object-246,1i-3,_,09,1i-3_09,3,Training02,32_QWC,ASK,.png,32_QWC_ASK.png,FICH,WUNG,32_QWC_FICH_WUNG.png,,FICH WUNG,13_QUIBBLER_ASK.png,13_QUIBBLER_DOTS.png,FICH WUNG,WOUX WAN,FICH WUNG,WOUX WAN,13_QUIBBLER_WOUX_WAN.png,,WOUX WAN,,,,
36,1712310519262,05/04/2024 09:48:39,1712314119262,1,05/04/2024 11:48:39,139619,19,task-eihb,,36765688,BLIND,10840141,,complete,,660fc562501f70f0089a23c6,computer,Desktop or Laptop,Windows 10,Chrome 123.0.0.0,1536x864,1536x776,,,0,1i-3 A Training,4,,,1i-3,,,Pass,,1i-3 A Training,1i-3 A Training,9,Training02,TrainingC,1ouhhw,3,continue,,811.5000000476721,799.5,811.5000000476721,811.5000000476721,799.5,811.5000000476721,1,811.5000000476721,0,0,,Click To Continue,Continue Button,6,object-272,1i-3,_,09,1i-3_09,3,Training02,32_QWC,ASK,.png,32_QWC_ASK.png,FICH,WUNG,32_QWC_FICH_WUNG.png,,FICH WUNG,13_QUIBBLER_ASK.png,13_QUIBBLER_DOTS.png,FICH WUNG,WOUX WAN,FICH WUNG,WOUX WAN,13_QUIBBLER_WOUX_WAN.png,,WOUX WAN,,,,
37,1712310526605,05/04/2024 09:48:46,1712314126605,1,05/04/2024 11:48:46,139619,19,task-eihb,,36765688,BLIND,10840141,,complete,,660fc562501f70f0089a23c6,computer,Desktop or Laptop,Windows 10,Chrome 123.0.0.0,1536x864,1536x776,,,0,1i-3 A Training,4,,,1i-3,,,Pass,,1i-3 A Training,1i-3 A Training,10,Training02,TrainingA,34efq7,1,response,RUSP WIM,1964.7999999999884,7343.899999999965,7354.899999904621,1964.7999999999884,7343.899999999965,7354.899999904621,1,1964.7999999999884,5390.099999904633,0,,Single Text Entry,TextResponseA,4,object-97,1i-3,_,11,1i-3_11,3,Training02,27_BESTSELLER,ASK,.png,27_BESTSELLER_ASK.png,RUSP,WIM,27_BESTSELLER_RUSP_WIM.png,,RUSP WIM,25_PROSECUTE_ASK.png,25_PROSECUTE_DOTS.png,ZETH WAN,RUSP WIM,RUSP WIM,ZETH WAN,25_PROSECUTE_ZETH_WAN.png,ZETH WAN,,,,,
38,1712310529463,05/04/2024 09:48:49,1712314129463,1,05/04/2024 11:48:49,139619,19,task-eihb,,36765688,BLIND,10840141,,complete,,660fc562501f70f0089a23c6,computer,Desktop or Laptop,Windows 10,Chrome 123.0.0.0,1536x864,1536x776,,,0,1i-3 A Training,4,,,1i-3,,,Pass,,1i-3 A Training,1i-3 A Training,10,Training02,TrainingB,2yfdu9,2,response,,2868.4000000000233,2864.2000000000116,2868.4000000000233,2868.4000000000233,2864.2000000000116,2868.4000000000233,1,2868.4000000000233,0,0,,Click Response,Option A,4,object-245,1i-3,_,11,1i-3_11,3,Training02,27_BESTSELLER,ASK,.png,27_BESTSELLER_ASK.png,RUSP,WIM,27_BESTSELLER_RUSP_WIM.png,,RUSP WIM,25_PROSECUTE_ASK.png,25_PROSECUTE_DOTS.png,ZETH WAN,RUSP WIM,RUSP WIM,ZETH WAN,25_PROSECUTE_ZETH_WAN.png,ZETH WAN,,,,,
39,1712310531041,05/04/2024 09:48:51,1712314131041,1,05/04/2024 11:48:51,139619,19,task-eihb,,36765688,BLIND,10840141,,complete,,660fc562501f70f0089a23c6,computer,Desktop or Laptop,Windows 10,Chrome 123.0.0.0,1536x864,1536x776,,,0,1i-3 A Training,4,,,1i-3,,,Pass,,1i-3 A Training,1i-3 A Training,10,Training02,TrainingC,1ouhhw,3,continue,,1581.7999999999884,1565.2999999999884,1581.7999999999884,1581.7999999999884,1565.2999999999884,1581.7999999999884,1,1581.7999999999884,0,0,,Click To Continue,Continue Button,6,object-272,1i-3,_,11,1i-3_11,3,Training02,27_BESTSELLER,ASK,.png,27_BESTSELLER_ASK.png,RUSP,WIM,27_BESTSELLER_RUSP_WIM.png,,RUSP WIM,25_PROSECUTE_ASK.png,25_PROSECUTE_DOTS.png,ZETH WAN,RUSP WIM,RUSP WIM,ZETH WAN,25_PROSECUTE_ZETH_WAN.png,ZETH WAN,,,,,
40,1712310538710,05/04/2024 09:48:58,1712314138710,1,05/04/2024 11:48:58,139619,19,task-eihb,,36765688,BLIND,10840141,,complete,,660fc562501f70f0089a23c6,computer,Desktop or Laptop,Windows 10,Chrome 123.0.0.0,1536x864,1536x776,,,0,1i-3 A Training,4,,,1i-3,,,Pass,,1i-3 A Training,1i-3 A Training,11,Training02,TrainingA,34efq7,1,response,WOUX WAN,1765.3000000000466,7677.100000000035,7686.400000000023,1765.3000000000466,7677.100000000035,7686.400000000023,1,1765.3000000000466,5921.099999999977,0,,Single Text Entry,TextResponseA,4,object-97,1i-3,_,12,1i-3_12,3,Training02,14_MUNGOS,ASK,.png,14_MUNGOS_ASK.png,WOUX,WAN,14_MUNGOS_WOUX_WAN.png,,WOUX WAN,33_ROR_ASK.png,33_ROR_DOTS.png,FICH WUNG,WOUX WAN,WOUX WAN,FICH WUNG,33_ROR_FICH_WUNG.png,FICH WUNG,,,,,
41,1712310540450,05/04/2024 09:49:00,1712314140450,1,05/04/2024 11:49:00,139619,19,task-eihb,,36765688,BLIND,10840141,,complete,,660fc562501f70f0089a23c6,computer,Desktop or Laptop,Windows 10,Chrome 123.0.0.0,1536x864,1536x776,,,0,1i-3 A Training,4,,,1i-3,,,Pass,,1i-3 A Training,1i-3 A Training,11,Training02,TrainingB,2yfdu9,2,response,,1749.5999999523046,1748.5,1749.5999999523046,1749.5999999523046,1748.5,1749.5999999523046,1,1749.5999999523046,0,0,,Click Response,Option A,4,object-245,1i-3,_,12,1i-3_12,3,Training02,14_MUNGOS,ASK,.png,14_MUNGOS_ASK.png,WOUX,WAN,14_MUNGOS_WOUX_WAN.png,,WOUX WAN,33_ROR_ASK.png,33_ROR_DOTS.png,FICH WUNG,WOUX WAN,WOUX WAN,FICH WUNG,33_ROR_FICH_WUNG.png,FICH WUNG,,,,,
42,1712310541416,05/04/2024 09:49:01,1712314141416,1,05/04/2024 11:49:01,139619,19,task-eihb,,36765688,BLIND,10840141,,complete,,660fc562501f70f0089a23c6,computer,Desktop or Laptop,Windows 10,Chrome 123.0.0.0,1536x864,1536x776,,,0,1i-3 A Training,4,,,1i-3,,,Pass,,1i-3 A Training,1i-3 A Training,11,Training02,TrainingC,1ouhhw,3,continue,,967.0999999523046,966,967.0999999523046,967.0999999523046,966,967.0999999523046,1,967.0999999523046,0,0,,Click To Continue,Continue Button,6,object-272,1i-3,_,12,1i-3_12,3,Training02,14_MUNGOS,ASK,.png,14_MUNGOS_ASK.png,WOUX,WAN,14_MUNGOS_WOUX_WAN.png,,WOUX WAN,33_ROR_ASK.png,33_ROR_DOTS.png,FICH WUNG,WOUX WAN,WOUX WAN,FICH WUNG,33_ROR_FICH_WUNG.png,FICH WUNG,,,,,
43,1712310547555,05/04/2024 09:49:07,1712314147555,1,05/04/2024 11:49:07,139619,19,task-eihb,,36765688,BLIND,10840141,,complete,,660fc562501f70f0089a23c6,computer,Desktop or Laptop,Windows 10,Chrome 123.0.0.0,1536x864,1536x776,,,0,1i-3 A Training,4,,,1i-3,,,Pass,,1i-3 A Training,1i-3 A Training,12,Training02,TrainingA,34efq7,1,response,ZETH WAN,2930.7999999999884,6128.399999999965,6139.899999904621,2930.7999999999884,6128.399999999965,6139.899999904621,1,2930.7999999999884,3209.0999999046326,0,,Single Text Entry,TextResponseA,4,object-97,1i-3,_,10,1i-3_10,3,Training02,19_BURYVOLDY,ASK,.png,19_BURYVOLDY_ASK.png,ZETH,WAN,19_BURYVOLDY_ZETH_WAN.png,,ZETH WAN,21_TEACHHOG_ASK.png,21_TEACHHOG_DOTS.png,ZETH WAN,RUSP WIM,ZETH WAN,RUSP WIM,21_TEACHHOG_RUSP_WIM.png,,RUSP WIM,,,,
44,1712310548897,05/04/2024 09:49:08,1712314148897,1,05/04/2024 11:49:08,139619,19,task-eihb,,36765688,BLIND,10840141,,complete,,660fc562501f70f0089a23c6,computer,Desktop or Laptop,Windows 10,Chrome 123.0.0.0,1536x864,1536x776,,,0,1i-3 A Training,4,,,1i-3,,,Pass,,1i-3 A Training,1i-3 A Training,12,Training02,TrainingB,2yfdu9,2,response,,1353.1999999523396,1349.100000000035,1353.1999999523396,1353.1999999523396,1349.100000000035,1353.1999999523396,1,1353.1999999523396,0,0,,Click Response,Option B,5,object-246,1i-3,_,10,1i-3_10,3,Training02,19_BURYVOLDY,ASK,.png,19_BURYVOLDY_ASK.png,ZETH,WAN,19_BURYVOLDY_ZETH_WAN.png,,ZETH WAN,21_TEACHHOG_ASK.png,21_TEACHHOG_DOTS.png,ZETH WAN,RUSP WIM,ZETH WAN,RUSP WIM,21_TEACHHOG_RUSP_WIM.png,,RUSP WIM,,,,
45,1712310549876,05/04/2024 09:49:09,1712314149876,1,05/04/2024 11:49:09,139619,19,task-eihb,,36765688,BLIND,10840141,,complete,,660fc562501f70f0089a23c6,computer,Desktop or Laptop,Windows 10,Chrome 123.0.0.0,1536x864,1536x776,,,0,1i-3 A Training,4,,,1i-3,,,Pass,,1i-3 A Training,1i-3 A Training,12,Training02,TrainingC,1ouhhw,3,continue,,983.0000000476721,982.0999999999767,983.0000000476721,983.0000000476721,982.0999999999767,983.0000000476721,1,983.0000000476721,0,0,,Click To Continue,Continue Button,6,object-272,1i-3,_,10,1i-3_10,3,Training02,19_BURYVOLDY,ASK,.png,19_BURYVOLDY_ASK.png,ZETH,WAN,19_BURYVOLDY_ZETH_WAN.png,,ZETH WAN,21_TEACHHOG_ASK.png,21_TEACHHOG_DOTS.png,ZETH WAN,RUSP WIM,ZETH WAN,RUSP WIM,21_TEACHHOG_RUSP_WIM.png,,RUSP WIM,,,,
46,1712310560294,05/04/2024 09:49:20,1712314160294,1,05/04/2024 11:49:20,139619,19,task-eihb,,36765688,BLIND,10840141,,complete,,660fc562501f70f0089a23c6,computer,Desktop or Laptop,Windows 10,Chrome 123.0.0.0,1536x864,1536x776,,,0,1i-3 A Training,4,,,1i-3,,,Pass,,1i-3 A Training,1i-3 A Training,13,Training02,TrainingA,34efq7,1,response,RUSP WIM,1981.7999999999884,10408.200000000012,10419.200000000012,1981.7999999999884,10408.200000000012,10419.200000000012,1,1981.7999999999884,8437.400000000023,0,,Single Text Entry,TextResponseA,4,object-97,1i-3,_,15,1i-3_15,4,Training02,06_MOM,ASK,.png,06_MOM_ASK.png,RUSP,WIM,06_MOM_RUSP_WIM.png,,RUSP WIM,26_ERISED_ASK.png,26_ERISED_DOTS.png,RUSP WIM,FICH WUNG,RUSP WIM,FICH WUNG,26_ERISED_FICH_WUNG.png,,FICH WUNG,,,,
47,1712310564159,05/04/2024 09:49:24,1712314164159,1,05/04/2024 11:49:24,139619,19,task-eihb,,36765688,BLIND,10840141,,complete,,660fc562501f70f0089a23c6,computer,Desktop or Laptop,Windows 10,Chrome 123.0.0.0,1536x864,1536x776,,,0,1i-3 A Training,4,,,1i-3,,,Pass,,1i-3 A Training,1i-3 A Training,13,Training02,TrainingB,2yfdu9,2,response,,3876.0999999046326,3863.5,3876.0999999046326,3876.0999999046326,3863.5,3876.0999999046326,1,3876.0999999046326,0,0,,Click Response,Option B,5,object-246,1i-3,_,15,1i-3_15,4,Training02,06_MOM,ASK,.png,06_MOM_ASK.png,RUSP,WIM,06_MOM_RUSP_WIM.png,,RUSP WIM,26_ERISED_ASK.png,26_ERISED_DOTS.png,RUSP WIM,FICH WUNG,RUSP WIM,FICH WUNG,26_ERISED_FICH_WUNG.png,,FICH WUNG,,,,
48,1712310564973,05/04/2024 09:49:24,1712314164973,1,05/04/2024 11:49:24,139619,19,task-eihb,,36765688,BLIND,10840141,,complete,,660fc562501f70f0089a23c6,computer,Desktop or Laptop,Windows 10,Chrome 123.0.0.0,1536x864,1536x776,,,0,1i-3 A Training,4,,,1i-3,,,Pass,,1i-3 A Training,1i-3 A Training,13,Training02,TrainingC,1ouhhw,3,continue,,826,816,826,826,816,826,1,826,0,0,,Click To Continue,Continue Button,6,object-272,1i-3,_,15,1i-3_15,4,Training02,06_MOM,ASK,.png,06_MOM_ASK.png,RUSP,WIM,06_MOM_RUSP_WIM.png,,RUSP WIM,26_ERISED_ASK.png,26_ERISED_DOTS.png,RUSP WIM,FICH WUNG,RUSP WIM,FICH WUNG,26_ERISED_FICH_WUNG.png,,FICH WUNG,,,,
49,1712310572135,05/04/2024 09:49:32,1712314172135,1,05/04/2024 11:49:32,139619,19,task-eihb,,36765688,BLIND,10840141,,complete,,660fc562501f70f0089a23c6,computer,Desktop or Laptop,Windows 10,Chrome 123.0.0.0,1536x864,1536x776,,,0,1i-3 A Training,4,,,1i-3,,,Pass,,1i-3 A Training,1i-3 A Training,14,Training02,TrainingA,34efq7,1,response,ZETH WAN,1931.7000000000116,7160.799999999988,7172.599999904633,1931.7000000000116,7160.799999999988,7172.599999904633,1,1931.7000000000116,5240.899999904621,0,,Single Text Entry,TextResponseA,4,object-97,1i-3,_,14,1i-3_14,4,Training02,33_ROR,ASK,.png,33_ROR_ASK.png,ZETH,WAN,33_ROR_ZETH_WAN.png,,ZETH WAN,19_BURYVOLDY_ASK.png,19_BURYVOLDY_DOTS.png,ZETH WAN,WOUX WAN,ZETH WAN,WOUX WAN,19_BURYVOLDY_WOUX_WAN.png,,WOUX WAN,,,,
50,1712310573749,05/04/2024 09:49:33,1712314173749,1,05/04/2024 11:49:33,139619,19,task-eihb,,36765688,BLIND,10840141,,complete,,660fc562501f70f0089a23c6,computer,Desktop or Laptop,Windows 10,Chrome 123.0.0.0,1536x864,1536x776,,,0,1i-3 A Training,4,,,1i-3,,,Pass,,1i-3 A Training,1i-3 A Training,14,Training02,TrainingB,2yfdu9,2,response,,1625.2999999046442,1615.7999999999884,1625.2999999046442,1625.2999999046442,1615.7999999999884,1625.2999999046442,1,1625.2999999046442,0,0,,Click Response,Option A,4,object-245,1i-3,_,14,1i-3_14,4,Training02,33_ROR,ASK,.png,33_ROR_ASK.png,ZETH,WAN,33_ROR_ZETH_WAN.png,,ZETH WAN,19_BURYVOLDY_ASK.png,19_BURYVOLDY_DOTS.png,ZETH WAN,WOUX WAN,ZETH WAN,WOUX WAN,19_BURYVOLDY_WOUX_WAN.png,,WOUX WAN,,,,
51,1712310574723,05/04/2024 09:49:34,1712314174723,1,05/04/2024 11:49:34,139619,19,task-eihb,,36765688,BLIND,10840141,,complete,,660fc562501f70f0089a23c6,computer,Desktop or Laptop,Windows 10,Chrome 123.0.0.0,1536x864,1536x776,,,0,1i-3 A Training,4,,,1i-3,,,Pass,,1i-3 A Training,1i-3 A Training,14,Training02,TrainingC,1ouhhw,3,continue,,984.100000047707,982.1000000000349,984.100000047707,984.100000047707,982.1000000000349,984.100000047707,1,984.100000047707,0,0,,Click To Continue,Continue Button,6,object-272,1i-3,_,14,1i-3_14,4,Training02,33_ROR,ASK,.png,33_ROR_ASK.png,ZETH,WAN,33_ROR_ZETH_WAN.png,,ZETH WAN,19_BURYVOLDY_ASK.png,19_BURYVOLDY_DOTS.png,ZETH WAN,WOUX WAN,ZETH WAN,WOUX WAN,19_BURYVOLDY_WOUX_WAN.png,,WOUX WAN,,,,
52,1712310579207,05/04/2024 09:49:39,1712314179207,1,05/04/2024 11:49:39,139619,19,task-eihb,,36765688,BLIND,10840141,,complete,,660fc562501f70f0089a23c6,computer,Desktop or Laptop,Windows 10,Chrome 123.0.0.0,1536x864,1536x776,,,0,1i-3 A Training,4,,,1i-3,,,Pass,,1i-3 A Training,1i-3 A Training,15,Training02,TrainingA,34efq7,1,response,FICH WUNG,1548.899999999965,4479.799999999988,4485.399999904621,1548.899999999965,4479.799999999988,4485.399999904621,1,1548.899999999965,2936.499999904656,0,,Single Text Entry,TextResponseA,4,object-97,1i-3,_,13,1i-3_13,4,Training02,11_RONWAND,ASK,.png,11_RONWAND_ASK.png,FICH,WUNG,11_RONWAND_FICH_WUNG.png,,FICH WUNG,06_MOM_ASK.png,06_MOM_DOTS.png,ZETH WAN,FICH WUNG,FICH WUNG,ZETH WAN,06_MOM_ZETH_WAN.png,ZETH WAN,,,,,
53,1712310583376,05/04/2024 09:49:43,1712314183376,1,05/04/2024 11:49:43,139619,19,task-eihb,,36765688,BLIND,10840141,,complete,,660fc562501f70f0089a23c6,computer,Desktop or Laptop,Windows 10,Chrome 123.0.0.0,1536x864,1536x776,,,0,1i-3 A Training,4,,,1i-3,,,Pass,,1i-3 A Training,1i-3 A Training,15,Training02,TrainingB,2yfdu9,2,response,,4175.200000047684,4163.700000000012,4175.200000047684,4175.200000047684,4163.700000000012,4175.200000047684,1,4175.200000047684,0,0,,Click Response,Option A,4,object-245,1i-3,_,13,1i-3_13,4,Training02,11_RONWAND,ASK,.png,11_RONWAND_ASK.png,FICH,WUNG,11_RONWAND_FICH_WUNG.png,,FICH WUNG,06_MOM_ASK.png,06_MOM_DOTS.png,ZETH WAN,FICH WUNG,FICH WUNG,ZETH WAN,06_MOM_ZETH_WAN.png,ZETH WAN,,,,,
54,1712310584113,05/04/2024 09:49:44,1712314184113,1,05/04/2024 11:49:44,139619,19,task-eihb,,36765688,BLIND,10840141,,complete,,660fc562501f70f0089a23c6,computer,Desktop or Laptop,Windows 10,Chrome 123.0.0.0,1536x864,1536x776,,,0,1i-3 A Training,4,,,1i-3,,,Pass,,1i-3 A Training,1i-3 A Training,15,Training02,TrainingC,1ouhhw,3,continue,,747.7999999999884,732.2999999999884,747.7999999999884,747.7999999999884,732.2999999999884,747.7999999999884,1,747.7999999999884,0,0,,Click To Continue,Continue Button,6,object-272,1i-3,_,13,1i-3_13,4,Training02,11_RONWAND,ASK,.png,11_RONWAND_ASK.png,FICH,WUNG,11_RONWAND_FICH_WUNG.png,,FICH WUNG,06_MOM_ASK.png,06_MOM_DOTS.png,ZETH WAN,FICH WUNG,FICH WUNG,ZETH WAN,06_MOM_ZETH_WAN.png,ZETH WAN,,,,,
55,1712310587877,05/04/2024 09:49:47,1712314187877,1,05/04/2024 11:49:47,139619,19,task-eihb,,36765688,BLIND,10840141,,complete,,660fc562501f70f0089a23c6,computer,Desktop or Laptop,Windows 10,Chrome 123.0.0.0,1536x864,1536x776,,,0,1i-3 A Training,4,,,1i-3,,,Pass,,1i-3 A Training,1i-3 A Training,16,Training02,TrainingA,34efq7,1,response,WOUX WAN,1382,3763.5999999999767,3779.0999999046326,1382,3763.5999999999767,3779.0999999046326,1,1382,2397.0999999046326,0,,Single Text Entry,TextResponseA,4,object-97,1i-3,_,16,1i-3_16,4,Training02,42_ENGLAND,ASK,.png,42_ENGLAND_ASK.png,WOUX,WAN,42_ENGLAND_WOUX_WAN.png,,WOUX WAN,41_PIXIE_ASK.png,41_PIXIE_DOTS.png,RUSP WIM,WOUX WAN,WOUX WAN,RUSP WIM,41_PIXIE_RUSP_WIM.png,RUSP WIM,,,,,
56,1712310588630,05/04/2024 09:49:48,1712314188630,1,05/04/2024 11:49:48,139619,19,task-eihb,,36765688,BLIND,10840141,,complete,,660fc562501f70f0089a23c6,computer,Desktop or Laptop,Windows 10,Chrome 123.0.0.0,1536x864,1536x776,,,0,1i-3 A Training,4,,,1i-3,,,Pass,,1i-3 A Training,1i-3 A Training,16,Training02,TrainingB,2yfdu9,2,response,,768.6999999523396,765.7000000000116,768.6999999523396,768.6999999523396,765.7000000000116,768.6999999523396,1,768.6999999523396,0,0,,Click Response,Option B,5,object-246,1i-3,_,16,1i-3_16,4,Training02,42_ENGLAND,ASK,.png,42_ENGLAND_ASK.png,WOUX,WAN,42_ENGLAND_WOUX_WAN.png,,WOUX WAN,41_PIXIE_ASK.png,41_PIXIE_DOTS.png,RUSP WIM,WOUX WAN,WOUX WAN,RUSP WIM,41_PIXIE_RUSP_WIM.png,RUSP WIM,,,,,
57,1712310589287,05/04/2024 09:49:49,1712314189287,1,05/04/2024 11:49:49,139619,19,task-eihb,,36765688,BLIND,10840141,,complete,,660fc562501f70f0089a23c6,computer,Desktop or Laptop,Windows 10,Chrome 123.0.0.0,1536x864,1536x776,,,0,1i-3 A Training,4,,,1i-3,,,Pass,,1i-3 A Training,1i-3 A Training,16,Training02,TrainingC,1ouhhw,3,continue,,660.2000000000116,649.5,660.2000000000116,660.2000000000116,649.5,660.2000000000116,1,660.2000000000116,0,0,,Click To Continue,Continue Button,6,object-272,1i-3,_,16,1i-3_16,4,Training02,42_ENGLAND,ASK,.png,42_ENGLAND_ASK.png,WOUX,WAN,42_ENGLAND_WOUX_WAN.png,,WOUX WAN,41_PIXIE_ASK.png,41_PIXIE_DOTS.png,RUSP WIM,WOUX WAN,WOUX WAN,RUSP WIM,41_PIXIE_RUSP_WIM.png,RUSP WIM,,,,,
58,1712310593060,05/04/2024 09:49:53,1712314193060,1,05/04/2024 11:49:53,139619,19,task-eihb,,36765688,BLIND,10840141,,complete,,660fc562501f70f0089a23c6,computer,Desktop or Laptop,Windows 10,Chrome 123.0.0.0,1536x864,1536x776,,,0,1i-3 A Training,4,,,1i-3,,,Pass,,1i-3 A Training,1i-3 A Training,17,Training02,TrainingA,34efq7,1,response,RUSP WIM,1465.5,3780.4000000000233,3783.299999904644,1465.5,3780.4000000000233,3783.299999904644,1,1465.5,2317.799999904644,0,,Single Text Entry,TextResponseA,4,object-97,1i-3,_,19,1i-3_19,5,Training02,41_PIXIE,ASK,.png,41_PIXIE_ASK.png,RUSP,WIM,41_PIXIE_RUSP_WIM.png,,RUSP WIM,35_PROPHET_ASK.png,35_PROPHET_DOTS.png,WOUX WAN,RUSP WIM,RUSP WIM,WOUX WAN,35_PROPHET_WOUX_WAN.png,WOUX WAN,,,,,
59,1712310594424,05/04/2024 09:49:54,1712314194424,1,05/04/2024 11:49:54,139619,19,task-eihb,,36765688,BLIND,10840141,,complete,,660fc562501f70f0089a23c6,computer,Desktop or Laptop,Windows 10,Chrome 123.0.0.0,1536x864,1536x776,,,0,1i-3 A Training,4,,,1i-3,,,Pass,,1i-3 A Training,1i-3 A Training,17,Training02,TrainingB,2yfdu9,2,response,,1367.2999999999884,1365.399999999965,1367.2999999999884,1367.2999999999884,1365.399999999965,1367.2999999999884,1,1367.2999999999884,0,0,,Click Response,Option A,4,object-245,1i-3,_,19,1i-3_19,5,Training02,41_PIXIE,ASK,.png,41_PIXIE_ASK.png,RUSP,WIM,41_PIXIE_RUSP_WIM.png,,RUSP WIM,35_PROPHET_ASK.png,35_PROPHET_DOTS.png,WOUX WAN,RUSP WIM,RUSP WIM,WOUX WAN,35_PROPHET_WOUX_WAN.png,WOUX WAN,,,,,
60,1712310595115,05/04/2024 09:49:55,1712314195115,1,05/04/2024 11:49:55,139619,19,task-eihb,,36765688,BLIND,10840141,,complete,,660fc562501f70f0089a23c6,computer,Desktop or Laptop,Windows 10,Chrome 123.0.0.0,1536x864,1536x776,,,0,1i-3 A Training,4,,,1i-3,,,Pass,,1i-3 A Training,1i-3 A Training,17,Training02,TrainingC,1ouhhw,3,continue,,693.2999998569721,682.8000000000466,693.2999998569721,693.2999998569721,682.8000000000466,693.2999998569721,1,693.2999998569721,0,0,,Click To Continue,Continue Button,6,object-272,1i-3,_,19,1i-3_19,5,Training02,41_PIXIE,ASK,.png,41_PIXIE_ASK.png,RUSP,WIM,41_PIXIE_RUSP_WIM.png,,RUSP WIM,35_PROPHET_ASK.png,35_PROPHET_DOTS.png,WOUX WAN,RUSP WIM,RUSP WIM,WOUX WAN,35_PROPHET_WOUX_WAN.png,WOUX WAN,,,,,
61,1712310599417,05/04/2024 09:49:59,1712314199417,1,05/04/2024 11:49:59,139619,19,task-eihb,,36765688,BLIND,10840141,,complete,,660fc562501f70f0089a23c6,computer,Desktop or Laptop,Windows 10,Chrome 123.0.0.0,1536x864,1536x776,,,0,1i-3 A Training,4,,,1i-3,,,Pass,,1i-3 A Training,1i-3 A Training,18,Training02,TrainingA,34efq7,1,response,FICH WUNG,1698.5999999999767,4296.5,4311.80000004766,1698.5999999999767,4296.5,4311.80000004766,1,1698.5999999999767,2613.2000000476837,0,,Single Text Entry,TextResponseA,4,object-97,1i-3,_,17,1i-3_17,5,Training02,25_PROSECUTE,ASK,.png,25_PROSECUTE_ASK.png,FICH,WUNG,25_PROSECUTE_FICH_WUNG.png,,FICH WUNG,04_WHEEZES_ASK.png,04_WHEEZES_DOTS.png,RUSP WIM,FICH WUNG,FICH WUNG,RUSP WIM,04_WHEEZES_RUSP_WIM.png,RUSP WIM,,,,,
62,1712310602874,05/04/2024 09:50:02,1712314202874,1,05/04/2024 11:50:02,139619,19,task-eihb,,36765688,BLIND,10840141,,complete,,660fc562501f70f0089a23c6,computer,Desktop or Laptop,Windows 10,Chrome 123.0.0.0,1536x864,1536x776,,,0,1i-3 A Training,4,,,1i-3,,,Pass,,1i-3 A Training,1i-3 A Training,18,Training02,TrainingB,2yfdu9,2,response,,3472.8000000476604,3463.6999999999534,3472.8000000476604,3472.8000000476604,3463.6999999999534,3472.8000000476604,1,3472.8000000476604,0,0,,Click Response,Option B,5,object-246,1i-3,_,17,1i-3_17,5,Training02,25_PROSECUTE,ASK,.png,25_PROSECUTE_ASK.png,FICH,WUNG,25_PROSECUTE_FICH_WUNG.png,,FICH WUNG,04_WHEEZES_ASK.png,04_WHEEZES_DOTS.png,RUSP WIM,FICH WUNG,FICH WUNG,RUSP WIM,04_WHEEZES_RUSP_WIM.png,RUSP WIM,,,,,
63,1712310603857,05/04/2024 09:50:03,1712314203857,1,05/04/2024 11:50:03,139619,19,task-eihb,,36765688,BLIND,10840141,,complete,,660fc562501f70f0089a23c6,computer,Desktop or Laptop,Windows 10,Chrome 123.0.0.0,1536x864,1536x776,,,0,1i-3 A Training,4,,,1i-3,,,Pass,,1i-3 A Training,1i-3 A Training,18,Training02,TrainingC,1ouhhw,3,continue,,991.6999999523396,982.6000000000349,991.6999999523396,991.6999999523396,982.6000000000349,991.6999999523396,1,991.6999999523396,0,0,,Click To Continue,Continue Button,6,object-272,1i-3,_,17,1i-3_17,5,Training02,25_PROSECUTE,ASK,.png,25_PROSECUTE_ASK.png,FICH,WUNG,25_PROSECUTE_FICH_WUNG.png,,FICH WUNG,04_WHEEZES_ASK.png,04_WHEEZES_DOTS.png,RUSP WIM,FICH WUNG,FICH WUNG,RUSP WIM,04_WHEEZES_RUSP_WIM.png,RUSP WIM,,,,,
64,1712310607998,05/04/2024 09:50:07,1712314207998,1,05/04/2024 11:50:07,139619,19,task-eihb,,36765688,BLIND,10840141,,complete,,660fc562501f70f0089a23c6,computer,Desktop or Laptop,Windows 10,Chrome 123.0.0.0,1536x864,1536x776,,,0,1i-3 A Training,4,,,1i-3,,,Pass,,1i-3 A Training,1i-3 A Training,19,Training02,TrainingA,34efq7,1,response,WOUX WAN,1748.5999999999767,4146.799999999988,4150.500000047672,1748.5999999999767,4146.799999999988,4150.500000047672,1,1748.5999999999767,2401.9000000476954,0,,Single Text Entry,TextResponseA,4,object-97,1i-3,_,20,1i-3_20,5,Training02,21_TEACHHOG,ASK,.png,21_TEACHHOG_ASK.png,WOUX,WAN,21_TEACHHOG_WOUX_WAN.png,,WOUX WAN,42_ENGLAND_ASK.png,42_ENGLAND_DOTS.png,WOUX WAN,ZETH WAN,WOUX WAN,ZETH WAN,42_ENGLAND_ZETH_WAN.png,,ZETH WAN,,,,
65,1712310609449,05/04/2024 09:50:09,1712314209449,1,05/04/2024 11:50:09,139619,19,task-eihb,,36765688,BLIND,10840141,,complete,,660fc562501f70f0089a23c6,computer,Desktop or Laptop,Windows 10,Chrome 123.0.0.0,1536x864,1536x776,,,0,1i-3 A Training,4,,,1i-3,,,Pass,,1i-3 A Training,1i-3 A Training,19,Training02,TrainingB,2yfdu9,2,response,,1454.5999999046326,1448.7000000000116,1454.5999999046326,1454.5999999046326,1448.7000000000116,1454.5999999046326,1,1454.5999999046326,0,0,,Click Response,Option A,4,object-245,1i-3,_,20,1i-3_20,5,Training02,21_TEACHHOG,ASK,.png,21_TEACHHOG_ASK.png,WOUX,WAN,21_TEACHHOG_WOUX_WAN.png,,WOUX WAN,42_ENGLAND_ASK.png,42_ENGLAND_DOTS.png,WOUX WAN,ZETH WAN,WOUX WAN,ZETH WAN,42_ENGLAND_ZETH_WAN.png,,ZETH WAN,,,,
66,1712310611315,05/04/2024 09:50:11,1712314211315,1,05/04/2024 11:50:11,139619,19,task-eihb,,36765688,BLIND,10840141,,complete,,660fc562501f70f0089a23c6,computer,Desktop or Laptop,Windows 10,Chrome 123.0.0.0,1536x864,1536x776,,,0,1i-3 A Training,4,,,1i-3,,,Pass,,1i-3 A Training,1i-3 A Training,19,Training02,TrainingC,1ouhhw,3,continue,,1872.1999998569372,1865.2000000000116,1872.1999998569372,1872.1999998569372,1865.2000000000116,1872.1999998569372,1,1872.1999998569372,0,0,,Click To Continue,Continue Button,6,object-272,1i-3,_,20,1i-3_20,5,Training02,21_TEACHHOG,ASK,.png,21_TEACHHOG_ASK.png,WOUX,WAN,21_TEACHHOG_WOUX_WAN.png,,WOUX WAN,42_ENGLAND_ASK.png,42_ENGLAND_DOTS.png,WOUX WAN,ZETH WAN,WOUX WAN,ZETH WAN,42_ENGLAND_ZETH_WAN.png,,ZETH WAN,,,,
67,1712310615340,05/04/2024 09:50:15,1712314215340,1,05/04/2024 11:50:15,139619,19,task-eihb,,36765688,BLIND,10840141,,complete,,660fc562501f70f0089a23c6,computer,Desktop or Laptop,Windows 10,Chrome 123.0.0.0,1536x864,1536x776,,,0,1i-3 A Training,4,,,1i-3,,,Pass,,1i-3 A Training,1i-3 A Training,20,Training02,TrainingA,34efq7,1,response,ZETH WAN,1415.5,4029.7999999999884,4031.0999999999767,1415.5,4029.7999999999884,4031.0999999999767,1,1415.5,2615.5999999999767,0,,Single Text Entry,TextResponseA,4,object-97,1i-3,_,18,1i-3_18,5,Training02,05_AUROR,ASK,.png,05_AUROR_ASK.png,ZETH,WAN,05_AUROR_ZETH_WAN.png,,ZETH WAN,11_RONWAND_ASK.png,11_RONWAND_DOTS.png,ZETH WAN,FICH WUNG,ZETH WAN,FICH WUNG,11_RONWAND_FICH_WUNG.png,,FICH WUNG,,,,
68,1712310617679,05/04/2024 09:50:17,1712314217679,1,05/04/2024 11:50:17,139619,19,task-eihb,,36765688,BLIND,10840141,,complete,,660fc562501f70f0089a23c6,computer,Desktop or Laptop,Windows 10,Chrome 123.0.0.0,1536x864,1536x776,,,0,1i-3 A Training,4,,,1i-3,,,Pass,,1i-3 A Training,1i-3 A Training,20,Training02,TrainingB,2yfdu9,2,response,,2340.399999904621,2331.7000000000116,2340.399999904621,2340.399999904621,2331.7000000000116,2340.399999904621,1,2340.399999904621,0,0,,Click Response,Option B,5,object-246,1i-3,_,18,1i-3_18,5,Training02,05_AUROR,ASK,.png,05_AUROR_ASK.png,ZETH,WAN,05_AUROR_ZETH_WAN.png,,ZETH WAN,11_RONWAND_ASK.png,11_RONWAND_DOTS.png,ZETH WAN,FICH WUNG,ZETH WAN,FICH WUNG,11_RONWAND_FICH_WUNG.png,,FICH WUNG,,,,
69,1712310618709,05/04/2024 09:50:18,1712314218709,1,05/04/2024 11:50:18,139619,19,task-eihb,,36765688,BLIND,10840141,,complete,,660fc562501f70f0089a23c6,computer,Desktop or Laptop,Windows 10,Chrome 123.0.0.0,1536x864,1536x776,,,0,1i-3 A Training,4,,,1i-3,,,Pass,,1i-3 A Training,1i-3 A Training,20,Training02,TrainingC,1ouhhw,3,continue,,1038.899999952293,1032.399999999965,1038.899999952293,1038.899999952293,1032.399999999965,1038.899999952293,1,1038.899999952293,0,0,,Click To Continue,Continue Button,6,object-272,1i-3,_,18,1i-3_18,5,Training02,05_AUROR,ASK,.png,05_AUROR_ASK.png,ZETH,WAN,05_AUROR_ZETH_WAN.png,,ZETH WAN,11_RONWAND_ASK.png,11_RONWAND_DOTS.png,ZETH WAN,FICH WUNG,ZETH WAN,FICH WUNG,11_RONWAND_FICH_WUNG.png,,FICH WUNG,,,,
70,1712310622642,05/04/2024 09:50:22,1712314222642,1,05/04/2024 11:50:22,139619,19,task-eihb,,36765688,BLIND,10840141,,complete,,660fc562501f70f0089a23c6,computer,Desktop or Laptop,Windows 10,Chrome 123.0.0.0,1536x864,1536x776,,,0,1i-3 A Training,4,,,1i-3,,,Pass,,1i-3 A Training,1i-3 A Training,21,Training02,TrainingA,34efq7,1,response,WOUX WAN,1348.600000000035,3930.2000000000116,3939.9000000476954,1348.600000000035,3930.2000000000116,3939.9000000476954,1,1348.600000000035,2591.3000000476604,0,,Single Text Entry,TextResponseA,4,object-97,1i-3,_,24,1i-3_24,6,Training02,07_AZKABAN,ASK,.png,07_AZKABAN_ASK.png,WOUX,WAN,07_AZKABAN_WOUX_WAN.png,,WOUX WAN,32_QWC_ASK.png,32_QWC_DOTS.png,WOUX WAN,FICH WUNG,WOUX WAN,FICH WUNG,32_QWC_FICH_WUNG.png,,FICH WUNG,,,,
71,1712310624287,05/04/2024 09:50:24,1712314224287,1,05/04/2024 11:50:24,139619,19,task-eihb,,36765688,BLIND,10840141,,complete,,660fc562501f70f0089a23c6,computer,Desktop or Laptop,Windows 10,Chrome 123.0.0.0,1536x864,1536x776,,,0,1i-3 A Training,4,,,1i-3,,,Pass,,1i-3 A Training,1i-3 A Training,21,Training02,TrainingB,2yfdu9,2,response,,1654.3999998569489,1648.5,1654.3999998569489,1654.3999998569489,1648.5,1654.3999998569489,1,1654.3999998569489,0,0,,Click Response,Option B,5,object-246,1i-3,_,24,1i-3_24,6,Training02,07_AZKABAN,ASK,.png,07_AZKABAN_ASK.png,WOUX,WAN,07_AZKABAN_WOUX_WAN.png,,WOUX WAN,32_QWC_ASK.png,32_QWC_DOTS.png,WOUX WAN,FICH WUNG,WOUX WAN,FICH WUNG,32_QWC_FICH_WUNG.png,,FICH WUNG,,,,
72,1712310625383,05/04/2024 09:50:25,1712314225383,1,05/04/2024 11:50:25,139619,19,task-eihb,,36765688,BLIND,10840141,,complete,,660fc562501f70f0089a23c6,computer,Desktop or Laptop,Windows 10,Chrome 123.0.0.0,1536x864,1536x776,,,0,1i-3 A Training,4,,,1i-3,,,Pass,,1i-3 A Training,1i-3 A Training,21,Training02,TrainingC,1ouhhw,3,continue,,1102.2999999523163,1099,1102.2999999523163,1102.2999999523163,1099,1102.2999999523163,1,1102.2999999523163,0,0,,Click To Continue,Continue Button,6,object-272,1i-3,_,24,1i-3_24,6,Training02,07_AZKABAN,ASK,.png,07_AZKABAN_ASK.png,WOUX,WAN,07_AZKABAN_WOUX_WAN.png,,WOUX WAN,32_QWC_ASK.png,32_QWC_DOTS.png,WOUX WAN,FICH WUNG,WOUX WAN,FICH WUNG,32_QWC_FICH_WUNG.png,,FICH WUNG,,,,
73,1712310629571,05/04/2024 09:50:29,1712314229571,1,05/04/2024 11:50:29,139619,19,task-eihb,,36765688,BLIND,10840141,,complete,,660fc562501f70f0089a23c6,computer,Desktop or Laptop,Windows 10,Chrome 123.0.0.0,1536x864,1536x776,,,0,1i-3 A Training,4,,,1i-3,,,Pass,,1i-3 A Training,1i-3 A Training,22,Training02,TrainingA,34efq7,1,response,FICH WUNG,1449,4180.099999999977,4191.099999904633,1449,4180.099999999977,4191.099999904633,1,1449,2742.0999999046326,0,,Single Text Entry,TextResponseA,4,object-97,1i-3,_,21,1i-3_21,6,Training02,39_STOPHAGRID,ASK,.png,39_STOPHAGRID_ASK.png,FICH,WUNG,39_STOPHAGRID_FICH_WUNG.png,,FICH WUNG,14_MUNGOS_ASK.png,14_MUNGOS_DOTS.png,WOUX WAN,FICH WUNG,FICH WUNG,WOUX WAN,14_MUNGOS_WOUX_WAN.png,WOUX WAN,,,,,
74,1712310630844,05/04/2024 09:50:30,1712314230844,1,05/04/2024 11:50:30,139619,19,task-eihb,,36765688,BLIND,10840141,,complete,,660fc562501f70f0089a23c6,computer,Desktop or Laptop,Windows 10,Chrome 123.0.0.0,1536x864,1536x776,,,0,1i-3 A Training,4,,,1i-3,,,Pass,,1i-3 A Training,1i-3 A Training,22,Training02,TrainingB,2yfdu9,2,response,,1282.4000000000233,1265.9000000000233,1282.4000000000233,1282.4000000000233,1265.9000000000233,1282.4000000000233,1,1282.4000000000233,0,0,,Click Response,Option A,4,object-245,1i-3,_,21,1i-3_21,6,Training02,39_STOPHAGRID,ASK,.png,39_STOPHAGRID_ASK.png,FICH,WUNG,39_STOPHAGRID_FICH_WUNG.png,,FICH WUNG,14_MUNGOS_ASK.png,14_MUNGOS_DOTS.png,WOUX WAN,FICH WUNG,FICH WUNG,WOUX WAN,14_MUNGOS_WOUX_WAN.png,WOUX WAN,,,,,
75,1712310631472,05/04/2024 09:50:31,1712314231472,1,05/04/2024 11:50:31,139619,19,task-eihb,,36765688,BLIND,10840141,,complete,,660fc562501f70f0089a23c6,computer,Desktop or Laptop,Windows 10,Chrome 123.0.0.0,1536x864,1536x776,,,0,1i-3 A Training,4,,,1i-3,,,Pass,,1i-3 A Training,1i-3 A Training,22,Training02,TrainingC,1ouhhw,3,continue,,646.2000000476837,632.5,646.2000000476837,646.2000000476837,632.5,646.2000000476837,1,646.2000000476837,0,0,,Click To Continue,Continue Button,6,object-272,1i-3,_,21,1i-3_21,6,Training02,39_STOPHAGRID,ASK,.png,39_STOPHAGRID_ASK.png,FICH,WUNG,39_STOPHAGRID_FICH_WUNG.png,,FICH WUNG,14_MUNGOS_ASK.png,14_MUNGOS_DOTS.png,WOUX WAN,FICH WUNG,FICH WUNG,WOUX WAN,14_MUNGOS_WOUX_WAN.png,WOUX WAN,,,,,
76,1712310634921,05/04/2024 09:50:34,1712314234921,1,05/04/2024 11:50:34,139619,19,task-eihb,,36765688,BLIND,10840141,,complete,,660fc562501f70f0089a23c6,computer,Desktop or Laptop,Windows 10,Chrome 123.0.0.0,1536x864,1536x776,,,0,1i-3 A Training,4,,,1i-3,,,Pass,,1i-3 A Training,1i-3 A Training,23,Training02,TrainingA,34efq7,1,response,RUSP WIM,1315.5,3447.0999999999767,3462.2999999523163,1315.5,3447.0999999999767,3462.2999999523163,1,1315.5,2146.7999999523163,0,,Single Text Entry,TextResponseA,4,object-97,1i-3,_,23,1i-3_23,6,Training02,20_PULLSWORD,ASK,.png,20_PULLSWORD_ASK.png,RUSP,WIM,20_PULLSWORD_RUSP_WIM.png,,RUSP WIM,28_GALLEONS_ASK.png,28_GALLEONS_DOTS.png,RUSP WIM,ZETH WAN,RUSP WIM,ZETH WAN,28_GALLEONS_ZETH_WAN.png,,ZETH WAN,,,,
77,1712310635628,05/04/2024 09:50:35,1712314235628,1,05/04/2024 11:50:35,139619,19,task-eihb,,36765688,BLIND,10840141,,complete,,660fc562501f70f0089a23c6,computer,Desktop or Laptop,Windows 10,Chrome 123.0.0.0,1536x864,1536x776,,,0,1i-3 A Training,4,,,1i-3,,,Pass,,1i-3 A Training,1i-3 A Training,23,Training02,TrainingB,2yfdu9,2,response,,722.2999998569721,716.0999999999767,722.2999998569721,722.2999998569721,716.0999999999767,722.2999998569721,1,722.2999998569721,0,0,,Click Response,Option B,5,object-246,1i-3,_,23,1i-3_23,6,Training02,20_PULLSWORD,ASK,.png,20_PULLSWORD_ASK.png,RUSP,WIM,20_PULLSWORD_RUSP_WIM.png,,RUSP WIM,28_GALLEONS_ASK.png,28_GALLEONS_DOTS.png,RUSP WIM,ZETH WAN,RUSP WIM,ZETH WAN,28_GALLEONS_ZETH_WAN.png,,ZETH WAN,,,,
78,1712310636199,05/04/2024 09:50:36,1712314236199,1,05/04/2024 11:50:36,139619,19,task-eihb,,36765688,BLIND,10840141,,complete,,660fc562501f70f0089a23c6,computer,Desktop or Laptop,Windows 10,Chrome 123.0.0.0,1536x864,1536x776,,,0,1i-3 A Training,4,,,1i-3,,,Pass,,1i-3 A Training,1i-3 A Training,23,Training02,TrainingC,1ouhhw,3,continue,,577.0000000477303,566.5,577.0000000477303,577.0000000477303,566.5,577.0000000477303,1,577.0000000477303,0,0,,Click To Continue,Continue Button,6,object-272,1i-3,_,23,1i-3_23,6,Training02,20_PULLSWORD,ASK,.png,20_PULLSWORD_ASK.png,RUSP,WIM,20_PULLSWORD_RUSP_WIM.png,,RUSP WIM,28_GALLEONS_ASK.png,28_GALLEONS_DOTS.png,RUSP WIM,ZETH WAN,RUSP WIM,ZETH WAN,28_GALLEONS_ZETH_WAN.png,,ZETH WAN,,,,
79,1712310639348,05/04/2024 09:50:39,1712314239348,1,05/04/2024 11:50:39,139619,19,task-eihb,,36765688,BLIND,10840141,,complete,,660fc562501f70f0089a23c6,computer,Desktop or Laptop,Windows 10,Chrome 123.0.0.0,1536x864,1536x776,,,0,1i-3 A Training,4,,,1i-3,,,Pass,,1i-3 A Training,1i-3 A Training,24,Training02,TrainingA,34efq7,1,response,ZETH WAN,1232.1000000000931,3147.20000000007,3159.8000000000466,1232.1000000000931,3147.20000000007,3159.8000000000466,1,1232.1000000000931,1927.6999999999534,0,,Single Text Entry,TextResponseA,4,object-97,1i-3,_,22,1i-3_22,6,Training02,26_ERISED,ASK,.png,26_ERISED_ASK.png,ZETH,WAN,26_ERISED_ZETH_WAN.png,,ZETH WAN,18_LIVEGODRIC_ASK.png,18_LIVEGODRIC_DOTS.png,RUSP WIM,ZETH WAN,ZETH WAN,RUSP WIM,18_LIVEGODRIC_RUSP_WIM.png,RUSP WIM,,,,,
80,1712310639995,05/04/2024 09:50:39,1712314239995,1,05/04/2024 11:50:39,139619,19,task-eihb,,36765688,BLIND,10840141,,complete,,660fc562501f70f0089a23c6,computer,Desktop or Laptop,Windows 10,Chrome 123.0.0.0,1536x864,1536x776,,,0,1i-3 A Training,4,,,1i-3,,,Pass,,1i-3 A Training,1i-3 A Training,24,Training02,TrainingB,2yfdu9,2,response,,659.9999998569256,649.5,659.9999998569256,659.9999998569256,649.5,659.9999998569256,1,659.9999998569256,0,0,,Click Response,Option B,5,object-246,1i-3,_,22,1i-3_22,6,Training02,26_ERISED,ASK,.png,26_ERISED_ASK.png,ZETH,WAN,26_ERISED_ZETH_WAN.png,,ZETH WAN,18_LIVEGODRIC_ASK.png,18_LIVEGODRIC_DOTS.png,RUSP WIM,ZETH WAN,ZETH WAN,RUSP WIM,18_LIVEGODRIC_RUSP_WIM.png,RUSP WIM,,,,,
81,1712310641278,05/04/2024 09:50:41,1712314241278,1,05/04/2024 11:50:41,139619,19,task-eihb,,36765688,BLIND,10840141,,complete,,660fc562501f70f0089a23c6,computer,Desktop or Laptop,Windows 10,Chrome 123.0.0.0,1536x864,1536x776,,,0,1i-3 A Training,4,,,1i-3,,,Pass,,1i-3 A Training,1i-3 A Training,24,Training02,TrainingC,1ouhhw,3,continue,,1293.399999952293,1282,1293.399999952293,1293.399999952293,1282,1293.399999952293,1,1293.399999952293,0,0,,Click To Continue,Continue Button,6,object-272,1i-3,_,22,1i-3_22,6,Training02,26_ERISED,ASK,.png,26_ERISED_ASK.png,ZETH,WAN,26_ERISED_ZETH_WAN.png,,ZETH WAN,18_LIVEGODRIC_ASK.png,18_LIVEGODRIC_DOTS.png,RUSP WIM,ZETH WAN,ZETH WAN,RUSP WIM,18_LIVEGODRIC_RUSP_WIM.png,RUSP WIM,,,,,
82,1712310641284,05/04/2024 09:50:41,1712314241284,1,05/04/2024 11:50:41,139619,19,task-eihb,,36765688,BLIND,10840141,,complete,,660fc562501f70f0089a23c6,computer,Desktop or Laptop,Windows 10,Chrome 123.0.0.0,1536x864,1536x776,,,0,1i-3 A Training,4,,,1i-3,,,Pass,,1i-3 A Training,1i-3 A Training,,,,,,5,END,,,,,,,0,,,,,,,,,,,,,,,,,,,,,,,,,,,,,,,,,,,,
1,1712310751482,05/04/2024 09:52:31,1712314351482,1,05/04/2024 11:52:31,139619,19,task-eihb,,36765957,BLIND,10840174,,complete,,660fc69586d839a7af97f1ae,computer,Desktop or Laptop,Mac OS 10.15.7,Chrome 123.0.0.0,1440x900,1440x754,,,0,1i-3 A Training,4,,,1i-3,,,Pass,,1i-3 A Training,1i-3 A Training,,,,,,5,BEGIN,,,,,,,0,,,,,,,,,,,,,,,,,,,,,,,,,,,,,,,,,,,,
2,1712310761111,05/04/2024 09:52:41,1712314361111,1,05/04/2024 11:52:41,139619,19,task-eihb,,36765957,BLIND,10840174,,complete,,660fc69586d839a7af97f1ae,computer,Desktop or Laptop,Mac OS 10.15.7,Chrome 123.0.0.0,1440x900,1440x754,,,0,1i-3 A Training,4,,,1i-3,,,Pass,,1i-3 A Training,1i-3 A Training,1,Instructions,Attention Check 5,4xnmv6,1,continue,,9404.199999988079,9396.5,9404.199999988079,9404.199999988079,9396.5,9404.199999988079,1,9404.199999988079,0,0,,Click To Continue,Continue Button,4,object-285,,,,,,Instructions,,,,,,,,,,,,,,,,,,,,,,
3,1712310761112,05/04/2024 09:52:41,1712314361112,1,05/04/2024 11:52:41,139619,19,task-eihb,,36765957,BLIND,10840174,,complete,,660fc69586d839a7af97f1ae,computer,Desktop or Laptop,Mac OS 10.15.7,Chrome 123.0.0.0,1440x900,1440x754,,,0,1i-3 A Training,4,,,1i-3,,,Pass,,1i-3 A Training,1i-3 A Training,1,Instructions,Attention Check 5,4xnmv6,1,response,Accio!,8696.5,9396.5,9406.100000023842,8696.5,9396.5,9406.100000023842,1,8696.5,709.6000000238419,0,,Dropdown,Dropdown5,3,object-284,,,,,,Instructions,,,,,,,,,,,,,,,,,,,,,,
4,1712310775095,05/04/2024 09:52:55,1712314375095,1,05/04/2024 11:52:55,139619,19,task-eihb,,36765957,BLIND,10840174,,complete,,660fc69586d839a7af97f1ae,computer,Desktop or Laptop,Mac OS 10.15.7,Chrome 123.0.0.0,1440x900,1440x754,,,0,1i-3 A Training,4,,,1i-3,,,Pass,,1i-3 A Training,1i-3 A Training,1,Instructions,Attention Check 6,wf497f,2,continue,,13992.5,13988.400000000001,13992.5,13992.5,13988.400000000001,13992.5,1,13992.5,0,0,,Click To Continue,Continue Button,4,object-292,,,,,,Instructions,,,,,,,,,,,,,,,,,,,,,,
5,1712310775102,05/04/2024 09:52:55,1712314375102,1,05/04/2024 11:52:55,139619,19,task-eihb,,36765957,BLIND,10840174,,complete,,660fc69586d839a7af97f1ae,computer,Desktop or Laptop,Mac OS 10.15.7,Chrome 123.0.0.0,1440x900,1440x754,,,0,1i-3 A Training,4,,,1i-3,,,Pass,,1i-3 A Training,1i-3 A Training,1,Instructions,Attention Check 6,wf497f,2,response,The Invisibility Cloak,12914.3,13988.400000000001,14000,12914.3,13988.400000000001,14000,1,12914.3,1085.7000000000007,0,,Dropdown,Dropdown6,3,object-291,,,,,,Instructions,,,,,,,,,,,,,,,,,,,,,,
6,1712310778837,05/04/2024 09:52:58,1712314378837,1,05/04/2024 11:52:58,139619,19,task-eihb,,36765957,BLIND,10840174,,complete,,660fc69586d839a7af97f1ae,computer,Desktop or Laptop,Mac OS 10.15.7,Chrome 123.0.0.0,1440x900,1440x754,,,0,1i-3 A Training,4,,,1i-3,,,Pass,,1i-3 A Training,1i-3 A Training,1,Instructions,Screen 22,3y4guk,3,continue,,3745.5999999999985,3738.5,3745.5999999999985,3745.5999999999985,3738.5,3745.5999999999985,1,3745.5999999999985,0,0,,Click To Continue,Continue Button,3,object-297,,,,,,Instructions,,,,,,,,,,,,,,,,,,,,,,
7,1712310823228,05/04/2024 09:53:43,1712314423228,1,05/04/2024 11:53:43,139619,19,task-eihb,,36765957,BLIND,10840174,,complete,,660fc69586d839a7af97f1ae,computer,Desktop or Laptop,Mac OS 10.15.7,Chrome 123.0.0.0,1440x900,1440x754,,,0,1i-3 A Training,4,,,1i-3,,,Pass,,1i-3 A Training,1i-3 A Training,1,Instructions,Instructions 02,q3gk2e,4,continue,,44396.99999997616,44391.6,44396.99999997616,44396.99999997616,44391.6,44396.99999997616,1,44396.99999997616,0,0,,Click To Continue,Continue Button,2,object-75,,,,,,Instructions,,,,,,,,,,,,,,,,,,,,,,
8,1712310825589,05/04/2024 09:53:45,1712314425589,1,05/04/2024 11:53:45,139619,19,task-eihb,,36765957,BLIND,10840174,,complete,,660fc69586d839a7af97f1ae,computer,Desktop or Laptop,Mac OS 10.15.7,Chrome 123.0.0.0,1440x900,1440x754,,,0,1i-3 A Training,4,,,1i-3,,,Pass,,1i-3 A Training,1i-3 A Training,1,Instructions,Instructions 03,gxa3vr,5,continue,,2366.699999988079,2363.300000000003,2366.699999988079,2366.699999988079,2363.300000000003,2366.699999988079,1,2366.699999988079,0,0,,Click To Continue,Continue Button,1,object-165,,,,,,Instructions,,,,,,,,,,,,,,,,,,,,,,
9,1712310848730,05/04/2024 09:54:08,1712314448730,1,05/04/2024 11:54:08,139619,19,task-eihb,,36765957,BLIND,10840174,,complete,,660fc69586d839a7af97f1ae,computer,Desktop or Laptop,Mac OS 10.15.7,Chrome 123.0.0.0,1440x900,1440x754,,,0,1i-3 A Training,4,,,1i-3,,,Pass,,1i-3 A Training,1i-3 A Training,1,Training02,TrainingA,34efq7,1,response,FICH WUNG,11461.199999999997,23138.899999999994,23143.399999988076,11461.199999999997,23138.899999999994,23143.399999988076,1,11461.199999999997,11682.199999988079,0,,Single Text Entry,TextResponseA,4,object-97,1i-3,_,01,1i-3_01,1,Training02,04_WHEEZES,ASK,.png,04_WHEEZES_ASK.png,FICH,WUNG,04_WHEEZES_FICH_WUNG.png,,FICH WUNG,05_AUROR_ASK.png,05_AUROR_DOTS.png,FICH WUNG,ZETH WAN,FICH WUNG,ZETH WAN,05_AUROR_ZETH_WAN.png,,ZETH WAN,,,,
10,1712310867931,05/04/2024 09:54:27,1712314467931,1,05/04/2024 11:54:27,139619,19,task-eihb,,36765957,BLIND,10840174,,complete,,660fc69586d839a7af97f1ae,computer,Desktop or Laptop,Mac OS 10.15.7,Chrome 123.0.0.0,1440x900,1440x754,,,0,1i-3 A Training,4,,,1i-3,,,Pass,,1i-3 A Training,1i-3 A Training,1,Training02,TrainingB,2yfdu9,2,response,,19204.900000023845,19192.90000000001,19204.900000023845,19204.900000023845,19192.90000000001,19204.900000023845,1,19204.900000023845,0,0,,Click Response,Option B,5,object-246,1i-3,_,01,1i-3_01,1,Training02,04_WHEEZES,ASK,.png,04_WHEEZES_ASK.png,FICH,WUNG,04_WHEEZES_FICH_WUNG.png,,FICH WUNG,05_AUROR_ASK.png,05_AUROR_DOTS.png,FICH WUNG,ZETH WAN,FICH WUNG,ZETH WAN,05_AUROR_ZETH_WAN.png,,ZETH WAN,,,,
11,1712310910797,05/04/2024 09:55:10,1712314510797,1,05/04/2024 11:55:10,139619,19,task-eihb,,36765957,BLIND,10840174,,complete,,660fc69586d839a7af97f1ae,computer,Desktop or Laptop,Mac OS 10.15.7,Chrome 123.0.0.0,1440x900,1440x754,,,0,1i-3 A Training,4,,,1i-3,,,Pass,,1i-3 A Training,1i-3 A Training,1,Training02,TrainingC,1ouhhw,3,continue,,42877.20000000001,42860.600000000006,42877.20000000001,42877.20000000001,42860.600000000006,42877.20000000001,1,42877.20000000001,0,0,,Click To Continue,Continue Button,6,object-272,1i-3,_,01,1i-3_01,1,Training02,04_WHEEZES,ASK,.png,04_WHEEZES_ASK.png,FICH,WUNG,04_WHEEZES_FICH_WUNG.png,,FICH WUNG,05_AUROR_ASK.png,05_AUROR_DOTS.png,FICH WUNG,ZETH WAN,FICH WUNG,ZETH WAN,05_AUROR_ZETH_WAN.png,,ZETH WAN,,,,
12,1712310978749,05/04/2024 09:56:18,1712314578749,1,05/04/2024 11:56:18,139619,19,task-eihb,,36765957,BLIND,10840174,,complete,,660fc69586d839a7af97f1ae,computer,Desktop or Laptop,Mac OS 10.15.7,Chrome 123.0.0.0,1440x900,1440x754,,,0,1i-3 A Training,4,,,1i-3,,,Pass,,1i-3 A Training,1i-3 A Training,2,Training02,TrainingA,34efq7,1,response,RUSP WIM,4818.5,67953.4,67966.79999999999,4818.5,67953.4,67966.79999999999,1,4818.5,63148.29999999999,0,,Single Text Entry,TextResponseA,4,object-97,1i-3,_,03,1i-3_03,1,Training02,13_QUIBBLER,ASK,.png,13_QUIBBLER_ASK.png,RUSP,WIM,13_QUIBBLER_RUSP_WIM.png,,RUSP WIM,27_BESTSELLER_ASK.png,27_BESTSELLER_DOTS.png,FICH WUNG,RUSP WIM,RUSP WIM,FICH WUNG,27_BESTSELLER_FICH_WUNG.png,FICH WUNG,,,,,
13,1712311029173,05/04/2024 09:57:09,1712314629173,1,05/04/2024 11:57:09,139619,19,task-eihb,,36765957,BLIND,10840174,,complete,,660fc69586d839a7af97f1ae,computer,Desktop or Laptop,Mac OS 10.15.7,Chrome 123.0.0.0,1440x900,1440x754,,,0,1i-3 A Training,4,,,1i-3,,,Pass,,1i-3 A Training,1i-3 A Training,2,Training02,TrainingB,2yfdu9,2,response,,50436.200000011915,50428.899999999994,50436.200000011915,50436.200000011915,50428.899999999994,50436.200000011915,1,50436.200000011915,0,0,,Click Response,Option B,5,object-246,1i-3,_,03,1i-3_03,1,Training02,13_QUIBBLER,ASK,.png,13_QUIBBLER_ASK.png,RUSP,WIM,13_QUIBBLER_RUSP_WIM.png,,RUSP WIM,27_BESTSELLER_ASK.png,27_BESTSELLER_DOTS.png,FICH WUNG,RUSP WIM,RUSP WIM,FICH WUNG,27_BESTSELLER_FICH_WUNG.png,FICH WUNG,,,,,
14,1712311055157,05/04/2024 09:57:35,1712314655157,1,05/04/2024 11:57:35,139619,19,task-eihb,,36765957,BLIND,10840174,,complete,,660fc69586d839a7af97f1ae,computer,Desktop or Laptop,Mac OS 10.15.7,Chrome 123.0.0.0,1440x900,1440x754,,,0,1i-3 A Training,4,,,1i-3,,,Pass,,1i-3 A Training,1i-3 A Training,2,Training02,TrainingC,1ouhhw,3,continue,,25990,25977.5,25990,25990,25977.5,25990,1,25990,0,0,,Click To Continue,Continue Button,6,object-272,1i-3,_,03,1i-3_03,1,Training02,13_QUIBBLER,ASK,.png,13_QUIBBLER_ASK.png,RUSP,WIM,13_QUIBBLER_RUSP_WIM.png,,RUSP WIM,27_BESTSELLER_ASK.png,27_BESTSELLER_DOTS.png,FICH WUNG,RUSP WIM,RUSP WIM,FICH WUNG,27_BESTSELLER_FICH_WUNG.png,FICH WUNG,,,,,
15,1712311063807,05/04/2024 09:57:43,1712314663807,1,05/04/2024 11:57:43,139619,19,task-eihb,,36765957,BLIND,10840174,,complete,,660fc69586d839a7af97f1ae,computer,Desktop or Laptop,Mac OS 10.15.7,Chrome 123.0.0.0,1440x900,1440x754,,,0,1i-3 A Training,4,,,1i-3,,,Pass,,1i-3 A Training,1i-3 A Training,3,Training02,TrainingA,34efq7,1,response,WOUX WAN,4218.099999999977,8658.599999999977,8662.5,4218.099999999977,8658.599999999977,8662.5,1,4218.099999999977,4444.400000000023,0,,Single Text Entry,TextResponseA,4,object-97,1i-3,_,04,1i-3_04,1,Training02,35_PROPHET,ASK,.png,35_PROPHET_ASK.png,WOUX,WAN,35_PROPHET_WOUX_WAN.png,,WOUX WAN,40_BURYSNAPE_ASK.png,40_BURYSNAPE_DOTS.png,WOUX WAN,RUSP WIM,WOUX WAN,RUSP WIM,40_BURYSNAPE_RUSP_WIM.png,,RUSP WIM,,,,
16,1712311097026,05/04/2024 09:58:17,1712314697026,1,05/04/2024 11:58:17,139619,19,task-eihb,,36765957,BLIND,10840174,,complete,,660fc69586d839a7af97f1ae,computer,Desktop or Laptop,Mac OS 10.15.7,Chrome 123.0.0.0,1440x900,1440x754,,,0,1i-3 A Training,4,,,1i-3,,,Pass,,1i-3 A Training,1i-3 A Training,3,Training02,TrainingB,2yfdu9,2,response,,33220.09999999998,33203.20000000001,33220.09999999998,33220.09999999998,33203.20000000001,33220.09999999998,1,33220.09999999998,0,0,,Click Response,Option B,5,object-246,1i-3,_,04,1i-3_04,1,Training02,35_PROPHET,ASK,.png,35_PROPHET_ASK.png,WOUX,WAN,35_PROPHET_WOUX_WAN.png,,WOUX WAN,40_BURYSNAPE_ASK.png,40_BURYSNAPE_DOTS.png,WOUX WAN,RUSP WIM,WOUX WAN,RUSP WIM,40_BURYSNAPE_RUSP_WIM.png,,RUSP WIM,,,,
17,1712311104129,05/04/2024 09:58:24,1712314704129,1,05/04/2024 11:58:24,139619,19,task-eihb,,36765957,BLIND,10840174,,complete,,660fc69586d839a7af97f1ae,computer,Desktop or Laptop,Mac OS 10.15.7,Chrome 123.0.0.0,1440x900,1440x754,,,0,1i-3 A Training,4,,,1i-3,,,Pass,,1i-3 A Training,1i-3 A Training,3,Training02,TrainingC,1ouhhw,3,continue,,7121.200000000012,7118.700000000012,7121.200000000012,7121.200000000012,7118.700000000012,7121.200000000012,1,7121.200000000012,0,0,,Click To Continue,Continue Button,6,object-272,1i-3,_,04,1i-3_04,1,Training02,35_PROPHET,ASK,.png,35_PROPHET_ASK.png,WOUX,WAN,35_PROPHET_WOUX_WAN.png,,WOUX WAN,40_BURYSNAPE_ASK.png,40_BURYSNAPE_DOTS.png,WOUX WAN,RUSP WIM,WOUX WAN,RUSP WIM,40_BURYSNAPE_RUSP_WIM.png,,RUSP WIM,,,,
18,1712311132406,05/04/2024 09:58:52,1712314732406,1,05/04/2024 11:58:52,139619,19,task-eihb,,36765957,BLIND,10840174,,complete,,660fc69586d839a7af97f1ae,computer,Desktop or Laptop,Mac OS 10.15.7,Chrome 123.0.0.0,1440x900,1440x754,,,0,1i-3 A Training,4,,,1i-3,,,Pass,,1i-3 A Training,1i-3 A Training,4,Training02,TrainingA,34efq7,1,response,ZETH WAN,2698,28261.29999999999,28278.699999999953,2698,28261.29999999999,28278.699999999953,1,2698,25580.699999999953,0,,Single Text Entry,TextResponseA,4,object-97,1i-3,_,02,1i-3_02,1,Training02,40_BURYSNAPE,ASK,.png,40_BURYSNAPE_ASK.png,ZETH,WAN,40_BURYSNAPE_ZETH_WAN.png,,ZETH WAN,20_PULLSWORD_ASK.png,20_PULLSWORD_DOTS.png,WOUX WAN,ZETH WAN,ZETH WAN,WOUX WAN,20_PULLSWORD_WOUX_WAN.png,WOUX WAN,,,,,
19,1712311187373,05/04/2024 09:59:47,1712314787373,1,05/04/2024 11:59:47,139619,19,task-eihb,,36765957,BLIND,10840174,,complete,,660fc69586d839a7af97f1ae,computer,Desktop or Laptop,Mac OS 10.15.7,Chrome 123.0.0.0,1440x900,1440x754,,,0,1i-3 A Training,4,,,1i-3,,,Pass,,1i-3 A Training,1i-3 A Training,4,Training02,TrainingB,2yfdu9,2,response,,54982.89999998809,54978,54982.89999998809,54982.89999998809,54978,54982.89999998809,1,54982.89999998809,0,0,,Click Response,Option B,5,object-246,1i-3,_,02,1i-3_02,1,Training02,40_BURYSNAPE,ASK,.png,40_BURYSNAPE_ASK.png,ZETH,WAN,40_BURYSNAPE_ZETH_WAN.png,,ZETH WAN,20_PULLSWORD_ASK.png,20_PULLSWORD_DOTS.png,WOUX WAN,ZETH WAN,ZETH WAN,WOUX WAN,20_PULLSWORD_WOUX_WAN.png,WOUX WAN,,,,,
20,1712311191112,05/04/2024 09:59:51,1712314791112,1,05/04/2024 11:59:51,139619,19,task-eihb,,36765957,BLIND,10840174,,complete,,660fc69586d839a7af97f1ae,computer,Desktop or Laptop,Mac OS 10.15.7,Chrome 123.0.0.0,1440x900,1440x754,,,0,1i-3 A Training,4,,,1i-3,,,Pass,,1i-3 A Training,1i-3 A Training,4,Training02,TrainingC,1ouhhw,3,continue,,3744.5000000119326,3742.7999999999884,3744.5000000119326,3744.5000000119326,3742.7999999999884,3744.5000000119326,1,3744.5000000119326,0,0,,Click To Continue,Continue Button,6,object-272,1i-3,_,02,1i-3_02,1,Training02,40_BURYSNAPE,ASK,.png,40_BURYSNAPE_ASK.png,ZETH,WAN,40_BURYSNAPE_ZETH_WAN.png,,ZETH WAN,20_PULLSWORD_ASK.png,20_PULLSWORD_DOTS.png,WOUX WAN,ZETH WAN,ZETH WAN,WOUX WAN,20_PULLSWORD_WOUX_WAN.png,WOUX WAN,,,,,
21,1712311203827,05/04/2024 10:00:03,1712314803827,1,05/04/2024 12:00:03,139619,19,task-eihb,,36765957,BLIND,10840174,,complete,,660fc69586d839a7af97f1ae,computer,Desktop or Laptop,Mac OS 10.15.7,Chrome 123.0.0.0,1440x900,1440x754,,,0,1i-3 A Training,4,,,1i-3,,,Pass,,1i-3 A Training,1i-3 A Training,5,Training02,TrainingA,34efq7,1,response,ZETH WAN,10833.200000000012,12697.200000000012,12715,10833.200000000012,12697.200000000012,12715,1,10833.200000000012,1881.7999999999884,0,,Single Text Entry,TextResponseA,4,object-97,1i-3,_,06,1i-3_06,2,Training02,12_SKEETER,ASK,.png,12_SKEETER_ASK.png,ZETH,WAN,12_SKEETER_ZETH_WAN.png,,ZETH WAN,12_SKEETER_ASK.png,12_SKEETER_DOTS.png,FICH WUNG,ZETH WAN,ZETH WAN,FICH WUNG,12_SKEETER_FICH_WUNG.png,FICH WUNG,,,,,
22,1712311211344,05/04/2024 10:00:11,1712314811344,1,05/04/2024 12:00:11,139619,19,task-eihb,,36765957,BLIND,10840174,,complete,,660fc69586d839a7af97f1ae,computer,Desktop or Laptop,Mac OS 10.15.7,Chrome 123.0.0.0,1440x900,1440x754,,,0,1i-3 A Training,4,,,1i-3,,,Pass,,1i-3 A Training,1i-3 A Training,5,Training02,TrainingB,2yfdu9,2,response,,7535.500000011933,7523.100000000035,7535.500000011933,7535.500000011933,7523.100000000035,7535.500000011933,1,7535.500000011933,0,0,,Click Response,Option B,5,object-246,1i-3,_,06,1i-3_06,2,Training02,12_SKEETER,ASK,.png,12_SKEETER_ASK.png,ZETH,WAN,12_SKEETER_ZETH_WAN.png,,ZETH WAN,12_SKEETER_ASK.png,12_SKEETER_DOTS.png,FICH WUNG,ZETH WAN,ZETH WAN,FICH WUNG,12_SKEETER_FICH_WUNG.png,FICH WUNG,,,,,
23,1712311218200,05/04/2024 10:00:18,1712314818200,1,05/04/2024 12:00:18,139619,19,task-eihb,,36765957,BLIND,10840174,,complete,,660fc69586d839a7af97f1ae,computer,Desktop or Laptop,Mac OS 10.15.7,Chrome 123.0.0.0,1440x900,1440x754,,,0,1i-3 A Training,4,,,1i-3,,,Pass,,1i-3 A Training,1i-3 A Training,5,Training02,TrainingC,1ouhhw,3,continue,,6867.999999976135,6862.699999999953,6867.999999976135,6867.999999976135,6862.699999999953,6867.999999976135,1,6867.999999976135,0,0,,Click To Continue,Continue Button,6,object-272,1i-3,_,06,1i-3_06,2,Training02,12_SKEETER,ASK,.png,12_SKEETER_ASK.png,ZETH,WAN,12_SKEETER_ZETH_WAN.png,,ZETH WAN,12_SKEETER_ASK.png,12_SKEETER_DOTS.png,FICH WUNG,ZETH WAN,ZETH WAN,FICH WUNG,12_SKEETER_FICH_WUNG.png,FICH WUNG,,,,,
24,1712311230060,05/04/2024 10:00:30,1712314830060,1,05/04/2024 12:00:30,139619,19,task-eihb,,36765957,BLIND,10840174,,complete,,660fc69586d839a7af97f1ae,computer,Desktop or Laptop,Mac OS 10.15.7,Chrome 123.0.0.0,1440x900,1440x754,,,0,1i-3 A Training,4,,,1i-3,,,Pass,,1i-3 A Training,1i-3 A Training,6,Training02,TrainingA,34efq7,1,response,RUSP WIM,9824.100000000035,11860,11865.500000023865,9824.100000000035,11860,11865.500000023865,1,9824.100000000035,2041.4000000238302,0,,Single Text Entry,TextResponseA,4,object-97,1i-3,_,07,1i-3_07,2,Training02,34_FANLETTERS,ASK,.png,34_FANLETTERS_ASK.png,RUSP,WIM,34_FANLETTERS_RUSP_WIM.png,,RUSP WIM,34_FANLETTERS_ASK.png,34_FANLETTERS_DOTS.png,RUSP WIM,WOUX WAN,RUSP WIM,WOUX WAN,34_FANLETTERS_WOUX_WAN.png,,WOUX WAN,,,,
25,1712311236252,05/04/2024 10:00:36,1712314836252,1,05/04/2024 12:00:36,139619,19,task-eihb,,36765957,BLIND,10840174,,complete,,660fc69586d839a7af97f1ae,computer,Desktop or Laptop,Mac OS 10.15.7,Chrome 123.0.0.0,1440x900,1440x754,,,0,1i-3 A Training,4,,,1i-3,,,Pass,,1i-3 A Training,1i-3 A Training,6,Training02,TrainingB,2yfdu9,2,response,,6197.200000011944,6185.600000000035,6197.200000011944,6197.200000011944,6185.600000000035,6197.200000011944,1,6197.200000011944,0,0,,Click Response,Option A,4,object-245,1i-3,_,07,1i-3_07,2,Training02,34_FANLETTERS,ASK,.png,34_FANLETTERS_ASK.png,RUSP,WIM,34_FANLETTERS_RUSP_WIM.png,,RUSP WIM,34_FANLETTERS_ASK.png,34_FANLETTERS_DOTS.png,RUSP WIM,WOUX WAN,RUSP WIM,WOUX WAN,34_FANLETTERS_WOUX_WAN.png,,WOUX WAN,,,,
26,1712311243873,05/04/2024 10:00:43,1712314843873,1,05/04/2024 12:00:43,139619,19,task-eihb,,36765957,BLIND,10840174,,complete,,660fc69586d839a7af97f1ae,computer,Desktop or Laptop,Mac OS 10.15.7,Chrome 123.0.0.0,1440x900,1440x754,,,0,1i-3 A Training,4,,,1i-3,,,Pass,,1i-3 A Training,1i-3 A Training,6,Training02,TrainingC,1ouhhw,3,continue,,7632.5,7615,7632.5,7632.5,7615,7632.5,1,7632.5,0,0,,Click To Continue,Continue Button,6,object-272,1i-3,_,07,1i-3_07,2,Training02,34_FANLETTERS,ASK,.png,34_FANLETTERS_ASK.png,RUSP,WIM,34_FANLETTERS_RUSP_WIM.png,,RUSP WIM,34_FANLETTERS_ASK.png,34_FANLETTERS_DOTS.png,RUSP WIM,WOUX WAN,RUSP WIM,WOUX WAN,34_FANLETTERS_WOUX_WAN.png,,WOUX WAN,,,,
27,1712311252633,05/04/2024 10:00:52,1712314852633,1,05/04/2024 12:00:52,139619,19,task-eihb,,36765957,BLIND,10840174,,complete,,660fc69586d839a7af97f1ae,computer,Desktop or Laptop,Mac OS 10.15.7,Chrome 123.0.0.0,1440x900,1440x754,,,0,1i-3 A Training,4,,,1i-3,,,Pass,,1i-3 A Training,1i-3 A Training,7,Training02,TrainingA,34efq7,1,response,WOUX WAN,7018,8772.799999999988,8776.90000002383,7018,8772.799999999988,8776.90000002383,1,7018,1758.9000000238302,0,,Single Text Entry,TextResponseA,4,object-97,1i-3,_,08,1i-3_08,2,Training02,28_GALLEONS,ASK,.png,28_GALLEONS_ASK.png,WOUX,WAN,28_GALLEONS_WOUX_WAN.png,,WOUX WAN,39_STOPHAGRID_ASK.png,39_STOPHAGRID_DOTS.png,ZETH WAN,WOUX WAN,WOUX WAN,ZETH WAN,39_STOPHAGRID_ZETH_WAN.png,ZETH WAN,,,,,
28,1712311274759,05/04/2024 10:01:14,1712314874759,1,05/04/2024 12:01:14,139619,19,task-eihb,,36765957,BLIND,10840174,,complete,,660fc69586d839a7af97f1ae,computer,Desktop or Laptop,Mac OS 10.15.7,Chrome 123.0.0.0,1440x900,1440x754,,,0,1i-3 A Training,4,,,1i-3,,,Pass,,1i-3 A Training,1i-3 A Training,7,Training02,TrainingB,2yfdu9,2,response,,22130,22115.099999999977,22130,22130,22115.099999999977,22130,1,22130,0,0,,Click Response,Option A,4,object-245,1i-3,_,08,1i-3_08,2,Training02,28_GALLEONS,ASK,.png,28_GALLEONS_ASK.png,WOUX,WAN,28_GALLEONS_WOUX_WAN.png,,WOUX WAN,39_STOPHAGRID_ASK.png,39_STOPHAGRID_DOTS.png,ZETH WAN,WOUX WAN,WOUX WAN,ZETH WAN,39_STOPHAGRID_ZETH_WAN.png,ZETH WAN,,,,,
29,1712311275788,05/04/2024 10:01:15,1712314875788,1,05/04/2024 12:01:15,139619,19,task-eihb,,36765957,BLIND,10840174,,complete,,660fc69586d839a7af97f1ae,computer,Desktop or Laptop,Mac OS 10.15.7,Chrome 123.0.0.0,1440x900,1440x754,,,0,1i-3 A Training,4,,,1i-3,,,Pass,,1i-3 A Training,1i-3 A Training,7,Training02,TrainingC,1ouhhw,3,continue,,1043.7999999761814,1032.8000000000466,1043.7999999761814,1043.7999999761814,1032.8000000000466,1043.7999999761814,1,1043.7999999761814,0,0,,Click To Continue,Continue Button,6,object-272,1i-3,_,08,1i-3_08,2,Training02,28_GALLEONS,ASK,.png,28_GALLEONS_ASK.png,WOUX,WAN,28_GALLEONS_WOUX_WAN.png,,WOUX WAN,39_STOPHAGRID_ASK.png,39_STOPHAGRID_DOTS.png,ZETH WAN,WOUX WAN,WOUX WAN,ZETH WAN,39_STOPHAGRID_ZETH_WAN.png,ZETH WAN,,,,,
30,1712311291279,05/04/2024 10:01:31,1712314891279,1,05/04/2024 12:01:31,139619,19,task-eihb,,36765957,BLIND,10840174,,complete,,660fc69586d839a7af97f1ae,computer,Desktop or Laptop,Mac OS 10.15.7,Chrome 123.0.0.0,1440x900,1440x754,,,0,1i-3 A Training,4,,,1i-3,,,Pass,,1i-3 A Training,1i-3 A Training,8,Training02,TrainingA,34efq7,1,response,FICH WUNG,8441.5,15497.699999999953,15501.400000011898,8441.5,15497.699999999953,15501.400000011898,1,8441.5,7059.900000011898,0,,Single Text Entry,TextResponseA,4,object-97,1i-3,_,05,1i-3_05,2,Training02,18_LIVEGODRIC,ASK,.png,18_LIVEGODRIC_ASK.png,FICH,WUNG,18_LIVEGODRIC_FICH_WUNG.png,,FICH WUNG,07_AZKABAN_ASK.png,07_AZKABAN_DOTS.png,FICH WUNG,RUSP WIM,FICH WUNG,RUSP WIM,07_AZKABAN_RUSP_WIM.png,,RUSP WIM,,,,
31,1712311300685,05/04/2024 10:01:40,1712314900685,1,05/04/2024 12:01:40,139619,19,task-eihb,,36765957,BLIND,10840174,,complete,,660fc69586d839a7af97f1ae,computer,Desktop or Laptop,Mac OS 10.15.7,Chrome 123.0.0.0,1440x900,1440x754,,,0,1i-3 A Training,4,,,1i-3,,,Pass,,1i-3 A Training,1i-3 A Training,8,Training02,TrainingB,2yfdu9,2,response,,9409.700000011944,9399.20000000007,9409.700000011944,9409.700000011944,9399.20000000007,9409.700000011944,1,9409.700000011944,0,0,,Click Response,Option A,4,object-245,1i-3,_,05,1i-3_05,2,Training02,18_LIVEGODRIC,ASK,.png,18_LIVEGODRIC_ASK.png,FICH,WUNG,18_LIVEGODRIC_FICH_WUNG.png,,FICH WUNG,07_AZKABAN_ASK.png,07_AZKABAN_DOTS.png,FICH WUNG,RUSP WIM,FICH WUNG,RUSP WIM,07_AZKABAN_RUSP_WIM.png,,RUSP WIM,,,,
32,1712311308870,05/04/2024 10:01:48,1712314908870,1,05/04/2024 12:01:48,139619,19,task-eihb,,36765957,BLIND,10840174,,complete,,660fc69586d839a7af97f1ae,computer,Desktop or Laptop,Mac OS 10.15.7,Chrome 123.0.0.0,1440x900,1440x754,,,0,1i-3 A Training,4,,,1i-3,,,Pass,,1i-3 A Training,1i-3 A Training,8,Training02,TrainingC,1ouhhw,3,continue,,8194.800000023795,8189.599999999977,8194.800000023795,8194.800000023795,8189.599999999977,8194.800000023795,1,8194.800000023795,0,0,,Click To Continue,Continue Button,6,object-272,1i-3,_,05,1i-3_05,2,Training02,18_LIVEGODRIC,ASK,.png,18_LIVEGODRIC_ASK.png,FICH,WUNG,18_LIVEGODRIC_FICH_WUNG.png,,FICH WUNG,07_AZKABAN_ASK.png,07_AZKABAN_DOTS.png,FICH WUNG,RUSP WIM,FICH WUNG,RUSP WIM,07_AZKABAN_RUSP_WIM.png,,RUSP WIM,,,,
33,1712311327524,05/04/2024 10:02:07,1712314927524,1,05/04/2024 12:02:07,139619,19,task-eihb,,36765957,BLIND,10840174,,complete,,660fc69586d839a7af97f1ae,computer,Desktop or Laptop,Mac OS 10.15.7,Chrome 123.0.0.0,1440x900,1440x754,,,0,1i-3 A Training,4,,,1i-3,,,Pass,,1i-3 A Training,1i-3 A Training,9,Training02,TrainingA,34efq7,1,response,ZETH WAN,5186.199999999953,18646.29999999993,18658.299999988056,5186.199999999953,18646.29999999993,18658.299999988056,1,5186.199999999953,13472.099999988102,0,,Single Text Entry,TextResponseA,4,object-97,1i-3,_,10,1i-3_10,3,Training02,19_BURYVOLDY,ASK,.png,19_BURYVOLDY_ASK.png,ZETH,WAN,19_BURYVOLDY_ZETH_WAN.png,,ZETH WAN,21_TEACHHOG_ASK.png,21_TEACHHOG_DOTS.png,ZETH WAN,RUSP WIM,ZETH WAN,RUSP WIM,21_TEACHHOG_RUSP_WIM.png,,RUSP WIM,,,,
34,1712311335058,05/04/2024 10:02:15,1712314935058,1,05/04/2024 12:02:15,139619,19,task-eihb,,36765957,BLIND,10840174,,complete,,660fc69586d839a7af97f1ae,computer,Desktop or Laptop,Mac OS 10.15.7,Chrome 123.0.0.0,1440x900,1440x754,,,0,1i-3 A Training,4,,,1i-3,,,Pass,,1i-3 A Training,1i-3 A Training,9,Training02,TrainingB,2yfdu9,2,response,,7546.1000000119675,7541.20000000007,7546.1000000119675,7546.1000000119675,7541.20000000007,7546.1000000119675,1,7546.1000000119675,0,0,,Click Response,Option B,5,object-246,1i-3,_,10,1i-3_10,3,Training02,19_BURYVOLDY,ASK,.png,19_BURYVOLDY_ASK.png,ZETH,WAN,19_BURYVOLDY_ZETH_WAN.png,,ZETH WAN,21_TEACHHOG_ASK.png,21_TEACHHOG_DOTS.png,ZETH WAN,RUSP WIM,ZETH WAN,RUSP WIM,21_TEACHHOG_RUSP_WIM.png,,RUSP WIM,,,,
35,1712311343996,05/04/2024 10:02:23,1712314943996,1,05/04/2024 12:02:23,139619,19,task-eihb,,36765957,BLIND,10840174,,complete,,660fc69586d839a7af97f1ae,computer,Desktop or Laptop,Mac OS 10.15.7,Chrome 123.0.0.0,1440x900,1440x754,,,0,1i-3 A Training,4,,,1i-3,,,Pass,,1i-3 A Training,1i-3 A Training,9,Training02,TrainingC,1ouhhw,3,continue,,8942.799999988056,8934,8942.799999988056,8942.799999988056,8934,8942.799999988056,1,8942.799999988056,0,0,,Click To Continue,Continue Button,6,object-272,1i-3,_,10,1i-3_10,3,Training02,19_BURYVOLDY,ASK,.png,19_BURYVOLDY_ASK.png,ZETH,WAN,19_BURYVOLDY_ZETH_WAN.png,,ZETH WAN,21_TEACHHOG_ASK.png,21_TEACHHOG_DOTS.png,ZETH WAN,RUSP WIM,ZETH WAN,RUSP WIM,21_TEACHHOG_RUSP_WIM.png,,RUSP WIM,,,,
36,1712311356228,05/04/2024 10:02:36,1712314956228,1,05/04/2024 12:02:36,139619,19,task-eihb,,36765957,BLIND,10840174,,complete,,660fc69586d839a7af97f1ae,computer,Desktop or Laptop,Mac OS 10.15.7,Chrome 123.0.0.0,1440x900,1440x754,,,0,1i-3 A Training,4,,,1i-3,,,Pass,,1i-3 A Training,1i-3 A Training,10,Training02,TrainingA,34efq7,1,response,WOUX WAN,8486.699999999953,12228,12240.400000011898,8486.699999999953,12228,12240.400000011898,1,8486.699999999953,3753.700000011944,0,,Single Text Entry,TextResponseA,4,object-97,1i-3,_,12,1i-3_12,3,Training02,14_MUNGOS,ASK,.png,14_MUNGOS_ASK.png,WOUX,WAN,14_MUNGOS_WOUX_WAN.png,,WOUX WAN,33_ROR_ASK.png,33_ROR_DOTS.png,FICH WUNG,WOUX WAN,WOUX WAN,FICH WUNG,33_ROR_FICH_WUNG.png,FICH WUNG,,,,,
37,1712311371568,05/04/2024 10:02:51,1712314971568,1,05/04/2024 12:02:51,139619,19,task-eihb,,36765957,BLIND,10840174,,complete,,660fc69586d839a7af97f1ae,computer,Desktop or Laptop,Mac OS 10.15.7,Chrome 123.0.0.0,1440x900,1440x754,,,0,1i-3 A Training,4,,,1i-3,,,Pass,,1i-3 A Training,1i-3 A Training,10,Training02,TrainingB,2yfdu9,2,response,,15351.700000023819,15346.400000000023,15351.700000023819,15351.700000023819,15346.400000000023,15351.700000023819,1,15351.700000023819,0,0,,Click Response,Option A,4,object-245,1i-3,_,12,1i-3_12,3,Training02,14_MUNGOS,ASK,.png,14_MUNGOS_ASK.png,WOUX,WAN,14_MUNGOS_WOUX_WAN.png,,WOUX WAN,33_ROR_ASK.png,33_ROR_DOTS.png,FICH WUNG,WOUX WAN,WOUX WAN,FICH WUNG,33_ROR_FICH_WUNG.png,FICH WUNG,,,,,
38,1712311383721,05/04/2024 10:03:03,1712314983721,1,05/04/2024 12:03:03,139619,19,task-eihb,,36765957,BLIND,10840174,,complete,,660fc69586d839a7af97f1ae,computer,Desktop or Laptop,Mac OS 10.15.7,Chrome 123.0.0.0,1440x900,1440x754,,,0,1i-3 A Training,4,,,1i-3,,,Pass,,1i-3 A Training,1i-3 A Training,10,Training02,TrainingC,1ouhhw,3,continue,,12158.599999976112,12154.79999999993,12158.599999976112,12158.599999976112,12154.79999999993,12158.599999976112,1,12158.599999976112,0,0,,Click To Continue,Continue Button,6,object-272,1i-3,_,12,1i-3_12,3,Training02,14_MUNGOS,ASK,.png,14_MUNGOS_ASK.png,WOUX,WAN,14_MUNGOS_WOUX_WAN.png,,WOUX WAN,33_ROR_ASK.png,33_ROR_DOTS.png,FICH WUNG,WOUX WAN,WOUX WAN,FICH WUNG,33_ROR_FICH_WUNG.png,FICH WUNG,,,,,
39,1712311394681,05/04/2024 10:03:14,1712314994681,1,05/04/2024 12:03:14,139619,19,task-eihb,,36765957,BLIND,10840174,,complete,,660fc69586d839a7af97f1ae,computer,Desktop or Laptop,Mac OS 10.15.7,Chrome 123.0.0.0,1440x900,1440x754,,,0,1i-3 A Training,4,,,1i-3,,,Pass,,1i-3 A Training,1i-3 A Training,11,Training02,TrainingA,34efq7,1,response,RUSP WIM,5638.099999999977,10957.900000000023,10963.000000023865,5638.099999999977,10957.900000000023,10963.000000023865,1,5638.099999999977,5324.900000023888,0,,Single Text Entry,TextResponseA,4,object-97,1i-3,_,11,1i-3_11,3,Training02,27_BESTSELLER,ASK,.png,27_BESTSELLER_ASK.png,RUSP,WIM,27_BESTSELLER_RUSP_WIM.png,,RUSP WIM,25_PROSECUTE_ASK.png,25_PROSECUTE_DOTS.png,ZETH WAN,RUSP WIM,RUSP WIM,ZETH WAN,25_PROSECUTE_ZETH_WAN.png,ZETH WAN,,,,,
40,1712311419156,05/04/2024 10:03:39,1712315019156,1,05/04/2024 12:03:39,139619,19,task-eihb,,36765957,BLIND,10840174,,complete,,660fc69586d839a7af97f1ae,computer,Desktop or Laptop,Mac OS 10.15.7,Chrome 123.0.0.0,1440x900,1440x754,,,0,1i-3 A Training,4,,,1i-3,,,Pass,,1i-3 A Training,1i-3 A Training,11,Training02,TrainingB,2yfdu9,2,response,,24479.5,24464.199999999953,24479.5,24479.5,24464.199999999953,24479.5,1,24479.5,0,0,,Click Response,Option B,5,object-246,1i-3,_,11,1i-3_11,3,Training02,27_BESTSELLER,ASK,.png,27_BESTSELLER_ASK.png,RUSP,WIM,27_BESTSELLER_RUSP_WIM.png,,RUSP WIM,25_PROSECUTE_ASK.png,25_PROSECUTE_DOTS.png,ZETH WAN,RUSP WIM,RUSP WIM,ZETH WAN,25_PROSECUTE_ZETH_WAN.png,ZETH WAN,,,,,
41,1712311422565,05/04/2024 10:03:42,1712315022565,1,05/04/2024 12:03:42,139619,19,task-eihb,,36765957,BLIND,10840174,,complete,,660fc69586d839a7af97f1ae,computer,Desktop or Laptop,Mac OS 10.15.7,Chrome 123.0.0.0,1440x900,1440x754,,,0,1i-3 A Training,4,,,1i-3,,,Pass,,1i-3 A Training,1i-3 A Training,11,Training02,TrainingC,1ouhhw,3,continue,,3424.1000000119675,3419.20000000007,3424.1000000119675,3424.1000000119675,3419.20000000007,3424.1000000119675,1,3424.1000000119675,0,0,,Click To Continue,Continue Button,6,object-272,1i-3,_,11,1i-3_11,3,Training02,27_BESTSELLER,ASK,.png,27_BESTSELLER_ASK.png,RUSP,WIM,27_BESTSELLER_RUSP_WIM.png,,RUSP WIM,25_PROSECUTE_ASK.png,25_PROSECUTE_DOTS.png,ZETH WAN,RUSP WIM,RUSP WIM,ZETH WAN,25_PROSECUTE_ZETH_WAN.png,ZETH WAN,,,,,
42,1712311450336,05/04/2024 10:04:10,1712315050336,1,05/04/2024 12:04:10,139619,19,task-eihb,,36765957,BLIND,10840174,,complete,,660fc69586d839a7af97f1ae,computer,Desktop or Laptop,Mac OS 10.15.7,Chrome 123.0.0.0,1440x900,1440x754,,,0,1i-3 A Training,4,,,1i-3,,,Pass,,1i-3 A Training,1i-3 A Training,12,Training02,TrainingA,34efq7,1,response,FICH WUNG,9466.29999999993,27765.900000000023,27774.900000011898,9466.29999999993,27765.900000000023,27774.900000011898,1,9466.29999999993,18308.600000011967,0,,Single Text Entry,TextResponseA,4,object-97,1i-3,_,09,1i-3_09,3,Training02,32_QWC,ASK,.png,32_QWC_ASK.png,FICH,WUNG,32_QWC_FICH_WUNG.png,,FICH WUNG,13_QUIBBLER_ASK.png,13_QUIBBLER_DOTS.png,FICH WUNG,WOUX WAN,FICH WUNG,WOUX WAN,13_QUIBBLER_WOUX_WAN.png,,WOUX WAN,,,,
43,1712311475111,05/04/2024 10:04:35,1712315075111,1,05/04/2024 12:04:35,139619,19,task-eihb,,36765957,BLIND,10840174,,complete,,660fc69586d839a7af97f1ae,computer,Desktop or Laptop,Mac OS 10.15.7,Chrome 123.0.0.0,1440x900,1440x754,,,0,1i-3 A Training,4,,,1i-3,,,Pass,,1i-3 A Training,1i-3 A Training,12,Training02,TrainingB,2yfdu9,2,response,,24781.899999999907,24765.399999999907,24781.899999999907,24781.899999999907,24765.399999999907,24781.899999999907,1,24781.899999999907,0,0,,Click Response,Option A,4,object-245,1i-3,_,09,1i-3_09,3,Training02,32_QWC,ASK,.png,32_QWC_ASK.png,FICH,WUNG,32_QWC_FICH_WUNG.png,,FICH WUNG,13_QUIBBLER_ASK.png,13_QUIBBLER_DOTS.png,FICH WUNG,WOUX WAN,FICH WUNG,WOUX WAN,13_QUIBBLER_WOUX_WAN.png,,WOUX WAN,,,,
44,1712311479648,05/04/2024 10:04:39,1712315079648,1,05/04/2024 12:04:39,139619,19,task-eihb,,36765957,BLIND,10840174,,complete,,660fc69586d839a7af97f1ae,computer,Desktop or Laptop,Mac OS 10.15.7,Chrome 123.0.0.0,1440x900,1440x754,,,0,1i-3 A Training,4,,,1i-3,,,Pass,,1i-3 A Training,1i-3 A Training,12,Training02,TrainingC,1ouhhw,3,continue,,4555.1000000119675,4549.800000000047,4555.1000000119675,4555.1000000119675,4549.800000000047,4555.1000000119675,1,4555.1000000119675,0,0,,Click To Continue,Continue Button,6,object-272,1i-3,_,09,1i-3_09,3,Training02,32_QWC,ASK,.png,32_QWC_ASK.png,FICH,WUNG,32_QWC_FICH_WUNG.png,,FICH WUNG,13_QUIBBLER_ASK.png,13_QUIBBLER_DOTS.png,FICH WUNG,WOUX WAN,FICH WUNG,WOUX WAN,13_QUIBBLER_WOUX_WAN.png,,WOUX WAN,,,,
45,1712311500254,05/04/2024 10:05:00,1712315100254,1,05/04/2024 12:05:00,139619,19,task-eihb,,36765957,BLIND,10840174,,complete,,660fc69586d839a7af97f1ae,computer,Desktop or Laptop,Mac OS 10.15.7,Chrome 123.0.0.0,1440x900,1440x754,,,0,1i-3 A Training,4,,,1i-3,,,Pass,,1i-3 A Training,1i-3 A Training,13,Training02,TrainingA,34efq7,1,response,ZETH WAN,8683.099999999977,20608.400000000023,20611,8683.099999999977,20608.400000000023,20611,1,8683.099999999977,11927.900000000023,0,,Single Text Entry,TextResponseA,4,object-97,1i-3,_,14,1i-3_14,4,Training02,33_ROR,ASK,.png,33_ROR_ASK.png,ZETH,WAN,33_ROR_ZETH_WAN.png,,ZETH WAN,19_BURYVOLDY_ASK.png,19_BURYVOLDY_DOTS.png,ZETH WAN,WOUX WAN,ZETH WAN,WOUX WAN,19_BURYVOLDY_WOUX_WAN.png,,WOUX WAN,,,,
46,1712311502818,05/04/2024 10:05:02,1712315102818,1,05/04/2024 12:05:02,139619,19,task-eihb,,36765957,BLIND,10840174,,complete,,660fc69586d839a7af97f1ae,computer,Desktop or Laptop,Mac OS 10.15.7,Chrome 123.0.0.0,1440x900,1440x754,,,0,1i-3 A Training,4,,,1i-3,,,Pass,,1i-3 A Training,1i-3 A Training,13,Training02,TrainingB,2yfdu9,2,response,,2566.499999976135,2554.5,2566.499999976135,2566.499999976135,2554.5,2566.499999976135,1,2566.499999976135,0,0,,Click Response,Option A,4,object-245,1i-3,_,14,1i-3_14,4,Training02,33_ROR,ASK,.png,33_ROR_ASK.png,ZETH,WAN,33_ROR_ZETH_WAN.png,,ZETH WAN,19_BURYVOLDY_ASK.png,19_BURYVOLDY_DOTS.png,ZETH WAN,WOUX WAN,ZETH WAN,WOUX WAN,19_BURYVOLDY_WOUX_WAN.png,,WOUX WAN,,,,
47,1712311515365,05/04/2024 10:05:15,1712315115365,1,05/04/2024 12:05:15,139619,19,task-eihb,,36765957,BLIND,10840174,,complete,,660fc69586d839a7af97f1ae,computer,Desktop or Laptop,Mac OS 10.15.7,Chrome 123.0.0.0,1440x900,1440x754,,,0,1i-3 A Training,4,,,1i-3,,,Pass,,1i-3 A Training,1i-3 A Training,13,Training02,TrainingC,1ouhhw,3,continue,,12558.799999988056,12554.599999999977,12558.799999988056,12558.799999988056,12554.599999999977,12558.799999988056,1,12558.799999988056,0,0,,Click To Continue,Continue Button,6,object-272,1i-3,_,14,1i-3_14,4,Training02,33_ROR,ASK,.png,33_ROR_ASK.png,ZETH,WAN,33_ROR_ZETH_WAN.png,,ZETH WAN,19_BURYVOLDY_ASK.png,19_BURYVOLDY_DOTS.png,ZETH WAN,WOUX WAN,ZETH WAN,WOUX WAN,19_BURYVOLDY_WOUX_WAN.png,,WOUX WAN,,,,
48,1712311538354,05/04/2024 10:05:38,1712315138354,1,05/04/2024 12:05:38,139619,19,task-eihb,,36765957,BLIND,10840174,,complete,,660fc69586d839a7af97f1ae,computer,Desktop or Laptop,Mac OS 10.15.7,Chrome 123.0.0.0,1440x900,1440x754,,,0,1i-3 A Training,4,,,1i-3,,,Pass,,1i-3 A Training,1i-3 A Training,14,Training02,TrainingA,34efq7,1,response,RUSP WIM,3809,22979.300000000047,22992.69999998808,3809,22979.300000000047,22992.69999998808,1,3809,19183.69999998808,0,,Single Text Entry,TextResponseA,4,object-97,1i-3,_,15,1i-3_15,4,Training02,06_MOM,ASK,.png,06_MOM_ASK.png,RUSP,WIM,06_MOM_RUSP_WIM.png,,RUSP WIM,26_ERISED_ASK.png,26_ERISED_DOTS.png,RUSP WIM,FICH WUNG,RUSP WIM,FICH WUNG,26_ERISED_FICH_WUNG.png,,FICH WUNG,,,,
49,1712311548235,05/04/2024 10:05:48,1712315148235,1,05/04/2024 12:05:48,139619,19,task-eihb,,36765957,BLIND,10840174,,complete,,660fc69586d839a7af97f1ae,computer,Desktop or Laptop,Mac OS 10.15.7,Chrome 123.0.0.0,1440x900,1440x754,,,0,1i-3 A Training,4,,,1i-3,,,Pass,,1i-3 A Training,1i-3 A Training,14,Training02,TrainingB,2yfdu9,2,response,,9893.199999999953,9891.5,9893.199999999953,9893.199999999953,9891.5,9893.199999999953,1,9893.199999999953,0,0,,Click Response,Option B,5,object-246,1i-3,_,15,1i-3_15,4,Training02,06_MOM,ASK,.png,06_MOM_ASK.png,RUSP,WIM,06_MOM_RUSP_WIM.png,,RUSP WIM,26_ERISED_ASK.png,26_ERISED_DOTS.png,RUSP WIM,FICH WUNG,RUSP WIM,FICH WUNG,26_ERISED_FICH_WUNG.png,,FICH WUNG,,,,
50,1712311549599,05/04/2024 10:05:49,1712315149599,1,05/04/2024 12:05:49,139619,19,task-eihb,,36765957,BLIND,10840174,,complete,,660fc69586d839a7af97f1ae,computer,Desktop or Laptop,Mac OS 10.15.7,Chrome 123.0.0.0,1440x900,1440x754,,,0,1i-3 A Training,4,,,1i-3,,,Pass,,1i-3 A Training,1i-3 A Training,14,Training02,TrainingC,1ouhhw,3,continue,,1366.5999999761116,1354.2999999999302,1366.5999999761116,1366.5999999761116,1354.2999999999302,1366.5999999761116,1,1366.5999999761116,0,0,,Click To Continue,Continue Button,6,object-272,1i-3,_,15,1i-3_15,4,Training02,06_MOM,ASK,.png,06_MOM_ASK.png,RUSP,WIM,06_MOM_RUSP_WIM.png,,RUSP WIM,26_ERISED_ASK.png,26_ERISED_DOTS.png,RUSP WIM,FICH WUNG,RUSP WIM,FICH WUNG,26_ERISED_FICH_WUNG.png,,FICH WUNG,,,,
51,1712311567137,05/04/2024 10:06:07,1712315167137,1,05/04/2024 12:06:07,139619,19,task-eihb,,36765957,BLIND,10840174,,complete,,660fc69586d839a7af97f1ae,computer,Desktop or Laptop,Mac OS 10.15.7,Chrome 123.0.0.0,1440x900,1440x754,,,0,1i-3 A Training,4,,,1i-3,,,Pass,,1i-3 A Training,1i-3 A Training,15,Training02,TrainingA,34efq7,1,response,FICH WUNG,5434.70000000007,17536.5,17549.599999988102,5434.70000000007,17536.5,17549.599999988102,1,5434.70000000007,12114.899999988033,0,,Single Text Entry,TextResponseA,4,object-97,1i-3,_,13,1i-3_13,4,Training02,11_RONWAND,ASK,.png,11_RONWAND_ASK.png,FICH,WUNG,11_RONWAND_FICH_WUNG.png,,FICH WUNG,06_MOM_ASK.png,06_MOM_DOTS.png,ZETH WAN,FICH WUNG,FICH WUNG,ZETH WAN,06_MOM_ZETH_WAN.png,ZETH WAN,,,,,
52,1712311578784,05/04/2024 10:06:18,1712315178784,1,05/04/2024 12:06:18,139619,19,task-eihb,,36765957,BLIND,10840174,,complete,,660fc69586d839a7af97f1ae,computer,Desktop or Laptop,Mac OS 10.15.7,Chrome 123.0.0.0,1440x900,1440x754,,,0,1i-3 A Training,4,,,1i-3,,,Pass,,1i-3 A Training,1i-3 A Training,15,Training02,TrainingB,2yfdu9,2,response,,11659.200000011944,11654.70000000007,11659.200000011944,11659.200000011944,11654.70000000007,11659.200000011944,1,11659.200000011944,0,0,,Click Response,Option A,4,object-245,1i-3,_,13,1i-3_13,4,Training02,11_RONWAND,ASK,.png,11_RONWAND_ASK.png,FICH,WUNG,11_RONWAND_FICH_WUNG.png,,FICH WUNG,06_MOM_ASK.png,06_MOM_DOTS.png,ZETH WAN,FICH WUNG,FICH WUNG,ZETH WAN,06_MOM_ZETH_WAN.png,ZETH WAN,,,,,
53,1712311579579,05/04/2024 10:06:19,1712315179579,1,05/04/2024 12:06:19,139619,19,task-eihb,,36765957,BLIND,10840174,,complete,,660fc69586d839a7af97f1ae,computer,Desktop or Laptop,Mac OS 10.15.7,Chrome 123.0.0.0,1440x900,1440x754,,,0,1i-3 A Training,4,,,1i-3,,,Pass,,1i-3 A Training,1i-3 A Training,15,Training02,TrainingC,1ouhhw,3,continue,,797.8999999999069,781.7999999999302,797.8999999999069,797.8999999999069,781.7999999999302,797.8999999999069,1,797.8999999999069,0,0,,Click To Continue,Continue Button,6,object-272,1i-3,_,13,1i-3_13,4,Training02,11_RONWAND,ASK,.png,11_RONWAND_ASK.png,FICH,WUNG,11_RONWAND_FICH_WUNG.png,,FICH WUNG,06_MOM_ASK.png,06_MOM_DOTS.png,ZETH WAN,FICH WUNG,FICH WUNG,ZETH WAN,06_MOM_ZETH_WAN.png,ZETH WAN,,,,,
54,1712311588861,05/04/2024 10:06:28,1712315188861,1,05/04/2024 12:06:28,139619,19,task-eihb,,36765957,BLIND,10840174,,complete,,660fc69586d839a7af97f1ae,computer,Desktop or Laptop,Mac OS 10.15.7,Chrome 123.0.0.0,1440x900,1440x754,,,0,1i-3 A Training,4,,,1i-3,,,Pass,,1i-3 A Training,1i-3 A Training,16,Training02,TrainingA,34efq7,1,response,WOUX WAN,3667.4000000000233,9295.70000000007,9299.299999976181,3667.4000000000233,9295.70000000007,9299.299999976181,1,3667.4000000000233,5631.899999976158,0,,Single Text Entry,TextResponseA,4,object-97,1i-3,_,16,1i-3_16,4,Training02,42_ENGLAND,ASK,.png,42_ENGLAND_ASK.png,WOUX,WAN,42_ENGLAND_WOUX_WAN.png,,WOUX WAN,41_PIXIE_ASK.png,41_PIXIE_DOTS.png,RUSP WIM,WOUX WAN,WOUX WAN,RUSP WIM,41_PIXIE_RUSP_WIM.png,RUSP WIM,,,,,
55,1712311603126,05/04/2024 10:06:43,1712315203126,1,05/04/2024 12:06:43,139619,19,task-eihb,,36765957,BLIND,10840174,,complete,,660fc69586d839a7af97f1ae,computer,Desktop or Laptop,Mac OS 10.15.7,Chrome 123.0.0.0,1440x900,1440x754,,,0,1i-3 A Training,4,,,1i-3,,,Pass,,1i-3 A Training,1i-3 A Training,16,Training02,TrainingB,2yfdu9,2,response,,14268.699999999953,14251.5,14268.699999999953,14268.699999999953,14251.5,14268.699999999953,1,14268.699999999953,0,0,,Click Response,Option A,4,object-245,1i-3,_,16,1i-3_16,4,Training02,42_ENGLAND,ASK,.png,42_ENGLAND_ASK.png,WOUX,WAN,42_ENGLAND_WOUX_WAN.png,,WOUX WAN,41_PIXIE_ASK.png,41_PIXIE_DOTS.png,RUSP WIM,WOUX WAN,WOUX WAN,RUSP WIM,41_PIXIE_RUSP_WIM.png,RUSP WIM,,,,,
56,1712311604385,05/04/2024 10:06:44,1712315204385,1,05/04/2024 12:06:44,139619,19,task-eihb,,36765957,BLIND,10840174,,complete,,660fc69586d839a7af97f1ae,computer,Desktop or Laptop,Mac OS 10.15.7,Chrome 123.0.0.0,1440x900,1440x754,,,0,1i-3 A Training,4,,,1i-3,,,Pass,,1i-3 A Training,1i-3 A Training,16,Training02,TrainingC,1ouhhw,3,continue,,1276.3000000237953,1261.1999999999534,1276.3000000237953,1276.3000000237953,1261.1999999999534,1276.3000000237953,1,1276.3000000237953,0,0,,Click To Continue,Continue Button,6,object-272,1i-3,_,16,1i-3_16,4,Training02,42_ENGLAND,ASK,.png,42_ENGLAND_ASK.png,WOUX,WAN,42_ENGLAND_WOUX_WAN.png,,WOUX WAN,41_PIXIE_ASK.png,41_PIXIE_DOTS.png,RUSP WIM,WOUX WAN,WOUX WAN,RUSP WIM,41_PIXIE_RUSP_WIM.png,RUSP WIM,,,,,
57,1712311612959,05/04/2024 10:06:52,1712315212959,1,05/04/2024 12:06:52,139619,19,task-eihb,,36765957,BLIND,10840174,,complete,,660fc69586d839a7af97f1ae,computer,Desktop or Laptop,Mac OS 10.15.7,Chrome 123.0.0.0,1440x900,1440x754,,,0,1i-3 A Training,4,,,1i-3,,,Pass,,1i-3 A Training,1i-3 A Training,17,Training02,TrainingA,34efq7,1,response,RUSP WIM,2069.0999999999767,8577.699999999953,8588.100000023842,2069.0999999999767,8577.699999999953,8588.100000023842,1,2069.0999999999767,6519.000000023865,0,,Single Text Entry,TextResponseA,4,object-97,1i-3,_,19,1i-3_19,5,Training02,41_PIXIE,ASK,.png,41_PIXIE_ASK.png,RUSP,WIM,41_PIXIE_RUSP_WIM.png,,RUSP WIM,35_PROPHET_ASK.png,35_PROPHET_DOTS.png,WOUX WAN,RUSP WIM,RUSP WIM,WOUX WAN,35_PROPHET_WOUX_WAN.png,WOUX WAN,,,,,
58,1712311618944,05/04/2024 10:06:58,1712315218944,1,05/04/2024 12:06:58,139619,19,task-eihb,,36765957,BLIND,10840174,,complete,,660fc69586d839a7af97f1ae,computer,Desktop or Laptop,Mac OS 10.15.7,Chrome 123.0.0.0,1440x900,1440x754,,,0,1i-3 A Training,4,,,1i-3,,,Pass,,1i-3 A Training,1i-3 A Training,17,Training02,TrainingB,2yfdu9,2,response,,5995.300000000047,5984,5995.300000000047,5995.300000000047,5984,5995.300000000047,1,5995.300000000047,0,0,,Click Response,Option A,4,object-245,1i-3,_,19,1i-3_19,5,Training02,41_PIXIE,ASK,.png,41_PIXIE_ASK.png,RUSP,WIM,41_PIXIE_RUSP_WIM.png,,RUSP WIM,35_PROPHET_ASK.png,35_PROPHET_DOTS.png,WOUX WAN,RUSP WIM,RUSP WIM,WOUX WAN,35_PROPHET_WOUX_WAN.png,WOUX WAN,,,,,
59,1712311619876,05/04/2024 10:06:59,1712315219876,1,05/04/2024 12:06:59,139619,19,task-eihb,,36765957,BLIND,10840174,,complete,,660fc69586d839a7af97f1ae,computer,Desktop or Laptop,Mac OS 10.15.7,Chrome 123.0.0.0,1440x900,1440x754,,,0,1i-3 A Training,4,,,1i-3,,,Pass,,1i-3 A Training,1i-3 A Training,17,Training02,TrainingC,1ouhhw,3,continue,,943.6999999762047,938,943.6999999762047,943.6999999762047,938,943.6999999762047,1,943.6999999762047,0,0,,Click To Continue,Continue Button,6,object-272,1i-3,_,19,1i-3_19,5,Training02,41_PIXIE,ASK,.png,41_PIXIE_ASK.png,RUSP,WIM,41_PIXIE_RUSP_WIM.png,,RUSP WIM,35_PROPHET_ASK.png,35_PROPHET_DOTS.png,WOUX WAN,RUSP WIM,RUSP WIM,WOUX WAN,35_PROPHET_WOUX_WAN.png,WOUX WAN,,,,,
60,1712311627641,05/04/2024 10:07:07,1712315227641,1,05/04/2024 12:07:07,139619,19,task-eihb,,36765957,BLIND,10840174,,complete,,660fc69586d839a7af97f1ae,computer,Desktop or Laptop,Mac OS 10.15.7,Chrome 123.0.0.0,1440x900,1440x754,,,0,1i-3 A Training,4,,,1i-3,,,Pass,,1i-3 A Training,1i-3 A Training,18,Training02,TrainingA,34efq7,1,response,ZETH WAN,4219.800000000047,7756.800000000047,7770.699999976205,4219.800000000047,7756.800000000047,7770.699999976205,1,4219.800000000047,3550.899999976158,0,,Single Text Entry,TextResponseA,4,object-97,1i-3,_,18,1i-3_18,5,Training02,05_AUROR,ASK,.png,05_AUROR_ASK.png,ZETH,WAN,05_AUROR_ZETH_WAN.png,,ZETH WAN,11_RONWAND_ASK.png,11_RONWAND_DOTS.png,ZETH WAN,FICH WUNG,ZETH WAN,FICH WUNG,11_RONWAND_FICH_WUNG.png,,FICH WUNG,,,,
61,1712311645889,05/04/2024 10:07:25,1712315245889,1,05/04/2024 12:07:25,139619,19,task-eihb,,36765957,BLIND,10840174,,complete,,660fc69586d839a7af97f1ae,computer,Desktop or Laptop,Mac OS 10.15.7,Chrome 123.0.0.0,1440x900,1440x754,,,0,1i-3 A Training,4,,,1i-3,,,Pass,,1i-3 A Training,1i-3 A Training,18,Training02,TrainingB,2yfdu9,2,response,,18261,18248.099999999977,18261,18261,18248.099999999977,18261,1,18261,0,0,,Click Response,Option A,4,object-245,1i-3,_,18,1i-3_18,5,Training02,05_AUROR,ASK,.png,05_AUROR_ASK.png,ZETH,WAN,05_AUROR_ZETH_WAN.png,,ZETH WAN,11_RONWAND_ASK.png,11_RONWAND_DOTS.png,ZETH WAN,FICH WUNG,ZETH WAN,FICH WUNG,11_RONWAND_FICH_WUNG.png,,FICH WUNG,,,,
62,1712311646814,05/04/2024 10:07:26,1712315246814,1,05/04/2024 12:07:26,139619,19,task-eihb,,36765957,BLIND,10840174,,complete,,660fc69586d839a7af97f1ae,computer,Desktop or Laptop,Mac OS 10.15.7,Chrome 123.0.0.0,1440x900,1440x754,,,0,1i-3 A Training,4,,,1i-3,,,Pass,,1i-3 A Training,1i-3 A Training,18,Training02,TrainingC,1ouhhw,3,continue,,938.0999999881024,925.5999999999767,938.0999999881024,938.0999999881024,925.5999999999767,938.0999999881024,1,938.0999999881024,0,0,,Click To Continue,Continue Button,6,object-272,1i-3,_,18,1i-3_18,5,Training02,05_AUROR,ASK,.png,05_AUROR_ASK.png,ZETH,WAN,05_AUROR_ZETH_WAN.png,,ZETH WAN,11_RONWAND_ASK.png,11_RONWAND_DOTS.png,ZETH WAN,FICH WUNG,ZETH WAN,FICH WUNG,11_RONWAND_FICH_WUNG.png,,FICH WUNG,,,,
63,1712311661793,05/04/2024 10:07:41,1712315261793,1,05/04/2024 12:07:41,139619,19,task-eihb,,36765957,BLIND,10840174,,complete,,660fc69586d839a7af97f1ae,computer,Desktop or Laptop,Mac OS 10.15.7,Chrome 123.0.0.0,1440x900,1440x754,,,0,1i-3 A Training,4,,,1i-3,,,Pass,,1i-3 A Training,1i-3 A Training,19,Training02,TrainingA,34efq7,1,response,FICH WUNG,5710.900000000023,14973,14989.79999999993,5710.900000000023,14973,14989.79999999993,1,5710.900000000023,9278.899999999907,0,,Single Text Entry,TextResponseA,4,object-97,1i-3,_,17,1i-3_17,5,Training02,25_PROSECUTE,ASK,.png,25_PROSECUTE_ASK.png,FICH,WUNG,25_PROSECUTE_FICH_WUNG.png,,FICH WUNG,04_WHEEZES_ASK.png,04_WHEEZES_DOTS.png,RUSP WIM,FICH WUNG,FICH WUNG,RUSP WIM,04_WHEEZES_RUSP_WIM.png,RUSP WIM,,,,,
64,1712311669370,05/04/2024 10:07:49,1712315269370,1,05/04/2024 12:07:49,139619,19,task-eihb,,36765957,BLIND,10840174,,complete,,660fc69586d839a7af97f1ae,computer,Desktop or Laptop,Mac OS 10.15.7,Chrome 123.0.0.0,1440x900,1440x754,,,0,1i-3 A Training,4,,,1i-3,,,Pass,,1i-3 A Training,1i-3 A Training,19,Training02,TrainingB,2yfdu9,2,response,,7594.499999988126,7589.400000000023,7594.499999988126,7594.499999988126,7589.400000000023,7594.499999988126,1,7594.499999988126,0,0,,Click Response,Option B,5,object-246,1i-3,_,17,1i-3_17,5,Training02,25_PROSECUTE,ASK,.png,25_PROSECUTE_ASK.png,FICH,WUNG,25_PROSECUTE_FICH_WUNG.png,,FICH WUNG,04_WHEEZES_ASK.png,04_WHEEZES_DOTS.png,RUSP WIM,FICH WUNG,FICH WUNG,RUSP WIM,04_WHEEZES_RUSP_WIM.png,RUSP WIM,,,,,
65,1712311673776,05/04/2024 10:07:53,1712315273776,1,05/04/2024 12:07:53,139619,19,task-eihb,,36765957,BLIND,10840174,,complete,,660fc69586d839a7af97f1ae,computer,Desktop or Laptop,Mac OS 10.15.7,Chrome 123.0.0.0,1440x900,1440x754,,,0,1i-3 A Training,4,,,1i-3,,,Pass,,1i-3 A Training,1i-3 A Training,19,Training02,TrainingC,1ouhhw,3,continue,,4411.299999976181,4395,4411.299999976181,4411.299999976181,4395,4411.299999976181,1,4411.299999976181,0,0,,Click To Continue,Continue Button,6,object-272,1i-3,_,17,1i-3_17,5,Training02,25_PROSECUTE,ASK,.png,25_PROSECUTE_ASK.png,FICH,WUNG,25_PROSECUTE_FICH_WUNG.png,,FICH WUNG,04_WHEEZES_ASK.png,04_WHEEZES_DOTS.png,RUSP WIM,FICH WUNG,FICH WUNG,RUSP WIM,04_WHEEZES_RUSP_WIM.png,RUSP WIM,,,,,
66,1712311694935,05/04/2024 10:08:14,1712315294935,1,05/04/2024 12:08:14,139619,19,task-eihb,,36765957,BLIND,10840174,,complete,,660fc69586d839a7af97f1ae,computer,Desktop or Laptop,Mac OS 10.15.7,Chrome 123.0.0.0,1440x900,1440x754,,,0,1i-3 A Training,4,,,1i-3,,,Pass,,1i-3 A Training,1i-3 A Training,20,Training02,TrainingA,34efq7,1,response,WOUX WAN,19051.400000000023,21169.400000000023,21174.79999997618,19051.400000000023,21169.400000000023,21174.79999997618,1,19051.400000000023,2123.399999976158,0,,Single Text Entry,TextResponseA,4,object-97,1i-3,_,20,1i-3_20,5,Training02,21_TEACHHOG,ASK,.png,21_TEACHHOG_ASK.png,WOUX,WAN,21_TEACHHOG_WOUX_WAN.png,,WOUX WAN,42_ENGLAND_ASK.png,42_ENGLAND_DOTS.png,WOUX WAN,ZETH WAN,WOUX WAN,ZETH WAN,42_ENGLAND_ZETH_WAN.png,,ZETH WAN,,,,
67,1712311697653,05/04/2024 10:08:17,1712315297653,1,05/04/2024 12:08:17,139619,19,task-eihb,,36765957,BLIND,10840174,,complete,,660fc69586d839a7af97f1ae,computer,Desktop or Laptop,Mac OS 10.15.7,Chrome 123.0.0.0,1440x900,1440x754,,,0,1i-3 A Training,4,,,1i-3,,,Pass,,1i-3 A Training,1i-3 A Training,20,Training02,TrainingB,2yfdu9,2,response,,2722.800000011921,2707.9000000000233,2722.800000011921,2722.800000011921,2707.9000000000233,2722.800000011921,1,2722.800000011921,0,0,,Click Response,Option A,4,object-245,1i-3,_,20,1i-3_20,5,Training02,21_TEACHHOG,ASK,.png,21_TEACHHOG_ASK.png,WOUX,WAN,21_TEACHHOG_WOUX_WAN.png,,WOUX WAN,42_ENGLAND_ASK.png,42_ENGLAND_DOTS.png,WOUX WAN,ZETH WAN,WOUX WAN,ZETH WAN,42_ENGLAND_ZETH_WAN.png,,ZETH WAN,,,,
68,1712311702898,05/04/2024 10:08:22,1712315302898,1,05/04/2024 12:08:22,139619,19,task-eihb,,36765957,BLIND,10840174,,complete,,660fc69586d839a7af97f1ae,computer,Desktop or Laptop,Mac OS 10.15.7,Chrome 123.0.0.0,1440x900,1440x754,,,0,1i-3 A Training,4,,,1i-3,,,Pass,,1i-3 A Training,1i-3 A Training,20,Training02,TrainingC,1ouhhw,3,continue,,5260.400000011898,5250,5260.400000011898,5260.400000011898,5250,5260.400000011898,1,5260.400000011898,0,0,,Click To Continue,Continue Button,6,object-272,1i-3,_,20,1i-3_20,5,Training02,21_TEACHHOG,ASK,.png,21_TEACHHOG_ASK.png,WOUX,WAN,21_TEACHHOG_WOUX_WAN.png,,WOUX WAN,42_ENGLAND_ASK.png,42_ENGLAND_DOTS.png,WOUX WAN,ZETH WAN,WOUX WAN,ZETH WAN,42_ENGLAND_ZETH_WAN.png,,ZETH WAN,,,,
69,1712311712024,05/04/2024 10:08:32,1712315312024,1,05/04/2024 12:08:32,139619,19,task-eihb,,36765957,BLIND,10840174,,complete,,660fc69586d839a7af97f1ae,computer,Desktop or Laptop,Mac OS 10.15.7,Chrome 123.0.0.0,1440x900,1440x754,,,0,1i-3 A Training,4,,,1i-3,,,Pass,,1i-3 A Training,1i-3 A Training,21,Training02,TrainingA,34efq7,1,response,FICH WUNG,4499,9129.400000000023,9136.099999999977,4499,9129.400000000023,9136.099999999977,1,4499,4637.099999999977,0,,Single Text Entry,TextResponseA,4,object-97,1i-3,_,21,1i-3_21,6,Training02,39_STOPHAGRID,ASK,.png,39_STOPHAGRID_ASK.png,FICH,WUNG,39_STOPHAGRID_FICH_WUNG.png,,FICH WUNG,14_MUNGOS_ASK.png,14_MUNGOS_DOTS.png,WOUX WAN,FICH WUNG,FICH WUNG,WOUX WAN,14_MUNGOS_WOUX_WAN.png,WOUX WAN,,,,,
70,1712311715523,05/04/2024 10:08:35,1712315315523,1,05/04/2024 12:08:35,139619,19,task-eihb,,36765957,BLIND,10840174,,complete,,660fc69586d839a7af97f1ae,computer,Desktop or Laptop,Mac OS 10.15.7,Chrome 123.0.0.0,1440x900,1440x754,,,0,1i-3 A Training,4,,,1i-3,,,Pass,,1i-3 A Training,1i-3 A Training,21,Training02,TrainingB,2yfdu9,2,response,,3505.3999999880325,3502.899999999907,3505.3999999880325,3505.3999999880325,3502.899999999907,3505.3999999880325,1,3505.3999999880325,0,0,,Click Response,Option A,4,object-245,1i-3,_,21,1i-3_21,6,Training02,39_STOPHAGRID,ASK,.png,39_STOPHAGRID_ASK.png,FICH,WUNG,39_STOPHAGRID_FICH_WUNG.png,,FICH WUNG,14_MUNGOS_ASK.png,14_MUNGOS_DOTS.png,WOUX WAN,FICH WUNG,FICH WUNG,WOUX WAN,14_MUNGOS_WOUX_WAN.png,WOUX WAN,,,,,
71,1712311716691,05/04/2024 10:08:36,1712315316691,1,05/04/2024 12:08:36,139619,19,task-eihb,,36765957,BLIND,10840174,,complete,,660fc69586d839a7af97f1ae,computer,Desktop or Laptop,Mac OS 10.15.7,Chrome 123.0.0.0,1440x900,1440x754,,,0,1i-3 A Training,4,,,1i-3,,,Pass,,1i-3 A Training,1i-3 A Training,21,Training02,TrainingC,1ouhhw,3,continue,,1170.4999999881256,1159.8000000000466,1170.4999999881256,1170.4999999881256,1159.8000000000466,1170.4999999881256,1,1170.4999999881256,0,0,,Click To Continue,Continue Button,6,object-272,1i-3,_,21,1i-3_21,6,Training02,39_STOPHAGRID,ASK,.png,39_STOPHAGRID_ASK.png,FICH,WUNG,39_STOPHAGRID_FICH_WUNG.png,,FICH WUNG,14_MUNGOS_ASK.png,14_MUNGOS_DOTS.png,WOUX WAN,FICH WUNG,FICH WUNG,WOUX WAN,14_MUNGOS_WOUX_WAN.png,WOUX WAN,,,,,
72,1712311727635,05/04/2024 10:08:47,1712315327635,1,05/04/2024 12:08:47,139619,19,task-eihb,,36765957,BLIND,10840174,,complete,,660fc69586d839a7af97f1ae,computer,Desktop or Laptop,Mac OS 10.15.7,Chrome 123.0.0.0,1440x900,1440x754,,,0,1i-3 A Training,4,,,1i-3,,,Pass,,1i-3 A Training,1i-3 A Training,22,Training02,TrainingA,34efq7,1,response,ZETH WAN,1963.8000000000466,10941.400000000023,10954.300000011921,1963.8000000000466,10941.400000000023,10954.300000011921,1,1963.8000000000466,8990.500000011874,0,,Single Text Entry,TextResponseA,4,object-97,1i-3,_,22,1i-3_22,6,Training02,26_ERISED,ASK,.png,26_ERISED_ASK.png,ZETH,WAN,26_ERISED_ZETH_WAN.png,,ZETH WAN,18_LIVEGODRIC_ASK.png,18_LIVEGODRIC_DOTS.png,RUSP WIM,ZETH WAN,ZETH WAN,RUSP WIM,18_LIVEGODRIC_RUSP_WIM.png,RUSP WIM,,,,,
73,1712311732458,05/04/2024 10:08:52,1712315332458,1,05/04/2024 12:08:52,139619,19,task-eihb,,36765957,BLIND,10840174,,complete,,660fc69586d839a7af97f1ae,computer,Desktop or Laptop,Mac OS 10.15.7,Chrome 123.0.0.0,1440x900,1440x754,,,0,1i-3 A Training,4,,,1i-3,,,Pass,,1i-3 A Training,1i-3 A Training,22,Training02,TrainingB,2yfdu9,2,response,,4835.599999999977,4822.099999999977,4835.599999999977,4835.599999999977,4822.099999999977,4835.599999999977,1,4835.599999999977,0,0,,Click Response,Option B,5,object-246,1i-3,_,22,1i-3_22,6,Training02,26_ERISED,ASK,.png,26_ERISED_ASK.png,ZETH,WAN,26_ERISED_ZETH_WAN.png,,ZETH WAN,18_LIVEGODRIC_ASK.png,18_LIVEGODRIC_DOTS.png,RUSP WIM,ZETH WAN,ZETH WAN,RUSP WIM,18_LIVEGODRIC_RUSP_WIM.png,RUSP WIM,,,,,
74,1712311733213,05/04/2024 10:08:53,1712315333213,1,05/04/2024 12:08:53,139619,19,task-eihb,,36765957,BLIND,10840174,,complete,,660fc69586d839a7af97f1ae,computer,Desktop or Laptop,Mac OS 10.15.7,Chrome 123.0.0.0,1440x900,1440x754,,,0,1i-3 A Training,4,,,1i-3,,,Pass,,1i-3 A Training,1i-3 A Training,22,Training02,TrainingC,1ouhhw,3,continue,,768.6999999880791,754,768.6999999880791,768.6999999880791,754,768.6999999880791,1,768.6999999880791,0,0,,Click To Continue,Continue Button,6,object-272,1i-3,_,22,1i-3_22,6,Training02,26_ERISED,ASK,.png,26_ERISED_ASK.png,ZETH,WAN,26_ERISED_ZETH_WAN.png,,ZETH WAN,18_LIVEGODRIC_ASK.png,18_LIVEGODRIC_DOTS.png,RUSP WIM,ZETH WAN,ZETH WAN,RUSP WIM,18_LIVEGODRIC_RUSP_WIM.png,RUSP WIM,,,,,
75,1712311736355,05/04/2024 10:08:56,1712315336355,1,05/04/2024 12:08:56,139619,19,task-eihb,,36765957,BLIND,10840174,,complete,,660fc69586d839a7af97f1ae,computer,Desktop or Laptop,Mac OS 10.15.7,Chrome 123.0.0.0,1440x900,1440x754,,,0,1i-3 A Training,4,,,1i-3,,,Pass,,1i-3 A Training,1i-3 A Training,23,Training02,TrainingA,34efq7,1,response,WOUX WAN,1340.6999999999534,3153.0999999999767,3157,1340.6999999999534,3153.0999999999767,3157,1,1340.6999999999534,1816.3000000000466,0,,Single Text Entry,TextResponseA,4,object-97,1i-3,_,24,1i-3_24,6,Training02,07_AZKABAN,ASK,.png,07_AZKABAN_ASK.png,WOUX,WAN,07_AZKABAN_WOUX_WAN.png,,WOUX WAN,32_QWC_ASK.png,32_QWC_DOTS.png,WOUX WAN,FICH WUNG,WOUX WAN,FICH WUNG,32_QWC_FICH_WUNG.png,,FICH WUNG,,,,
76,1712311743625,05/04/2024 10:09:03,1712315343625,1,05/04/2024 12:09:03,139619,19,task-eihb,,36765957,BLIND,10840174,,complete,,660fc69586d839a7af97f1ae,computer,Desktop or Laptop,Mac OS 10.15.7,Chrome 123.0.0.0,1440x900,1440x754,,,0,1i-3 A Training,4,,,1i-3,,,Pass,,1i-3 A Training,1i-3 A Training,23,Training02,TrainingB,2yfdu9,2,response,,7273.599999988102,7270.20000000007,7273.599999988102,7273.599999988102,7270.20000000007,7273.599999988102,1,7273.599999988102,0,0,,Click Response,Option B,5,object-246,1i-3,_,24,1i-3_24,6,Training02,07_AZKABAN,ASK,.png,07_AZKABAN_ASK.png,WOUX,WAN,07_AZKABAN_WOUX_WAN.png,,WOUX WAN,32_QWC_ASK.png,32_QWC_DOTS.png,WOUX WAN,FICH WUNG,WOUX WAN,FICH WUNG,32_QWC_FICH_WUNG.png,,FICH WUNG,,,,
77,1712311744306,05/04/2024 10:09:04,1712315344306,1,05/04/2024 12:09:04,139619,19,task-eihb,,36765957,BLIND,10840174,,complete,,660fc69586d839a7af97f1ae,computer,Desktop or Laptop,Mac OS 10.15.7,Chrome 123.0.0.0,1440x900,1440x754,,,0,1i-3 A Training,4,,,1i-3,,,Pass,,1i-3 A Training,1i-3 A Training,23,Training02,TrainingC,1ouhhw,3,continue,,684.5999999761116,678.0999999999767,684.5999999761116,684.5999999761116,678.0999999999767,684.5999999761116,1,684.5999999761116,0,0,,Click To Continue,Continue Button,6,object-272,1i-3,_,24,1i-3_24,6,Training02,07_AZKABAN,ASK,.png,07_AZKABAN_ASK.png,WOUX,WAN,07_AZKABAN_WOUX_WAN.png,,WOUX WAN,32_QWC_ASK.png,32_QWC_DOTS.png,WOUX WAN,FICH WUNG,WOUX WAN,FICH WUNG,32_QWC_FICH_WUNG.png,,FICH WUNG,,,,
78,1712311764805,05/04/2024 10:09:24,1712315364805,1,05/04/2024 12:09:24,139619,19,task-eihb,,36765957,BLIND,10840174,,complete,,660fc69586d839a7af97f1ae,computer,Desktop or Laptop,Mac OS 10.15.7,Chrome 123.0.0.0,1440x900,1440x754,,,0,1i-3 A Training,4,,,1i-3,,,Pass,,1i-3 A Training,1i-3 A Training,24,Training02,TrainingA,34efq7,1,response,RUSP WIM,2240.29999999993,20489,20504.70000000007,2240.29999999993,20489,20504.70000000007,1,2240.29999999993,18264.40000000014,0,,Single Text Entry,TextResponseA,4,object-97,1i-3,_,23,1i-3_23,6,Training02,20_PULLSWORD,ASK,.png,20_PULLSWORD_ASK.png,RUSP,WIM,20_PULLSWORD_RUSP_WIM.png,,RUSP WIM,28_GALLEONS_ASK.png,28_GALLEONS_DOTS.png,RUSP WIM,ZETH WAN,RUSP WIM,ZETH WAN,28_GALLEONS_ZETH_WAN.png,,ZETH WAN,,,,
79,1712311782254,05/04/2024 10:09:42,1712315382254,1,05/04/2024 12:09:42,139619,19,task-eihb,,36765957,BLIND,10840174,,complete,,660fc69586d839a7af97f1ae,computer,Desktop or Laptop,Mac OS 10.15.7,Chrome 123.0.0.0,1440x900,1440x754,,,0,1i-3 A Training,4,,,1i-3,,,Pass,,1i-3 A Training,1i-3 A Training,24,Training02,TrainingB,2yfdu9,2,response,,17462.999999999884,17447.29999999993,17462.999999999884,17462.999999999884,17447.29999999993,17462.999999999884,1,17462.999999999884,0,0,,Click Response,Option A,4,object-245,1i-3,_,23,1i-3_23,6,Training02,20_PULLSWORD,ASK,.png,20_PULLSWORD_ASK.png,RUSP,WIM,20_PULLSWORD_RUSP_WIM.png,,RUSP WIM,28_GALLEONS_ASK.png,28_GALLEONS_DOTS.png,RUSP WIM,ZETH WAN,RUSP WIM,ZETH WAN,28_GALLEONS_ZETH_WAN.png,,ZETH WAN,,,,
80,1712311782959,05/04/2024 10:09:42,1712315382959,1,05/04/2024 12:09:42,139619,19,task-eihb,,36765957,BLIND,10840174,,complete,,660fc69586d839a7af97f1ae,computer,Desktop or Laptop,Mac OS 10.15.7,Chrome 123.0.0.0,1440x900,1440x754,,,0,1i-3 A Training,4,,,1i-3,,,Pass,,1i-3 A Training,1i-3 A Training,24,Training02,TrainingC,1ouhhw,3,continue,,721.3000000000466,705.2000000000698,721.3000000000466,721.3000000000466,705.2000000000698,721.3000000000466,1,721.3000000000466,0,0,,Click To Continue,Continue Button,6,object-272,1i-3,_,23,1i-3_23,6,Training02,20_PULLSWORD,ASK,.png,20_PULLSWORD_ASK.png,RUSP,WIM,20_PULLSWORD_RUSP_WIM.png,,RUSP WIM,28_GALLEONS_ASK.png,28_GALLEONS_DOTS.png,RUSP WIM,ZETH WAN,RUSP WIM,ZETH WAN,28_GALLEONS_ZETH_WAN.png,,ZETH WAN,,,,
81,1712311782967,05/04/2024 10:09:42,1712315382967,1,05/04/2024 12:09:42,139619,19,task-eihb,,36765957,BLIND,10840174,,complete,,660fc69586d839a7af97f1ae,computer,Desktop or Laptop,Mac OS 10.15.7,Chrome 123.0.0.0,1440x900,1440x754,,,0,1i-3 A Training,4,,,1i-3,,,Pass,,1i-3 A Training,1i-3 A Training,,,,,,5,END,,,,,,,0,,,,,,,,,,,,,,,,,,,,,,,,,,,,,,,,,,,,
1,1712311024421,05/04/2024 09:57:04,1712314624421,1,05/04/2024 11:57:04,139619,19,task-eihb,,36766120,BLIND,10840296,,complete,,660fc9fab0774fce974a386d,computer,Desktop or Laptop,Windows 10,Chrome 123.0.0.0,1504x1003,1504x834,,,0,1i-3 A Training,4,,,1i-3,,,Pass,,1i-3 A Training,1i-3 A Training,,,,,,5,BEGIN,,,,,,,0,,,,,,,,,,,,,,,,,,,,,,,,,,,,,,,,,,,,
2,1712311028257,05/04/2024 09:57:08,1712314628257,1,05/04/2024 11:57:08,139619,19,task-eihb,,36766120,BLIND,10840296,,complete,,660fc9fab0774fce974a386d,computer,Desktop or Laptop,Windows 10,Chrome 123.0.0.0,1504x1003,1504x834,,,0,1i-3 A Training,4,,,1i-3,,,Pass,,1i-3 A Training,1i-3 A Training,1,Instructions,Attention Check 5,4xnmv6,1,continue,,3016.8999999999987,3000.0999999999995,3016.8999999999987,3016.8999999999987,3000.0999999999995,3016.8999999999987,1,3016.8999999999987,0,0,,Click To Continue,Continue Button,4,object-285,,,,,,Instructions,,,,,,,,,,,,,,,,,,,,,,
3,1712311028259,05/04/2024 09:57:08,1712314628259,1,05/04/2024 11:57:08,139619,19,task-eihb,,36766120,BLIND,10840296,,complete,,660fc9fab0774fce974a386d,computer,Desktop or Laptop,Windows 10,Chrome 123.0.0.0,1504x1003,1504x834,,,0,1i-3 A Training,4,,,1i-3,,,Pass,,1i-3 A Training,1i-3 A Training,1,Instructions,Attention Check 5,4xnmv6,1,response,Accio!,2466.8,3000.0999999999995,3016.8999999999987,2466.8,3000.0999999999995,3016.8999999999987,1,2466.8,550.0999999999985,0,,Dropdown,Dropdown5,3,object-284,,,,,,Instructions,,,,,,,,,,,,,,,,,,,,,,
4,1712311033893,05/04/2024 09:57:13,1712314633893,1,05/04/2024 11:57:13,139619,19,task-eihb,,36766120,BLIND,10840296,,complete,,660fc9fab0774fce974a386d,computer,Desktop or Laptop,Windows 10,Chrome 123.0.0.0,1504x1003,1504x834,,,0,1i-3 A Training,4,,,1i-3,,,Pass,,1i-3 A Training,1i-3 A Training,1,Instructions,Attention Check 6,wf497f,2,continue,,5655.6,5649.9,5655.6,5655.6,5649.9,5655.6,1,5655.6,0,0,,Click To Continue,Continue Button,4,object-292,,,,,,Instructions,,,,,,,,,,,,,,,,,,,,,,
5,1712311033895,05/04/2024 09:57:13,1712314633895,1,05/04/2024 11:57:13,139619,19,task-eihb,,36766120,BLIND,10840296,,complete,,660fc9fab0774fce974a386d,computer,Desktop or Laptop,Windows 10,Chrome 123.0.0.0,1504x1003,1504x834,,,0,1i-3 A Training,4,,,1i-3,,,Pass,,1i-3 A Training,1i-3 A Training,1,Instructions,Attention Check 6,wf497f,2,response,The Invisibility Cloak,5116.800000000001,5649.9,5657.1,5116.800000000001,5649.9,5657.1,1,5116.800000000001,540.2999999999993,0,,Dropdown,Dropdown6,3,object-291,,,,,,Instructions,,,,,,,,,,,,,,,,,,,,,,
6,1712311039364,05/04/2024 09:57:19,1712314639364,1,05/04/2024 11:57:19,139619,19,task-eihb,,36766120,BLIND,10840296,,complete,,660fc9fab0774fce974a386d,computer,Desktop or Laptop,Windows 10,Chrome 123.0.0.0,1504x1003,1504x834,,,0,1i-3 A Training,4,,,1i-3,,,Pass,,1i-3 A Training,1i-3 A Training,1,Instructions,Screen 22,3y4guk,3,continue,,5476.600000005961,5466.800000000001,5476.600000005961,5476.600000005961,5466.800000000001,5476.600000005961,1,5476.600000005961,0,0,,Click To Continue,Continue Button,3,object-297,,,,,,Instructions,,,,,,,,,,,,,,,,,,,,,,
7,1712311056467,05/04/2024 09:57:36,1712314656467,1,05/04/2024 11:57:36,139619,19,task-eihb,,36766120,BLIND,10840296,,complete,,660fc9fab0774fce974a386d,computer,Desktop or Laptop,Windows 10,Chrome 123.0.0.0,1504x1003,1504x834,,,0,1i-3 A Training,4,,,1i-3,,,Pass,,1i-3 A Training,1i-3 A Training,1,Instructions,Instructions 02,q3gk2e,4,continue,,17113.000000023843,17099.700000000004,17113.000000023843,17113.000000023843,17099.700000000004,17113.000000023843,1,17113.000000023843,0,0,,Click To Continue,Continue Button,2,object-75,,,,,,Instructions,,,,,,,,,,,,,,,,,,,,,,
8,1712311057507,05/04/2024 09:57:37,1712314657507,1,05/04/2024 11:57:37,139619,19,task-eihb,,36766120,BLIND,10840296,,complete,,660fc9fab0774fce974a386d,computer,Desktop or Laptop,Windows 10,Chrome 123.0.0.0,1504x1003,1504x834,,,0,1i-3 A Training,4,,,1i-3,,,Pass,,1i-3 A Training,1i-3 A Training,1,Instructions,Instructions 03,gxa3vr,5,continue,,1052.800000023839,1049.8999999999942,1052.800000023839,1052.800000023839,1049.8999999999942,1052.800000023839,1,1052.800000023839,0,0,,Click To Continue,Continue Button,1,object-165,,,,,,Instructions,,,,,,,,,,,,,,,,,,,,,,
9,1712311066920,05/04/2024 09:57:46,1712314666920,1,05/04/2024 11:57:46,139619,19,task-eihb,,36766120,BLIND,10840296,,complete,,660fc9fab0774fce974a386d,computer,Desktop or Laptop,Windows 10,Chrome 123.0.0.0,1504x1003,1504x834,,,0,1i-3 A Training,4,,,1i-3,,,Pass,,1i-3 A Training,1i-3 A Training,1,Training02,TrainingA,34efq7,1,response,WOUX WAN,4683.300000000003,9400.100000000006,9416.100000011924,4683.300000000003,9400.100000000006,9416.100000011924,1,4683.300000000003,4732.800000011921,0,,Single Text Entry,TextResponseA,4,object-97,1i-3,_,04,1i-3_04,1,Training02,35_PROPHET,ASK,.png,35_PROPHET_ASK.png,WOUX,WAN,35_PROPHET_WOUX_WAN.png,,WOUX WAN,40_BURYSNAPE_ASK.png,40_BURYSNAPE_DOTS.png,WOUX WAN,RUSP WIM,WOUX WAN,RUSP WIM,40_BURYSNAPE_RUSP_WIM.png,,RUSP WIM,,,,
10,1712311070523,05/04/2024 09:57:50,1712314670523,1,05/04/2024 11:57:50,139619,19,task-eihb,,36766120,BLIND,10840296,,complete,,660fc9fab0774fce974a386d,computer,Desktop or Laptop,Windows 10,Chrome 123.0.0.0,1504x1003,1504x834,,,0,1i-3 A Training,4,,,1i-3,,,Pass,,1i-3 A Training,1i-3 A Training,1,Training02,TrainingB,2yfdu9,2,response,,3619.300000023839,3616.5,3619.300000023839,3619.300000023839,3616.5,3619.300000023839,1,3619.300000023839,0,0,,Click Response,Option B,5,object-246,1i-3,_,04,1i-3_04,1,Training02,35_PROPHET,ASK,.png,35_PROPHET_ASK.png,WOUX,WAN,35_PROPHET_WOUX_WAN.png,,WOUX WAN,40_BURYSNAPE_ASK.png,40_BURYSNAPE_DOTS.png,WOUX WAN,RUSP WIM,WOUX WAN,RUSP WIM,40_BURYSNAPE_RUSP_WIM.png,,RUSP WIM,,,,
11,1712311071581,05/04/2024 09:57:51,1712314671581,1,05/04/2024 11:57:51,139619,19,task-eihb,,36766120,BLIND,10840296,,complete,,660fc9fab0774fce974a386d,computer,Desktop or Laptop,Windows 10,Chrome 123.0.0.0,1504x1003,1504x834,,,0,1i-3 A Training,4,,,1i-3,,,Pass,,1i-3 A Training,1i-3 A Training,1,Training02,TrainingC,1ouhhw,3,continue,,1060.4000000178785,1049.8999999999942,1060.4000000178785,1060.4000000178785,1049.8999999999942,1060.4000000178785,1,1060.4000000178785,0,0,,Click To Continue,Continue Button,6,object-272,1i-3,_,04,1i-3_04,1,Training02,35_PROPHET,ASK,.png,35_PROPHET_ASK.png,WOUX,WAN,35_PROPHET_WOUX_WAN.png,,WOUX WAN,40_BURYSNAPE_ASK.png,40_BURYSNAPE_DOTS.png,WOUX WAN,RUSP WIM,WOUX WAN,RUSP WIM,40_BURYSNAPE_RUSP_WIM.png,,RUSP WIM,,,,
12,1712311078850,05/04/2024 09:57:58,1712314678850,1,05/04/2024 11:57:58,139619,19,task-eihb,,36766120,BLIND,10840296,,complete,,660fc9fab0774fce974a386d,computer,Desktop or Laptop,Windows 10,Chrome 123.0.0.0,1504x1003,1504x834,,,0,1i-3 A Training,4,,,1i-3,,,Pass,,1i-3 A Training,1i-3 A Training,2,Training02,TrainingA,34efq7,1,response,ZETH WAN,2200.100000000006,7266.700000000004,7279.500000017884,2200.100000000006,7266.700000000004,7279.500000017884,1,2200.100000000006,5079.4000000178785,0,,Single Text Entry,TextResponseA,4,object-97,1i-3,_,02,1i-3_02,1,Training02,40_BURYSNAPE,ASK,.png,40_BURYSNAPE_ASK.png,ZETH,WAN,40_BURYSNAPE_ZETH_WAN.png,,ZETH WAN,20_PULLSWORD_ASK.png,20_PULLSWORD_DOTS.png,WOUX WAN,ZETH WAN,ZETH WAN,WOUX WAN,20_PULLSWORD_WOUX_WAN.png,WOUX WAN,,,,,
13,1712311090382,05/04/2024 09:58:10,1712314690382,1,05/04/2024 11:58:10,139619,19,task-eihb,,36766120,BLIND,10840296,,complete,,660fc9fab0774fce974a386d,computer,Desktop or Laptop,Windows 10,Chrome 123.0.0.0,1504x1003,1504x834,,,0,1i-3 A Training,4,,,1i-3,,,Pass,,1i-3 A Training,1i-3 A Training,2,Training02,TrainingB,2yfdu9,2,response,,11545.90000001192,11533.299999999996,11545.90000001192,11545.90000001192,11533.299999999996,11545.90000001192,1,11545.90000001192,0,0,,Click Response,Option B,5,object-246,1i-3,_,02,1i-3_02,1,Training02,40_BURYSNAPE,ASK,.png,40_BURYSNAPE_ASK.png,ZETH,WAN,40_BURYSNAPE_ZETH_WAN.png,,ZETH WAN,20_PULLSWORD_ASK.png,20_PULLSWORD_DOTS.png,WOUX WAN,ZETH WAN,ZETH WAN,WOUX WAN,20_PULLSWORD_WOUX_WAN.png,WOUX WAN,,,,,
14,1712311091983,05/04/2024 09:58:11,1712314691983,1,05/04/2024 11:58:11,139619,19,task-eihb,,36766120,BLIND,10840296,,complete,,660fc9fab0774fce974a386d,computer,Desktop or Laptop,Windows 10,Chrome 123.0.0.0,1504x1003,1504x834,,,0,1i-3 A Training,4,,,1i-3,,,Pass,,1i-3 A Training,1i-3 A Training,2,Training02,TrainingC,1ouhhw,3,continue,,1613.7000000059634,1599.9000000000087,1613.7000000059634,1613.7000000059634,1599.9000000000087,1613.7000000059634,1,1613.7000000059634,0,0,,Click To Continue,Continue Button,6,object-272,1i-3,_,02,1i-3_02,1,Training02,40_BURYSNAPE,ASK,.png,40_BURYSNAPE_ASK.png,ZETH,WAN,40_BURYSNAPE_ZETH_WAN.png,,ZETH WAN,20_PULLSWORD_ASK.png,20_PULLSWORD_DOTS.png,WOUX WAN,ZETH WAN,ZETH WAN,WOUX WAN,20_PULLSWORD_WOUX_WAN.png,WOUX WAN,,,,,
15,1712311099527,05/04/2024 09:58:19,1712314699527,1,05/04/2024 11:58:19,139619,19,task-eihb,,36766120,BLIND,10840296,,complete,,660fc9fab0774fce974a386d,computer,Desktop or Laptop,Windows 10,Chrome 123.0.0.0,1504x1003,1504x834,,,0,1i-3 A Training,4,,,1i-3,,,Pass,,1i-3 A Training,1i-3 A Training,3,Training02,TrainingA,34efq7,1,response,RUSP WIM,2200.0999999999913,7549.899999999994,7557.300000005955,2200.0999999999913,7549.899999999994,7557.300000005955,1,2200.0999999999913,5357.200000005963,0,,Single Text Entry,TextResponseA,4,object-97,1i-3,_,03,1i-3_03,1,Training02,13_QUIBBLER,ASK,.png,13_QUIBBLER_ASK.png,RUSP,WIM,13_QUIBBLER_RUSP_WIM.png,,RUSP WIM,27_BESTSELLER_ASK.png,27_BESTSELLER_DOTS.png,FICH WUNG,RUSP WIM,RUSP WIM,FICH WUNG,27_BESTSELLER_FICH_WUNG.png,FICH WUNG,,,,,
16,1712311102954,05/04/2024 09:58:22,1712314702954,1,05/04/2024 11:58:22,139619,19,task-eihb,,36766120,BLIND,10840296,,complete,,660fc9fab0774fce974a386d,computer,Desktop or Laptop,Windows 10,Chrome 123.0.0.0,1504x1003,1504x834,,,0,1i-3 A Training,4,,,1i-3,,,Pass,,1i-3 A Training,1i-3 A Training,3,Training02,TrainingB,2yfdu9,2,response,,3434,3417,3434,3434,3417,3434,1,3434,0,0,,Click Response,Option A,4,object-245,1i-3,_,03,1i-3_03,1,Training02,13_QUIBBLER,ASK,.png,13_QUIBBLER_ASK.png,RUSP,WIM,13_QUIBBLER_RUSP_WIM.png,,RUSP WIM,27_BESTSELLER_ASK.png,27_BESTSELLER_DOTS.png,FICH WUNG,RUSP WIM,RUSP WIM,FICH WUNG,27_BESTSELLER_FICH_WUNG.png,FICH WUNG,,,,,
17,1712311104799,05/04/2024 09:58:24,1712314704799,1,05/04/2024 11:58:24,139619,19,task-eihb,,36766120,BLIND,10840296,,complete,,660fc9fab0774fce974a386d,computer,Desktop or Laptop,Windows 10,Chrome 123.0.0.0,1504x1003,1504x834,,,0,1i-3 A Training,4,,,1i-3,,,Pass,,1i-3 A Training,1i-3 A Training,3,Training02,TrainingC,1ouhhw,3,continue,,1863,1849.8999999999942,1863,1863,1849.8999999999942,1863,1,1863,0,0,,Click To Continue,Continue Button,6,object-272,1i-3,_,03,1i-3_03,1,Training02,13_QUIBBLER,ASK,.png,13_QUIBBLER_ASK.png,RUSP,WIM,13_QUIBBLER_RUSP_WIM.png,,RUSP WIM,27_BESTSELLER_ASK.png,27_BESTSELLER_DOTS.png,FICH WUNG,RUSP WIM,RUSP WIM,FICH WUNG,27_BESTSELLER_FICH_WUNG.png,FICH WUNG,,,,,
18,1712311111032,05/04/2024 09:58:31,1712314711032,1,05/04/2024 11:58:31,139619,19,task-eihb,,36766120,BLIND,10840296,,complete,,660fc9fab0774fce974a386d,computer,Desktop or Laptop,Windows 10,Chrome 123.0.0.0,1504x1003,1504x834,,,0,1i-3 A Training,4,,,1i-3,,,Pass,,1i-3 A Training,1i-3 A Training,4,Training02,TrainingA,34efq7,1,response,FICH WUNG,2966.600000000006,6233.200000000012,6246.300000017887,2966.600000000006,6233.200000000012,6246.300000017887,1,2966.600000000006,3279.7000000178814,0,,Single Text Entry,TextResponseA,4,object-97,1i-3,_,01,1i-3_01,1,Training02,04_WHEEZES,ASK,.png,04_WHEEZES_ASK.png,FICH,WUNG,04_WHEEZES_FICH_WUNG.png,,FICH WUNG,05_AUROR_ASK.png,05_AUROR_DOTS.png,FICH WUNG,ZETH WAN,FICH WUNG,ZETH WAN,05_AUROR_ZETH_WAN.png,,ZETH WAN,,,,
19,1712311115173,05/04/2024 09:58:35,1712314715173,1,05/04/2024 11:58:35,139619,19,task-eihb,,36766120,BLIND,10840296,,complete,,660fc9fab0774fce974a386d,computer,Desktop or Laptop,Windows 10,Chrome 123.0.0.0,1504x1003,1504x834,,,0,1i-3 A Training,4,,,1i-3,,,Pass,,1i-3 A Training,1i-3 A Training,4,Training02,TrainingB,2yfdu9,2,response,,4153.399999999994,4149.899999999994,4153.399999999994,4153.399999999994,4149.899999999994,4153.399999999994,1,4153.399999999994,0,0,,Click Response,Option B,5,object-246,1i-3,_,01,1i-3_01,1,Training02,04_WHEEZES,ASK,.png,04_WHEEZES_ASK.png,FICH,WUNG,04_WHEEZES_FICH_WUNG.png,,FICH WUNG,05_AUROR_ASK.png,05_AUROR_DOTS.png,FICH WUNG,ZETH WAN,FICH WUNG,ZETH WAN,05_AUROR_ZETH_WAN.png,,ZETH WAN,,,,
20,1712311117877,05/04/2024 09:58:37,1712314717877,1,05/04/2024 11:58:37,139619,19,task-eihb,,36766120,BLIND,10840296,,complete,,660fc9fab0774fce974a386d,computer,Desktop or Laptop,Windows 10,Chrome 123.0.0.0,1504x1003,1504x834,,,0,1i-3 A Training,4,,,1i-3,,,Pass,,1i-3 A Training,1i-3 A Training,4,Training02,TrainingC,1ouhhw,3,continue,,2707.800000011921,2700,2707.800000011921,2707.800000011921,2700,2707.800000011921,1,2707.800000011921,0,0,,Click To Continue,Continue Button,6,object-272,1i-3,_,01,1i-3_01,1,Training02,04_WHEEZES,ASK,.png,04_WHEEZES_ASK.png,FICH,WUNG,04_WHEEZES_FICH_WUNG.png,,FICH WUNG,05_AUROR_ASK.png,05_AUROR_DOTS.png,FICH WUNG,ZETH WAN,FICH WUNG,ZETH WAN,05_AUROR_ZETH_WAN.png,,ZETH WAN,,,,
21,1712311129560,05/04/2024 09:58:49,1712314729560,1,05/04/2024 11:58:49,139619,19,task-eihb,,36766120,BLIND,10840296,,complete,,660fc9fab0774fce974a386d,computer,Desktop or Laptop,Windows 10,Chrome 123.0.0.0,1504x1003,1504x834,,,0,1i-3 A Training,4,,,1i-3,,,Pass,,1i-3 A Training,1i-3 A Training,5,Training02,TrainingA,34efq7,1,response,ZETH WAN,9183.100000000006,11683.300000000003,11690.40000000596,9183.100000000006,11683.300000000003,11690.40000000596,1,9183.100000000006,2507.3000000059546,0,,Single Text Entry,TextResponseA,4,object-97,1i-3,_,06,1i-3_06,2,Training02,12_SKEETER,ASK,.png,12_SKEETER_ASK.png,ZETH,WAN,12_SKEETER_ZETH_WAN.png,,ZETH WAN,12_SKEETER_ASK.png,12_SKEETER_DOTS.png,FICH WUNG,ZETH WAN,ZETH WAN,FICH WUNG,12_SKEETER_FICH_WUNG.png,FICH WUNG,,,,,
22,1712311132314,05/04/2024 09:58:52,1712314732314,1,05/04/2024 11:58:52,139619,19,task-eihb,,36766120,BLIND,10840296,,complete,,660fc9fab0774fce974a386d,computer,Desktop or Laptop,Windows 10,Chrome 123.0.0.0,1504x1003,1504x834,,,0,1i-3 A Training,4,,,1i-3,,,Pass,,1i-3 A Training,1i-3 A Training,5,Training02,TrainingB,2yfdu9,2,response,,2761.699999999997,2749.800000000003,2761.699999999997,2761.699999999997,2749.800000000003,2761.699999999997,1,2761.699999999997,0,0,,Click Response,Option B,5,object-246,1i-3,_,06,1i-3_06,2,Training02,12_SKEETER,ASK,.png,12_SKEETER_ASK.png,ZETH,WAN,12_SKEETER_ZETH_WAN.png,,ZETH WAN,12_SKEETER_ASK.png,12_SKEETER_DOTS.png,FICH WUNG,ZETH WAN,ZETH WAN,FICH WUNG,12_SKEETER_FICH_WUNG.png,FICH WUNG,,,,,
23,1712311135168,05/04/2024 09:58:55,1712314735168,1,05/04/2024 11:58:55,139619,19,task-eihb,,36766120,BLIND,10840296,,complete,,660fc9fab0774fce974a386d,computer,Desktop or Laptop,Windows 10,Chrome 123.0.0.0,1504x1003,1504x834,,,0,1i-3 A Training,4,,,1i-3,,,Pass,,1i-3 A Training,1i-3 A Training,5,Training02,TrainingC,1ouhhw,3,continue,,2865.000000023836,2849.899999999994,2865.000000023836,2865.000000023836,2849.899999999994,2865.000000023836,1,2865.000000023836,0,0,,Click To Continue,Continue Button,6,object-272,1i-3,_,06,1i-3_06,2,Training02,12_SKEETER,ASK,.png,12_SKEETER_ASK.png,ZETH,WAN,12_SKEETER_ZETH_WAN.png,,ZETH WAN,12_SKEETER_ASK.png,12_SKEETER_DOTS.png,FICH WUNG,ZETH WAN,ZETH WAN,FICH WUNG,12_SKEETER_FICH_WUNG.png,FICH WUNG,,,,,
24,1712311145759,05/04/2024 09:59:05,1712314745759,1,05/04/2024 11:59:05,139619,19,task-eihb,,36766120,BLIND,10840296,,complete,,660fc9fab0774fce974a386d,computer,Desktop or Laptop,Windows 10,Chrome 123.0.0.0,1504x1003,1504x834,,,0,1i-3 A Training,4,,,1i-3,,,Pass,,1i-3 A Training,1i-3 A Training,6,Training02,TrainingA,34efq7,1,response,RUSP WIM,6750,10600,10607.40000000596,6750,10600,10607.40000000596,1,6750,3857.4000000059605,0,,Single Text Entry,TextResponseA,4,object-97,1i-3,_,07,1i-3_07,2,Training02,34_FANLETTERS,ASK,.png,34_FANLETTERS_ASK.png,RUSP,WIM,34_FANLETTERS_RUSP_WIM.png,,RUSP WIM,34_FANLETTERS_ASK.png,34_FANLETTERS_DOTS.png,RUSP WIM,WOUX WAN,RUSP WIM,WOUX WAN,34_FANLETTERS_WOUX_WAN.png,,WOUX WAN,,,,
25,1712311150277,05/04/2024 09:59:10,1712314750277,1,05/04/2024 11:59:10,139619,19,task-eihb,,36766120,BLIND,10840296,,complete,,660fc9fab0774fce974a386d,computer,Desktop or Laptop,Windows 10,Chrome 123.0.0.0,1504x1003,1504x834,,,0,1i-3 A Training,4,,,1i-3,,,Pass,,1i-3 A Training,1i-3 A Training,6,Training02,TrainingB,2yfdu9,2,response,,4525,4516.600000000006,4525,4525,4516.600000000006,4525,1,4525,0,0,,Click Response,Option A,4,object-245,1i-3,_,07,1i-3_07,2,Training02,34_FANLETTERS,ASK,.png,34_FANLETTERS_ASK.png,RUSP,WIM,34_FANLETTERS_RUSP_WIM.png,,RUSP WIM,34_FANLETTERS_ASK.png,34_FANLETTERS_DOTS.png,RUSP WIM,WOUX WAN,RUSP WIM,WOUX WAN,34_FANLETTERS_WOUX_WAN.png,,WOUX WAN,,,,
26,1712311152249,05/04/2024 09:59:12,1712314752249,1,05/04/2024 11:59:12,139619,19,task-eihb,,36766120,BLIND,10840296,,complete,,660fc9fab0774fce974a386d,computer,Desktop or Laptop,Windows 10,Chrome 123.0.0.0,1504x1003,1504x834,,,0,1i-3 A Training,4,,,1i-3,,,Pass,,1i-3 A Training,1i-3 A Training,6,Training02,TrainingC,1ouhhw,3,continue,,1979.700000011915,1967,1979.700000011915,1979.700000011915,1967,1979.700000011915,1,1979.700000011915,0,0,,Click To Continue,Continue Button,6,object-272,1i-3,_,07,1i-3_07,2,Training02,34_FANLETTERS,ASK,.png,34_FANLETTERS_ASK.png,RUSP,WIM,34_FANLETTERS_RUSP_WIM.png,,RUSP WIM,34_FANLETTERS_ASK.png,34_FANLETTERS_DOTS.png,RUSP WIM,WOUX WAN,RUSP WIM,WOUX WAN,34_FANLETTERS_WOUX_WAN.png,,WOUX WAN,,,,
27,1712311166148,05/04/2024 09:59:26,1712314766148,1,05/04/2024 11:59:26,139619,19,task-eihb,,36766120,BLIND,10840296,,complete,,660fc9fab0774fce974a386d,computer,Desktop or Laptop,Windows 10,Chrome 123.0.0.0,1504x1003,1504x834,,,0,1i-3 A Training,4,,,1i-3,,,Pass,,1i-3 A Training,1i-3 A Training,7,Training02,TrainingA,34efq7,1,response,WOUX WAN,4016.1999999999825,13900,13911.700000011915,4016.1999999999825,13900,13911.700000011915,1,4016.1999999999825,9895.500000011933,0,,Single Text Entry,TextResponseA,4,object-97,1i-3,_,08,1i-3_08,2,Training02,28_GALLEONS,ASK,.png,28_GALLEONS_ASK.png,WOUX,WAN,28_GALLEONS_WOUX_WAN.png,,WOUX WAN,39_STOPHAGRID_ASK.png,39_STOPHAGRID_DOTS.png,ZETH WAN,WOUX WAN,WOUX WAN,ZETH WAN,39_STOPHAGRID_ZETH_WAN.png,ZETH WAN,,,,,
28,1712311173837,05/04/2024 09:59:33,1712314773837,1,05/04/2024 11:59:33,139619,19,task-eihb,,36766120,BLIND,10840296,,complete,,660fc9fab0774fce974a386d,computer,Desktop or Laptop,Windows 10,Chrome 123.0.0.0,1504x1003,1504x834,,,0,1i-3 A Training,4,,,1i-3,,,Pass,,1i-3 A Training,1i-3 A Training,7,Training02,TrainingB,2yfdu9,2,response,,7701.300000005955,7699.600000000006,7701.300000005955,7701.300000005955,7699.600000000006,7701.300000005955,1,7701.300000005955,0,0,,Click Response,Option B,5,object-246,1i-3,_,08,1i-3_08,2,Training02,28_GALLEONS,ASK,.png,28_GALLEONS_ASK.png,WOUX,WAN,28_GALLEONS_WOUX_WAN.png,,WOUX WAN,39_STOPHAGRID_ASK.png,39_STOPHAGRID_DOTS.png,ZETH WAN,WOUX WAN,WOUX WAN,ZETH WAN,39_STOPHAGRID_ZETH_WAN.png,ZETH WAN,,,,,
29,1712311175009,05/04/2024 09:59:35,1712314775009,1,05/04/2024 11:59:35,139619,19,task-eihb,,36766120,BLIND,10840296,,complete,,660fc9fab0774fce974a386d,computer,Desktop or Laptop,Windows 10,Chrome 123.0.0.0,1504x1003,1504x834,,,0,1i-3 A Training,4,,,1i-3,,,Pass,,1i-3 A Training,1i-3 A Training,7,Training02,TrainingC,1ouhhw,3,continue,,1174.1000000119093,1166.5,1174.1000000119093,1174.1000000119093,1166.5,1174.1000000119093,1,1174.1000000119093,0,0,,Click To Continue,Continue Button,6,object-272,1i-3,_,08,1i-3_08,2,Training02,28_GALLEONS,ASK,.png,28_GALLEONS_ASK.png,WOUX,WAN,28_GALLEONS_WOUX_WAN.png,,WOUX WAN,39_STOPHAGRID_ASK.png,39_STOPHAGRID_DOTS.png,ZETH WAN,WOUX WAN,WOUX WAN,ZETH WAN,39_STOPHAGRID_ZETH_WAN.png,ZETH WAN,,,,,
30,1712311180711,05/04/2024 09:59:40,1712314780711,1,05/04/2024 11:59:40,139619,19,task-eihb,,36766120,BLIND,10840296,,complete,,660fc9fab0774fce974a386d,computer,Desktop or Laptop,Windows 10,Chrome 123.0.0.0,1504x1003,1504x834,,,0,1i-3 A Training,4,,,1i-3,,,Pass,,1i-3 A Training,1i-3 A Training,8,Training02,TrainingA,34efq7,1,response,FICH WUNG,2550,5700.099999999977,5709.00000001787,2550,5700.099999999977,5709.00000001787,1,2550,3159.0000000178698,0,,Single Text Entry,TextResponseA,4,object-97,1i-3,_,05,1i-3_05,2,Training02,18_LIVEGODRIC,ASK,.png,18_LIVEGODRIC_ASK.png,FICH,WUNG,18_LIVEGODRIC_FICH_WUNG.png,,FICH WUNG,07_AZKABAN_ASK.png,07_AZKABAN_DOTS.png,FICH WUNG,RUSP WIM,FICH WUNG,RUSP WIM,07_AZKABAN_RUSP_WIM.png,,RUSP WIM,,,,
31,1712311184877,05/04/2024 09:59:44,1712314784877,1,05/04/2024 11:59:44,139619,19,task-eihb,,36766120,BLIND,10840296,,complete,,660fc9fab0774fce974a386d,computer,Desktop or Laptop,Windows 10,Chrome 123.0.0.0,1504x1003,1504x834,,,0,1i-3 A Training,4,,,1i-3,,,Pass,,1i-3 A Training,1i-3 A Training,8,Training02,TrainingB,2yfdu9,2,response,,4174.400000017893,4167,4174.400000017893,4174.400000017893,4167,4174.400000017893,1,4174.400000017893,0,0,,Click Response,Option B,5,object-246,1i-3,_,05,1i-3_05,2,Training02,18_LIVEGODRIC,ASK,.png,18_LIVEGODRIC_ASK.png,FICH,WUNG,18_LIVEGODRIC_FICH_WUNG.png,,FICH WUNG,07_AZKABAN_ASK.png,07_AZKABAN_DOTS.png,FICH WUNG,RUSP WIM,FICH WUNG,RUSP WIM,07_AZKABAN_RUSP_WIM.png,,RUSP WIM,,,,
32,1712311186159,05/04/2024 09:59:46,1712314786159,1,05/04/2024 11:59:46,139619,19,task-eihb,,36766120,BLIND,10840296,,complete,,660fc9fab0774fce974a386d,computer,Desktop or Laptop,Windows 10,Chrome 123.0.0.0,1504x1003,1504x834,,,0,1i-3 A Training,4,,,1i-3,,,Pass,,1i-3 A Training,1i-3 A Training,8,Training02,TrainingC,1ouhhw,3,continue,,1289.8000000238535,1282.8000000000175,1289.8000000238535,1289.8000000238535,1282.8000000000175,1289.8000000238535,1,1289.8000000238535,0,0,,Click To Continue,Continue Button,6,object-272,1i-3,_,05,1i-3_05,2,Training02,18_LIVEGODRIC,ASK,.png,18_LIVEGODRIC_ASK.png,FICH,WUNG,18_LIVEGODRIC_FICH_WUNG.png,,FICH WUNG,07_AZKABAN_ASK.png,07_AZKABAN_DOTS.png,FICH WUNG,RUSP WIM,FICH WUNG,RUSP WIM,07_AZKABAN_RUSP_WIM.png,,RUSP WIM,,,,
33,1712311191480,05/04/2024 09:59:51,1712314791480,1,05/04/2024 11:59:51,139619,19,task-eihb,,36766120,BLIND,10840296,,complete,,660fc9fab0774fce974a386d,computer,Desktop or Laptop,Windows 10,Chrome 123.0.0.0,1504x1003,1504x834,,,0,1i-3 A Training,4,,,1i-3,,,Pass,,1i-3 A Training,1i-3 A Training,9,Training02,TrainingA,34efq7,1,response,FICH WUNG,2166.600000000006,5317,5328.500000023836,2166.600000000006,5317,5328.500000023836,1,2166.600000000006,3161.90000002383,0,,Single Text Entry,TextResponseA,4,object-97,1i-3,_,09,1i-3_09,3,Training02,32_QWC,ASK,.png,32_QWC_ASK.png,FICH,WUNG,32_QWC_FICH_WUNG.png,,FICH WUNG,13_QUIBBLER_ASK.png,13_QUIBBLER_DOTS.png,FICH WUNG,WOUX WAN,FICH WUNG,WOUX WAN,13_QUIBBLER_WOUX_WAN.png,,WOUX WAN,,,,
34,1712311196220,05/04/2024 09:59:56,1712314796220,1,05/04/2024 11:59:56,139619,19,task-eihb,,36766120,BLIND,10840296,,complete,,660fc9fab0774fce974a386d,computer,Desktop or Laptop,Windows 10,Chrome 123.0.0.0,1504x1003,1504x834,,,0,1i-3 A Training,4,,,1i-3,,,Pass,,1i-3 A Training,1i-3 A Training,9,Training02,TrainingB,2yfdu9,2,response,,4750.299999999988,4733.299999999988,4750.299999999988,4750.299999999988,4733.299999999988,4750.299999999988,1,4750.299999999988,0,0,,Click Response,Option B,5,object-246,1i-3,_,09,1i-3_09,3,Training02,32_QWC,ASK,.png,32_QWC_ASK.png,FICH,WUNG,32_QWC_FICH_WUNG.png,,FICH WUNG,13_QUIBBLER_ASK.png,13_QUIBBLER_DOTS.png,FICH WUNG,WOUX WAN,FICH WUNG,WOUX WAN,13_QUIBBLER_WOUX_WAN.png,,WOUX WAN,,,,
35,1712311197616,05/04/2024 09:59:57,1712314797616,1,05/04/2024 11:59:57,139619,19,task-eihb,,36766120,BLIND,10840296,,complete,,660fc9fab0774fce974a386d,computer,Desktop or Laptop,Windows 10,Chrome 123.0.0.0,1504x1003,1504x834,,,0,1i-3 A Training,4,,,1i-3,,,Pass,,1i-3 A Training,1i-3 A Training,9,Training02,TrainingC,1ouhhw,3,continue,,1414.3000000178872,1399.7000000000116,1414.3000000178872,1414.3000000178872,1399.7000000000116,1414.3000000178872,1,1414.3000000178872,0,0,,Click To Continue,Continue Button,6,object-272,1i-3,_,09,1i-3_09,3,Training02,32_QWC,ASK,.png,32_QWC_ASK.png,FICH,WUNG,32_QWC_FICH_WUNG.png,,FICH WUNG,13_QUIBBLER_ASK.png,13_QUIBBLER_DOTS.png,FICH WUNG,WOUX WAN,FICH WUNG,WOUX WAN,13_QUIBBLER_WOUX_WAN.png,,WOUX WAN,,,,
36,1712311201842,05/04/2024 10:00:01,1712314801842,1,05/04/2024 12:00:01,139619,19,task-eihb,,36766120,BLIND,10840296,,complete,,660fc9fab0774fce974a386d,computer,Desktop or Laptop,Windows 10,Chrome 123.0.0.0,1504x1003,1504x834,,,0,1i-3 A Training,4,,,1i-3,,,Pass,,1i-3 A Training,1i-3 A Training,10,Training02,TrainingA,34efq7,1,response,ZETH WAN,1833.5,4233.1999999999825,4239.899999999994,1833.5,4233.1999999999825,4239.899999999994,1,1833.5,2406.399999999994,0,,Single Text Entry,TextResponseA,4,object-97,1i-3,_,10,1i-3_10,3,Training02,19_BURYVOLDY,ASK,.png,19_BURYVOLDY_ASK.png,ZETH,WAN,19_BURYVOLDY_ZETH_WAN.png,,ZETH WAN,21_TEACHHOG_ASK.png,21_TEACHHOG_DOTS.png,ZETH WAN,RUSP WIM,ZETH WAN,RUSP WIM,21_TEACHHOG_RUSP_WIM.png,,RUSP WIM,,,,
37,1712311205159,05/04/2024 10:00:05,1712314805159,1,05/04/2024 12:00:05,139619,19,task-eihb,,36766120,BLIND,10840296,,complete,,660fc9fab0774fce974a386d,computer,Desktop or Laptop,Windows 10,Chrome 123.0.0.0,1504x1003,1504x834,,,0,1i-3 A Training,4,,,1i-3,,,Pass,,1i-3 A Training,1i-3 A Training,10,Training02,TrainingB,2yfdu9,2,response,,3323.900000017893,3316.8000000000175,3323.900000017893,3323.900000017893,3316.8000000000175,3323.900000017893,1,3323.900000017893,0,0,,Click Response,Option B,5,object-246,1i-3,_,10,1i-3_10,3,Training02,19_BURYVOLDY,ASK,.png,19_BURYVOLDY_ASK.png,ZETH,WAN,19_BURYVOLDY_ZETH_WAN.png,,ZETH WAN,21_TEACHHOG_ASK.png,21_TEACHHOG_DOTS.png,ZETH WAN,RUSP WIM,ZETH WAN,RUSP WIM,21_TEACHHOG_RUSP_WIM.png,,RUSP WIM,,,,
38,1712311206272,05/04/2024 10:00:06,1712314806272,1,05/04/2024 12:00:06,139619,19,task-eihb,,36766120,BLIND,10840296,,complete,,660fc9fab0774fce974a386d,computer,Desktop or Laptop,Windows 10,Chrome 123.0.0.0,1504x1003,1504x834,,,0,1i-3 A Training,4,,,1i-3,,,Pass,,1i-3 A Training,1i-3 A Training,10,Training02,TrainingC,1ouhhw,3,continue,,1120.000000023836,1116.5,1120.000000023836,1120.000000023836,1116.5,1120.000000023836,1,1120.000000023836,0,0,,Click To Continue,Continue Button,6,object-272,1i-3,_,10,1i-3_10,3,Training02,19_BURYVOLDY,ASK,.png,19_BURYVOLDY_ASK.png,ZETH,WAN,19_BURYVOLDY_ZETH_WAN.png,,ZETH WAN,21_TEACHHOG_ASK.png,21_TEACHHOG_DOTS.png,ZETH WAN,RUSP WIM,ZETH WAN,RUSP WIM,21_TEACHHOG_RUSP_WIM.png,,RUSP WIM,,,,
39,1712311211063,05/04/2024 10:00:11,1712314811063,1,05/04/2024 12:00:11,139619,19,task-eihb,,36766120,BLIND,10840296,,complete,,660fc9fab0774fce974a386d,computer,Desktop or Laptop,Windows 10,Chrome 123.0.0.0,1504x1003,1504x834,,,0,1i-3 A Training,4,,,1i-3,,,Pass,,1i-3 A Training,1i-3 A Training,11,Training02,TrainingA,34efq7,1,response,RUSP WIM,2649.899999999994,4783.299999999988,4794.399999999994,2649.899999999994,4783.299999999988,4794.399999999994,1,2649.899999999994,2144.5,0,,Single Text Entry,TextResponseA,4,object-97,1i-3,_,11,1i-3_11,3,Training02,27_BESTSELLER,ASK,.png,27_BESTSELLER_ASK.png,RUSP,WIM,27_BESTSELLER_RUSP_WIM.png,,RUSP WIM,25_PROSECUTE_ASK.png,25_PROSECUTE_DOTS.png,ZETH WAN,RUSP WIM,RUSP WIM,ZETH WAN,25_PROSECUTE_ZETH_WAN.png,ZETH WAN,,,,,
40,1712311213450,05/04/2024 10:00:13,1712314813450,1,05/04/2024 12:00:13,139619,19,task-eihb,,36766120,BLIND,10840296,,complete,,660fc9fab0774fce974a386d,computer,Desktop or Laptop,Windows 10,Chrome 123.0.0.0,1504x1003,1504x834,,,0,1i-3 A Training,4,,,1i-3,,,Pass,,1i-3 A Training,1i-3 A Training,11,Training02,TrainingB,2yfdu9,2,response,,2398.100000000006,2383.7000000000116,2398.100000000006,2398.100000000006,2383.7000000000116,2398.100000000006,1,2398.100000000006,0,0,,Click Response,Option A,4,object-245,1i-3,_,11,1i-3_11,3,Training02,27_BESTSELLER,ASK,.png,27_BESTSELLER_ASK.png,RUSP,WIM,27_BESTSELLER_RUSP_WIM.png,,RUSP WIM,25_PROSECUTE_ASK.png,25_PROSECUTE_DOTS.png,ZETH WAN,RUSP WIM,RUSP WIM,ZETH WAN,25_PROSECUTE_ZETH_WAN.png,ZETH WAN,,,,,
41,1712311214765,05/04/2024 10:00:14,1712314814765,1,05/04/2024 12:00:14,139619,19,task-eihb,,36766120,BLIND,10840296,,complete,,660fc9fab0774fce974a386d,computer,Desktop or Laptop,Windows 10,Chrome 123.0.0.0,1504x1003,1504x834,,,0,1i-3 A Training,4,,,1i-3,,,Pass,,1i-3 A Training,1i-3 A Training,11,Training02,TrainingC,1ouhhw,3,continue,,1329.1000000178756,1316.5,1329.1000000178756,1329.1000000178756,1316.5,1329.1000000178756,1,1329.1000000178756,0,0,,Click To Continue,Continue Button,6,object-272,1i-3,_,11,1i-3_11,3,Training02,27_BESTSELLER,ASK,.png,27_BESTSELLER_ASK.png,RUSP,WIM,27_BESTSELLER_RUSP_WIM.png,,RUSP WIM,25_PROSECUTE_ASK.png,25_PROSECUTE_DOTS.png,ZETH WAN,RUSP WIM,RUSP WIM,ZETH WAN,25_PROSECUTE_ZETH_WAN.png,ZETH WAN,,,,,
42,1712311218985,05/04/2024 10:00:18,1712314818985,1,05/04/2024 12:00:18,139619,19,task-eihb,,36766120,BLIND,10840296,,complete,,660fc9fab0774fce974a386d,computer,Desktop or Laptop,Windows 10,Chrome 123.0.0.0,1504x1003,1504x834,,,0,1i-3 A Training,4,,,1i-3,,,Pass,,1i-3 A Training,1i-3 A Training,12,Training02,TrainingA,34efq7,1,response,WOUX WAN,1849.6999999999825,4216.600000000006,4232.700000011915,1849.6999999999825,4216.600000000006,4232.700000011915,1,1849.6999999999825,2383.0000000119326,0,,Single Text Entry,TextResponseA,4,object-97,1i-3,_,12,1i-3_12,3,Training02,14_MUNGOS,ASK,.png,14_MUNGOS_ASK.png,WOUX,WAN,14_MUNGOS_WOUX_WAN.png,,WOUX WAN,33_ROR_ASK.png,33_ROR_DOTS.png,FICH WUNG,WOUX WAN,WOUX WAN,FICH WUNG,33_ROR_FICH_WUNG.png,FICH WUNG,,,,,
43,1712311224817,05/04/2024 10:00:24,1712314824817,1,05/04/2024 12:00:24,139619,19,task-eihb,,36766120,BLIND,10840296,,complete,,660fc9fab0774fce974a386d,computer,Desktop or Laptop,Windows 10,Chrome 123.0.0.0,1504x1003,1504x834,,,0,1i-3 A Training,4,,,1i-3,,,Pass,,1i-3 A Training,1i-3 A Training,12,Training02,TrainingB,2yfdu9,2,response,,5848.200000005949,5833.299999999988,5848.200000005949,5848.200000005949,5833.299999999988,5848.200000005949,1,5848.200000005949,0,0,,Click Response,Option A,4,object-245,1i-3,_,12,1i-3_12,3,Training02,14_MUNGOS,ASK,.png,14_MUNGOS_ASK.png,WOUX,WAN,14_MUNGOS_WOUX_WAN.png,,WOUX WAN,33_ROR_ASK.png,33_ROR_DOTS.png,FICH WUNG,WOUX WAN,WOUX WAN,FICH WUNG,33_ROR_FICH_WUNG.png,FICH WUNG,,,,,
44,1712311226005,05/04/2024 10:00:26,1712314826005,1,05/04/2024 12:00:26,139619,19,task-eihb,,36766120,BLIND,10840296,,complete,,660fc9fab0774fce974a386d,computer,Desktop or Laptop,Windows 10,Chrome 123.0.0.0,1504x1003,1504x834,,,0,1i-3 A Training,4,,,1i-3,,,Pass,,1i-3 A Training,1i-3 A Training,12,Training02,TrainingC,1ouhhw,3,continue,,1202.6000000238419,1199.7000000000116,1202.6000000238419,1202.6000000238419,1199.7000000000116,1202.6000000238419,1,1202.6000000238419,0,0,,Click To Continue,Continue Button,6,object-272,1i-3,_,12,1i-3_12,3,Training02,14_MUNGOS,ASK,.png,14_MUNGOS_ASK.png,WOUX,WAN,14_MUNGOS_WOUX_WAN.png,,WOUX WAN,33_ROR_ASK.png,33_ROR_DOTS.png,FICH WUNG,WOUX WAN,WOUX WAN,FICH WUNG,33_ROR_FICH_WUNG.png,FICH WUNG,,,,,
45,1712311230377,05/04/2024 10:00:30,1712314830377,1,05/04/2024 12:00:30,139619,19,task-eihb,,36766120,BLIND,10840296,,complete,,660fc9fab0774fce974a386d,computer,Desktop or Laptop,Windows 10,Chrome 123.0.0.0,1504x1003,1504x834,,,0,1i-3 A Training,4,,,1i-3,,,Pass,,1i-3 A Training,1i-3 A Training,13,Training02,TrainingA,34efq7,1,response,RUSP WIM,1783.3999999999942,4367.299999999988,4375.200000005949,1783.3999999999942,4367.299999999988,4375.200000005949,1,1783.3999999999942,2591.8000000059546,0,,Single Text Entry,TextResponseA,4,object-97,1i-3,_,15,1i-3_15,4,Training02,06_MOM,ASK,.png,06_MOM_ASK.png,RUSP,WIM,06_MOM_RUSP_WIM.png,,RUSP WIM,26_ERISED_ASK.png,26_ERISED_DOTS.png,RUSP WIM,FICH WUNG,RUSP WIM,FICH WUNG,26_ERISED_FICH_WUNG.png,,FICH WUNG,,,,
46,1712311234696,05/04/2024 10:00:34,1712314834696,1,05/04/2024 12:00:34,139619,19,task-eihb,,36766120,BLIND,10840296,,complete,,660fc9fab0774fce974a386d,computer,Desktop or Laptop,Windows 10,Chrome 123.0.0.0,1504x1003,1504x834,,,0,1i-3 A Training,4,,,1i-3,,,Pass,,1i-3 A Training,1i-3 A Training,13,Training02,TrainingB,2yfdu9,2,response,,4327.300000011921,4316,4327.300000011921,4327.300000011921,4316,4327.300000011921,1,4327.300000011921,0,0,,Click Response,Option B,5,object-246,1i-3,_,15,1i-3_15,4,Training02,06_MOM,ASK,.png,06_MOM_ASK.png,RUSP,WIM,06_MOM_RUSP_WIM.png,,RUSP WIM,26_ERISED_ASK.png,26_ERISED_DOTS.png,RUSP WIM,FICH WUNG,RUSP WIM,FICH WUNG,26_ERISED_FICH_WUNG.png,,FICH WUNG,,,,
47,1712311235734,05/04/2024 10:00:35,1712314835734,1,05/04/2024 12:00:35,139619,19,task-eihb,,36766120,BLIND,10840296,,complete,,660fc9fab0774fce974a386d,computer,Desktop or Laptop,Windows 10,Chrome 123.0.0.0,1504x1003,1504x834,,,0,1i-3 A Training,4,,,1i-3,,,Pass,,1i-3 A Training,1i-3 A Training,13,Training02,TrainingC,1ouhhw,3,continue,,1049.1000000238419,1033.3999999999942,1049.1000000238419,1049.1000000238419,1033.3999999999942,1049.1000000238419,1,1049.1000000238419,0,0,,Click To Continue,Continue Button,6,object-272,1i-3,_,15,1i-3_15,4,Training02,06_MOM,ASK,.png,06_MOM_ASK.png,RUSP,WIM,06_MOM_RUSP_WIM.png,,RUSP WIM,26_ERISED_ASK.png,26_ERISED_DOTS.png,RUSP WIM,FICH WUNG,RUSP WIM,FICH WUNG,26_ERISED_FICH_WUNG.png,,FICH WUNG,,,,
48,1712311239625,05/04/2024 10:00:39,1712314839625,1,05/04/2024 12:00:39,139619,19,task-eihb,,36766120,BLIND,10840296,,complete,,660fc9fab0774fce974a386d,computer,Desktop or Laptop,Windows 10,Chrome 123.0.0.0,1504x1003,1504x834,,,0,1i-3 A Training,4,,,1i-3,,,Pass,,1i-3 A Training,1i-3 A Training,14,Training02,TrainingA,34efq7,1,response,WOUX WAN,2016.7000000000116,3900.100000000006,3906.800000017887,2016.7000000000116,3900.100000000006,3906.800000017887,1,2016.7000000000116,1890.1000000178756,0,,Single Text Entry,TextResponseA,4,object-97,1i-3,_,16,1i-3_16,4,Training02,42_ENGLAND,ASK,.png,42_ENGLAND_ASK.png,WOUX,WAN,42_ENGLAND_WOUX_WAN.png,,WOUX WAN,41_PIXIE_ASK.png,41_PIXIE_DOTS.png,RUSP WIM,WOUX WAN,WOUX WAN,RUSP WIM,41_PIXIE_RUSP_WIM.png,RUSP WIM,,,,,
49,1712311242739,05/04/2024 10:00:42,1712314842739,1,05/04/2024 12:00:42,139619,19,task-eihb,,36766120,BLIND,10840296,,complete,,660fc9fab0774fce974a386d,computer,Desktop or Laptop,Windows 10,Chrome 123.0.0.0,1504x1003,1504x834,,,0,1i-3 A Training,4,,,1i-3,,,Pass,,1i-3 A Training,1i-3 A Training,14,Training02,TrainingB,2yfdu9,2,response,,3120,3116.600000000006,3120,3120,3116.600000000006,3120,1,3120,0,0,,Click Response,Option B,5,object-246,1i-3,_,16,1i-3_16,4,Training02,42_ENGLAND,ASK,.png,42_ENGLAND_ASK.png,WOUX,WAN,42_ENGLAND_WOUX_WAN.png,,WOUX WAN,41_PIXIE_ASK.png,41_PIXIE_DOTS.png,RUSP WIM,WOUX WAN,WOUX WAN,RUSP WIM,41_PIXIE_RUSP_WIM.png,RUSP WIM,,,,,
50,1712311244105,05/04/2024 10:00:44,1712314844105,1,05/04/2024 12:00:44,139619,19,task-eihb,,36766120,BLIND,10840296,,complete,,660fc9fab0774fce974a386d,computer,Desktop or Laptop,Windows 10,Chrome 123.0.0.0,1504x1003,1504x834,,,0,1i-3 A Training,4,,,1i-3,,,Pass,,1i-3 A Training,1i-3 A Training,14,Training02,TrainingC,1ouhhw,3,continue,,1370.3000000059546,1366.3999999999942,1370.3000000059546,1370.3000000059546,1366.3999999999942,1370.3000000059546,1,1370.3000000059546,0,0,,Click To Continue,Continue Button,6,object-272,1i-3,_,16,1i-3_16,4,Training02,42_ENGLAND,ASK,.png,42_ENGLAND_ASK.png,WOUX,WAN,42_ENGLAND_WOUX_WAN.png,,WOUX WAN,41_PIXIE_ASK.png,41_PIXIE_DOTS.png,RUSP WIM,WOUX WAN,WOUX WAN,RUSP WIM,41_PIXIE_RUSP_WIM.png,RUSP WIM,,,,,
51,1712311250105,05/04/2024 10:00:50,1712314850105,1,05/04/2024 12:00:50,139619,19,task-eihb,,36766120,BLIND,10840296,,complete,,660fc9fab0774fce974a386d,computer,Desktop or Laptop,Windows 10,Chrome 123.0.0.0,1504x1003,1504x834,,,0,1i-3 A Training,4,,,1i-3,,,Pass,,1i-3 A Training,1i-3 A Training,15,Training02,TrainingA,34efq7,1,response,FICH WUNG,1833.2999999999884,6000.100000000006,6003.4000000059605,1833.2999999999884,6000.100000000006,6003.4000000059605,1,1833.2999999999884,4170.100000005972,0,,Single Text Entry,TextResponseA,4,object-97,1i-3,_,13,1i-3_13,4,Training02,11_RONWAND,ASK,.png,11_RONWAND_ASK.png,FICH,WUNG,11_RONWAND_FICH_WUNG.png,,FICH WUNG,06_MOM_ASK.png,06_MOM_DOTS.png,ZETH WAN,FICH WUNG,FICH WUNG,ZETH WAN,06_MOM_ZETH_WAN.png,ZETH WAN,,,,,
52,1712311255265,05/04/2024 10:00:55,1712314855265,1,05/04/2024 12:00:55,139619,19,task-eihb,,36766120,BLIND,10840296,,complete,,660fc9fab0774fce974a386d,computer,Desktop or Laptop,Windows 10,Chrome 123.0.0.0,1504x1003,1504x834,,,0,1i-3 A Training,4,,,1i-3,,,Pass,,1i-3 A Training,1i-3 A Training,15,Training02,TrainingB,2yfdu9,2,response,,5163.200000011915,5149.799999999988,5163.200000011915,5163.200000011915,5149.799999999988,5163.200000011915,1,5163.200000011915,0,0,,Click Response,Option B,5,object-246,1i-3,_,13,1i-3_13,4,Training02,11_RONWAND,ASK,.png,11_RONWAND_ASK.png,FICH,WUNG,11_RONWAND_FICH_WUNG.png,,FICH WUNG,06_MOM_ASK.png,06_MOM_DOTS.png,ZETH WAN,FICH WUNG,FICH WUNG,ZETH WAN,06_MOM_ZETH_WAN.png,ZETH WAN,,,,,
53,1712311256663,05/04/2024 10:00:56,1712314856663,1,05/04/2024 12:00:56,139619,19,task-eihb,,36766120,BLIND,10840296,,complete,,660fc9fab0774fce974a386d,computer,Desktop or Laptop,Windows 10,Chrome 123.0.0.0,1504x1003,1504x834,,,0,1i-3 A Training,4,,,1i-3,,,Pass,,1i-3 A Training,1i-3 A Training,15,Training02,TrainingC,1ouhhw,3,continue,,1412.1000000000058,1400.1000000000058,1412.1000000000058,1412.1000000000058,1400.1000000000058,1412.1000000000058,1,1412.1000000000058,0,0,,Click To Continue,Continue Button,6,object-272,1i-3,_,13,1i-3_13,4,Training02,11_RONWAND,ASK,.png,11_RONWAND_ASK.png,FICH,WUNG,11_RONWAND_FICH_WUNG.png,,FICH WUNG,06_MOM_ASK.png,06_MOM_DOTS.png,ZETH WAN,FICH WUNG,FICH WUNG,ZETH WAN,06_MOM_ZETH_WAN.png,ZETH WAN,,,,,
54,1712311261506,05/04/2024 10:01:01,1712314861506,1,05/04/2024 12:01:01,139619,19,task-eihb,,36766120,BLIND,10840296,,complete,,660fc9fab0774fce974a386d,computer,Desktop or Laptop,Windows 10,Chrome 123.0.0.0,1504x1003,1504x834,,,0,1i-3 A Training,4,,,1i-3,,,Pass,,1i-3 A Training,1i-3 A Training,16,Training02,TrainingA,34efq7,1,response,ZETH WAN,2683.2999999999884,4850,4854.200000017881,2683.2999999999884,4850,4854.200000017881,1,2683.2999999999884,2170.900000017893,0,,Single Text Entry,TextResponseA,4,object-97,1i-3,_,14,1i-3_14,4,Training02,33_ROR,ASK,.png,33_ROR_ASK.png,ZETH,WAN,33_ROR_ZETH_WAN.png,,ZETH WAN,19_BURYVOLDY_ASK.png,19_BURYVOLDY_DOTS.png,ZETH WAN,WOUX WAN,ZETH WAN,WOUX WAN,19_BURYVOLDY_WOUX_WAN.png,,WOUX WAN,,,,
55,1712311265061,05/04/2024 10:01:05,1712314865061,1,05/04/2024 12:01:05,139619,19,task-eihb,,36766120,BLIND,10840296,,complete,,660fc9fab0774fce974a386d,computer,Desktop or Laptop,Windows 10,Chrome 123.0.0.0,1504x1003,1504x834,,,0,1i-3 A Training,4,,,1i-3,,,Pass,,1i-3 A Training,1i-3 A Training,16,Training02,TrainingB,2yfdu9,2,response,,3559.800000011921,3549.899999999994,3559.800000011921,3559.800000011921,3549.899999999994,3559.800000011921,1,3559.800000011921,0,0,,Click Response,Option A,4,object-245,1i-3,_,14,1i-3_14,4,Training02,33_ROR,ASK,.png,33_ROR_ASK.png,ZETH,WAN,33_ROR_ZETH_WAN.png,,ZETH WAN,19_BURYVOLDY_ASK.png,19_BURYVOLDY_DOTS.png,ZETH WAN,WOUX WAN,ZETH WAN,WOUX WAN,19_BURYVOLDY_WOUX_WAN.png,,WOUX WAN,,,,
56,1712311266395,05/04/2024 10:01:06,1712314866395,1,05/04/2024 12:01:06,139619,19,task-eihb,,36766120,BLIND,10840296,,complete,,660fc9fab0774fce974a386d,computer,Desktop or Laptop,Windows 10,Chrome 123.0.0.0,1504x1003,1504x834,,,0,1i-3 A Training,4,,,1i-3,,,Pass,,1i-3 A Training,1i-3 A Training,16,Training02,TrainingC,1ouhhw,3,continue,,1343.5000000059663,1333.3999999999942,1343.5000000059663,1343.5000000059663,1333.3999999999942,1343.5000000059663,1,1343.5000000059663,0,0,,Click To Continue,Continue Button,6,object-272,1i-3,_,14,1i-3_14,4,Training02,33_ROR,ASK,.png,33_ROR_ASK.png,ZETH,WAN,33_ROR_ZETH_WAN.png,,ZETH WAN,19_BURYVOLDY_ASK.png,19_BURYVOLDY_DOTS.png,ZETH WAN,WOUX WAN,ZETH WAN,WOUX WAN,19_BURYVOLDY_WOUX_WAN.png,,WOUX WAN,,,,
57,1712311271971,05/04/2024 10:01:11,1712314871971,1,05/04/2024 12:01:11,139619,19,task-eihb,,36766120,BLIND,10840296,,complete,,660fc9fab0774fce974a386d,computer,Desktop or Laptop,Windows 10,Chrome 123.0.0.0,1504x1003,1504x834,,,0,1i-3 A Training,4,,,1i-3,,,Pass,,1i-3 A Training,1i-3 A Training,17,Training02,TrainingA,34efq7,1,response,ZETH WAN,1849.9000000000233,5583.100000000006,5586.500000011933,1849.9000000000233,5583.100000000006,5586.500000011933,1,1849.9000000000233,3736.6000000119093,0,,Single Text Entry,TextResponseA,4,object-97,1i-3,_,18,1i-3_18,5,Training02,05_AUROR,ASK,.png,05_AUROR_ASK.png,ZETH,WAN,05_AUROR_ZETH_WAN.png,,ZETH WAN,11_RONWAND_ASK.png,11_RONWAND_DOTS.png,ZETH WAN,FICH WUNG,ZETH WAN,FICH WUNG,11_RONWAND_FICH_WUNG.png,,FICH WUNG,,,,
58,1712311276049,05/04/2024 10:01:16,1712314876049,1,05/04/2024 12:01:16,139619,19,task-eihb,,36766120,BLIND,10840296,,complete,,660fc9fab0774fce974a386d,computer,Desktop or Laptop,Windows 10,Chrome 123.0.0.0,1504x1003,1504x834,,,0,1i-3 A Training,4,,,1i-3,,,Pass,,1i-3 A Training,1i-3 A Training,17,Training02,TrainingB,2yfdu9,2,response,,4081.300000017887,4066.899999999994,4081.300000017887,4081.300000017887,4066.899999999994,4081.300000017887,1,4081.300000017887,0,0,,Click Response,Option B,5,object-246,1i-3,_,18,1i-3_18,5,Training02,05_AUROR,ASK,.png,05_AUROR_ASK.png,ZETH,WAN,05_AUROR_ZETH_WAN.png,,ZETH WAN,11_RONWAND_ASK.png,11_RONWAND_DOTS.png,ZETH WAN,FICH WUNG,ZETH WAN,FICH WUNG,11_RONWAND_FICH_WUNG.png,,FICH WUNG,,,,
59,1712311277345,05/04/2024 10:01:17,1712314877345,1,05/04/2024 12:01:17,139619,19,task-eihb,,36766120,BLIND,10840296,,complete,,660fc9fab0774fce974a386d,computer,Desktop or Laptop,Windows 10,Chrome 123.0.0.0,1504x1003,1504x834,,,0,1i-3 A Training,4,,,1i-3,,,Pass,,1i-3 A Training,1i-3 A Training,17,Training02,TrainingC,1ouhhw,3,continue,,1309.900000017893,1300.1000000000058,1309.900000017893,1309.900000017893,1300.1000000000058,1309.900000017893,1,1309.900000017893,0,0,,Click To Continue,Continue Button,6,object-272,1i-3,_,18,1i-3_18,5,Training02,05_AUROR,ASK,.png,05_AUROR_ASK.png,ZETH,WAN,05_AUROR_ZETH_WAN.png,,ZETH WAN,11_RONWAND_ASK.png,11_RONWAND_DOTS.png,ZETH WAN,FICH WUNG,ZETH WAN,FICH WUNG,11_RONWAND_FICH_WUNG.png,,FICH WUNG,,,,
60,1712311283157,05/04/2024 10:01:23,1712314883157,1,05/04/2024 12:01:23,139619,19,task-eihb,,36766120,BLIND,10840296,,complete,,660fc9fab0774fce974a386d,computer,Desktop or Laptop,Windows 10,Chrome 123.0.0.0,1504x1003,1504x834,,,0,1i-3 A Training,4,,,1i-3,,,Pass,,1i-3 A Training,1i-3 A Training,18,Training02,TrainingA,34efq7,1,response,WOUX WAN,2550,5816.5,5822.400000011927,2550,5816.5,5822.400000011927,1,2550,3272.4000000119267,0,,Single Text Entry,TextResponseA,4,object-97,1i-3,_,20,1i-3_20,5,Training02,21_TEACHHOG,ASK,.png,21_TEACHHOG_ASK.png,WOUX,WAN,21_TEACHHOG_WOUX_WAN.png,,WOUX WAN,42_ENGLAND_ASK.png,42_ENGLAND_DOTS.png,WOUX WAN,ZETH WAN,WOUX WAN,ZETH WAN,42_ENGLAND_ZETH_WAN.png,,ZETH WAN,,,,
61,1712311287082,05/04/2024 10:01:27,1712314887082,1,05/04/2024 12:01:27,139619,19,task-eihb,,36766120,BLIND,10840296,,complete,,660fc9fab0774fce974a386d,computer,Desktop or Laptop,Windows 10,Chrome 123.0.0.0,1504x1003,1504x834,,,0,1i-3 A Training,4,,,1i-3,,,Pass,,1i-3 A Training,1i-3 A Training,18,Training02,TrainingB,2yfdu9,2,response,,3930.4000000119267,3916.500000000029,3930.4000000119267,3930.4000000119267,3916.500000000029,3930.4000000119267,1,3930.4000000119267,0,0,,Click Response,Option A,4,object-245,1i-3,_,20,1i-3_20,5,Training02,21_TEACHHOG,ASK,.png,21_TEACHHOG_ASK.png,WOUX,WAN,21_TEACHHOG_WOUX_WAN.png,,WOUX WAN,42_ENGLAND_ASK.png,42_ENGLAND_DOTS.png,WOUX WAN,ZETH WAN,WOUX WAN,ZETH WAN,42_ENGLAND_ZETH_WAN.png,,ZETH WAN,,,,
62,1712311290969,05/04/2024 10:01:30,1712314890969,1,05/04/2024 12:01:30,139619,19,task-eihb,,36766120,BLIND,10840296,,complete,,660fc9fab0774fce974a386d,computer,Desktop or Laptop,Windows 10,Chrome 123.0.0.0,1504x1003,1504x834,,,0,1i-3 A Training,4,,,1i-3,,,Pass,,1i-3 A Training,1i-3 A Training,18,Training02,TrainingC,1ouhhw,3,continue,,3900.2999999999884,3883.5999999999767,3900.2999999999884,3900.2999999999884,3883.5999999999767,3900.2999999999884,1,3900.2999999999884,0,0,,Click To Continue,Continue Button,6,object-272,1i-3,_,20,1i-3_20,5,Training02,21_TEACHHOG,ASK,.png,21_TEACHHOG_ASK.png,WOUX,WAN,21_TEACHHOG_WOUX_WAN.png,,WOUX WAN,42_ENGLAND_ASK.png,42_ENGLAND_DOTS.png,WOUX WAN,ZETH WAN,WOUX WAN,ZETH WAN,42_ENGLAND_ZETH_WAN.png,,ZETH WAN,,,,
63,1712311297285,05/04/2024 10:01:37,1712314897285,1,05/04/2024 12:01:37,139619,19,task-eihb,,36766120,BLIND,10840296,,complete,,660fc9fab0774fce974a386d,computer,Desktop or Laptop,Windows 10,Chrome 123.0.0.0,1504x1003,1504x834,,,0,1i-3 A Training,4,,,1i-3,,,Pass,,1i-3 A Training,1i-3 A Training,19,Training02,TrainingA,34efq7,1,response,RUSP WIM,2699.7000000000116,6316.700000000012,6333.5,2699.7000000000116,6316.700000000012,6333.5,1,2699.7000000000116,3633.7999999999884,0,,Single Text Entry,TextResponseA,4,object-97,1i-3,_,19,1i-3_19,5,Training02,41_PIXIE,ASK,.png,41_PIXIE_ASK.png,RUSP,WIM,41_PIXIE_RUSP_WIM.png,,RUSP WIM,35_PROPHET_ASK.png,35_PROPHET_DOTS.png,WOUX WAN,RUSP WIM,RUSP WIM,WOUX WAN,35_PROPHET_WOUX_WAN.png,WOUX WAN,,,,,
64,1712311305904,05/04/2024 10:01:45,1712314905904,1,05/04/2024 12:01:45,139619,19,task-eihb,,36766120,BLIND,10840296,,complete,,660fc9fab0774fce974a386d,computer,Desktop or Laptop,Windows 10,Chrome 123.0.0.0,1504x1003,1504x834,,,0,1i-3 A Training,4,,,1i-3,,,Pass,,1i-3 A Training,1i-3 A Training,19,Training02,TrainingB,2yfdu9,2,response,,8636.10000001191,8632.899999999965,8636.10000001191,8636.10000001191,8632.899999999965,8636.10000001191,1,8636.10000001191,0,0,,Click Response,Option A,4,object-245,1i-3,_,19,1i-3_19,5,Training02,41_PIXIE,ASK,.png,41_PIXIE_ASK.png,RUSP,WIM,41_PIXIE_RUSP_WIM.png,,RUSP WIM,35_PROPHET_ASK.png,35_PROPHET_DOTS.png,WOUX WAN,RUSP WIM,RUSP WIM,WOUX WAN,35_PROPHET_WOUX_WAN.png,WOUX WAN,,,,,
65,1712311307051,05/04/2024 10:01:47,1712314907051,1,05/04/2024 12:01:47,139619,19,task-eihb,,36766120,BLIND,10840296,,complete,,660fc9fab0774fce974a386d,computer,Desktop or Laptop,Windows 10,Chrome 123.0.0.0,1504x1003,1504x834,,,0,1i-3 A Training,4,,,1i-3,,,Pass,,1i-3 A Training,1i-3 A Training,19,Training02,TrainingC,1ouhhw,3,continue,,1149.7000000119442,1133.3000000000466,1149.7000000119442,1149.7000000119442,1133.3000000000466,1149.7000000119442,1,1149.7000000119442,0,0,,Click To Continue,Continue Button,6,object-272,1i-3,_,19,1i-3_19,5,Training02,41_PIXIE,ASK,.png,41_PIXIE_ASK.png,RUSP,WIM,41_PIXIE_RUSP_WIM.png,,RUSP WIM,35_PROPHET_ASK.png,35_PROPHET_DOTS.png,WOUX WAN,RUSP WIM,RUSP WIM,WOUX WAN,35_PROPHET_WOUX_WAN.png,WOUX WAN,,,,,
66,1712311311208,05/04/2024 10:01:51,1712314911208,1,05/04/2024 12:01:51,139619,19,task-eihb,,36766120,BLIND,10840296,,complete,,660fc9fab0774fce974a386d,computer,Desktop or Laptop,Windows 10,Chrome 123.0.0.0,1504x1003,1504x834,,,0,1i-3 A Training,4,,,1i-3,,,Pass,,1i-3 A Training,1i-3 A Training,20,Training02,TrainingA,34efq7,1,response,FICH WUNG,2100.2999999999884,4166.699999999953,4173.900000011898,2100.2999999999884,4166.699999999953,4173.900000011898,1,2100.2999999999884,2073.6000000119093,0,,Single Text Entry,TextResponseA,4,object-97,1i-3,_,17,1i-3_17,5,Training02,25_PROSECUTE,ASK,.png,25_PROSECUTE_ASK.png,FICH,WUNG,25_PROSECUTE_FICH_WUNG.png,,FICH WUNG,04_WHEEZES_ASK.png,04_WHEEZES_DOTS.png,RUSP WIM,FICH WUNG,FICH WUNG,RUSP WIM,04_WHEEZES_RUSP_WIM.png,RUSP WIM,,,,,
67,1712311313294,05/04/2024 10:01:53,1712314913294,1,05/04/2024 12:01:53,139619,19,task-eihb,,36766120,BLIND,10840296,,complete,,660fc9fab0774fce974a386d,computer,Desktop or Laptop,Windows 10,Chrome 123.0.0.0,1504x1003,1504x834,,,0,1i-3 A Training,4,,,1i-3,,,Pass,,1i-3 A Training,1i-3 A Training,20,Training02,TrainingB,2yfdu9,2,response,,2092.4000000000233,2083.5,2092.4000000000233,2092.4000000000233,2083.5,2092.4000000000233,1,2092.4000000000233,0,0,,Click Response,Option B,5,object-246,1i-3,_,17,1i-3_17,5,Training02,25_PROSECUTE,ASK,.png,25_PROSECUTE_ASK.png,FICH,WUNG,25_PROSECUTE_FICH_WUNG.png,,FICH WUNG,04_WHEEZES_ASK.png,04_WHEEZES_DOTS.png,RUSP WIM,FICH WUNG,FICH WUNG,RUSP WIM,04_WHEEZES_RUSP_WIM.png,RUSP WIM,,,,,
68,1712311314388,05/04/2024 10:01:54,1712314914388,1,05/04/2024 12:01:54,139619,19,task-eihb,,36766120,BLIND,10840296,,complete,,660fc9fab0774fce974a386d,computer,Desktop or Laptop,Windows 10,Chrome 123.0.0.0,1504x1003,1504x834,,,0,1i-3 A Training,4,,,1i-3,,,Pass,,1i-3 A Training,1i-3 A Training,20,Training02,TrainingC,1ouhhw,3,continue,,1103.3000000059837,1099.7000000000116,1103.3000000059837,1103.3000000059837,1099.7000000000116,1103.3000000059837,1,1103.3000000059837,0,0,,Click To Continue,Continue Button,6,object-272,1i-3,_,17,1i-3_17,5,Training02,25_PROSECUTE,ASK,.png,25_PROSECUTE_ASK.png,FICH,WUNG,25_PROSECUTE_FICH_WUNG.png,,FICH WUNG,04_WHEEZES_ASK.png,04_WHEEZES_DOTS.png,RUSP WIM,FICH WUNG,FICH WUNG,RUSP WIM,04_WHEEZES_RUSP_WIM.png,RUSP WIM,,,,,
69,1712311318821,05/04/2024 10:01:58,1712314918821,1,05/04/2024 12:01:58,139619,19,task-eihb,,36766120,BLIND,10840296,,complete,,660fc9fab0774fce974a386d,computer,Desktop or Laptop,Windows 10,Chrome 123.0.0.0,1504x1003,1504x834,,,0,1i-3 A Training,4,,,1i-3,,,Pass,,1i-3 A Training,1i-3 A Training,21,Training02,TrainingA,34efq7,1,response,RUSP WIM,1816.7000000000116,4433.299999999988,4436.600000005972,1816.7000000000116,4433.299999999988,4436.600000005972,1,1816.7000000000116,2619.9000000059605,0,,Single Text Entry,TextResponseA,4,object-97,1i-3,_,23,1i-3_23,6,Training02,20_PULLSWORD,ASK,.png,20_PULLSWORD_ASK.png,RUSP,WIM,20_PULLSWORD_RUSP_WIM.png,,RUSP WIM,28_GALLEONS_ASK.png,28_GALLEONS_DOTS.png,RUSP WIM,ZETH WAN,RUSP WIM,ZETH WAN,28_GALLEONS_ZETH_WAN.png,,ZETH WAN,,,,
70,1712311322600,05/04/2024 10:02:02,1712314922600,1,05/04/2024 12:02:02,139619,19,task-eihb,,36766120,BLIND,10840296,,complete,,660fc9fab0774fce974a386d,computer,Desktop or Laptop,Windows 10,Chrome 123.0.0.0,1504x1003,1504x834,,,0,1i-3 A Training,4,,,1i-3,,,Pass,,1i-3 A Training,1i-3 A Training,21,Training02,TrainingB,2yfdu9,2,response,,3782.1000000179047,3767,3782.1000000179047,3782.1000000179047,3767,3782.1000000179047,1,3782.1000000179047,0,0,,Click Response,Option A,4,object-245,1i-3,_,23,1i-3_23,6,Training02,20_PULLSWORD,ASK,.png,20_PULLSWORD_ASK.png,RUSP,WIM,20_PULLSWORD_RUSP_WIM.png,,RUSP WIM,28_GALLEONS_ASK.png,28_GALLEONS_DOTS.png,RUSP WIM,ZETH WAN,RUSP WIM,ZETH WAN,28_GALLEONS_ZETH_WAN.png,,ZETH WAN,,,,
71,1712311325254,05/04/2024 10:02:05,1712314925254,1,05/04/2024 12:02:05,139619,19,task-eihb,,36766120,BLIND,10840296,,complete,,660fc9fab0774fce974a386d,computer,Desktop or Laptop,Windows 10,Chrome 123.0.0.0,1504x1003,1504x834,,,0,1i-3 A Training,4,,,1i-3,,,Pass,,1i-3 A Training,1i-3 A Training,21,Training02,TrainingC,1ouhhw,3,continue,,2669.500000023865,2666.3000000000466,2669.500000023865,2669.500000023865,2666.3000000000466,2669.500000023865,1,2669.500000023865,0,0,,Click To Continue,Continue Button,6,object-272,1i-3,_,23,1i-3_23,6,Training02,20_PULLSWORD,ASK,.png,20_PULLSWORD_ASK.png,RUSP,WIM,20_PULLSWORD_RUSP_WIM.png,,RUSP WIM,28_GALLEONS_ASK.png,28_GALLEONS_DOTS.png,RUSP WIM,ZETH WAN,RUSP WIM,ZETH WAN,28_GALLEONS_ZETH_WAN.png,,ZETH WAN,,,,
72,1712311329525,05/04/2024 10:02:09,1712314929525,1,05/04/2024 12:02:09,139619,19,task-eihb,,36766120,BLIND,10840296,,complete,,660fc9fab0774fce974a386d,computer,Desktop or Laptop,Windows 10,Chrome 123.0.0.0,1504x1003,1504x834,,,0,1i-3 A Training,4,,,1i-3,,,Pass,,1i-3 A Training,1i-3 A Training,22,Training02,TrainingA,34efq7,1,response,ZETH WAN,2000,4266.699999999953,4274.000000005937,2000,4266.699999999953,4274.000000005937,1,2000,2274.000000005937,0,,Single Text Entry,TextResponseA,4,object-97,1i-3,_,22,1i-3_22,6,Training02,26_ERISED,ASK,.png,26_ERISED_ASK.png,ZETH,WAN,26_ERISED_ZETH_WAN.png,,ZETH WAN,18_LIVEGODRIC_ASK.png,18_LIVEGODRIC_DOTS.png,RUSP WIM,ZETH WAN,ZETH WAN,RUSP WIM,18_LIVEGODRIC_RUSP_WIM.png,RUSP WIM,,,,,
73,1712311332513,05/04/2024 10:02:12,1712314932513,1,05/04/2024 12:02:12,139619,19,task-eihb,,36766120,BLIND,10840296,,complete,,660fc9fab0774fce974a386d,computer,Desktop or Laptop,Windows 10,Chrome 123.0.0.0,1504x1003,1504x834,,,0,1i-3 A Training,4,,,1i-3,,,Pass,,1i-3 A Training,1i-3 A Training,22,Training02,TrainingB,2yfdu9,2,response,,2995.000000023865,2983.100000000035,2995.000000023865,2995.000000023865,2983.100000000035,2995.000000023865,1,2995.000000023865,0,0,,Click Response,Option B,5,object-246,1i-3,_,22,1i-3_22,6,Training02,26_ERISED,ASK,.png,26_ERISED_ASK.png,ZETH,WAN,26_ERISED_ZETH_WAN.png,,ZETH WAN,18_LIVEGODRIC_ASK.png,18_LIVEGODRIC_DOTS.png,RUSP WIM,ZETH WAN,ZETH WAN,RUSP WIM,18_LIVEGODRIC_RUSP_WIM.png,RUSP WIM,,,,,
74,1712311334522,05/04/2024 10:02:14,1712314934522,1,05/04/2024 12:02:14,139619,19,task-eihb,,36766120,BLIND,10840296,,complete,,660fc9fab0774fce974a386d,computer,Desktop or Laptop,Windows 10,Chrome 123.0.0.0,1504x1003,1504x834,,,0,1i-3 A Training,4,,,1i-3,,,Pass,,1i-3 A Training,1i-3 A Training,22,Training02,TrainingC,1ouhhw,3,continue,,2020.7999999999884,2016.7999999999884,2020.7999999999884,2020.7999999999884,2016.7999999999884,2020.7999999999884,1,2020.7999999999884,0,0,,Click To Continue,Continue Button,6,object-272,1i-3,_,22,1i-3_22,6,Training02,26_ERISED,ASK,.png,26_ERISED_ASK.png,ZETH,WAN,26_ERISED_ZETH_WAN.png,,ZETH WAN,18_LIVEGODRIC_ASK.png,18_LIVEGODRIC_DOTS.png,RUSP WIM,ZETH WAN,ZETH WAN,RUSP WIM,18_LIVEGODRIC_RUSP_WIM.png,RUSP WIM,,,,,
75,1712311341584,05/04/2024 10:02:21,1712314941584,1,05/04/2024 12:02:21,139619,19,task-eihb,,36766120,BLIND,10840296,,complete,,660fc9fab0774fce974a386d,computer,Desktop or Laptop,Windows 10,Chrome 123.0.0.0,1504x1003,1504x834,,,0,1i-3 A Training,4,,,1i-3,,,Pass,,1i-3 A Training,1i-3 A Training,23,Training02,TrainingA,34efq7,1,response,WOUX WAN,3717,7049.799999999988,7066,3717,7049.799999999988,7066,1,3717,3349,0,,Single Text Entry,TextResponseA,4,object-97,1i-3,_,24,1i-3_24,6,Training02,07_AZKABAN,ASK,.png,07_AZKABAN_ASK.png,WOUX,WAN,07_AZKABAN_WOUX_WAN.png,,WOUX WAN,32_QWC_ASK.png,32_QWC_DOTS.png,WOUX WAN,FICH WUNG,WOUX WAN,FICH WUNG,32_QWC_FICH_WUNG.png,,FICH WUNG,,,,
76,1712311344083,05/04/2024 10:02:24,1712314944083,1,05/04/2024 12:02:24,139619,19,task-eihb,,36766120,BLIND,10840296,,complete,,660fc9fab0774fce974a386d,computer,Desktop or Laptop,Windows 10,Chrome 123.0.0.0,1504x1003,1504x834,,,0,1i-3 A Training,4,,,1i-3,,,Pass,,1i-3 A Training,1i-3 A Training,23,Training02,TrainingB,2yfdu9,2,response,,2515.400000017893,2500.4000000000233,2515.400000017893,2515.400000017893,2500.4000000000233,2515.400000017893,1,2515.400000017893,0,0,,Click Response,Option B,5,object-246,1i-3,_,24,1i-3_24,6,Training02,07_AZKABAN,ASK,.png,07_AZKABAN_ASK.png,WOUX,WAN,07_AZKABAN_WOUX_WAN.png,,WOUX WAN,32_QWC_ASK.png,32_QWC_DOTS.png,WOUX WAN,FICH WUNG,WOUX WAN,FICH WUNG,32_QWC_FICH_WUNG.png,,FICH WUNG,,,,
77,1712311344990,05/04/2024 10:02:24,1712314944990,1,05/04/2024 12:02:24,139619,19,task-eihb,,36766120,BLIND,10840296,,complete,,660fc9fab0774fce974a386d,computer,Desktop or Laptop,Windows 10,Chrome 123.0.0.0,1504x1003,1504x834,,,0,1i-3 A Training,4,,,1i-3,,,Pass,,1i-3 A Training,1i-3 A Training,23,Training02,TrainingC,1ouhhw,3,continue,,922.2999999999884,916.7000000000116,922.2999999999884,922.2999999999884,916.7000000000116,922.2999999999884,1,922.2999999999884,0,0,,Click To Continue,Continue Button,6,object-272,1i-3,_,24,1i-3_24,6,Training02,07_AZKABAN,ASK,.png,07_AZKABAN_ASK.png,WOUX,WAN,07_AZKABAN_WOUX_WAN.png,,WOUX WAN,32_QWC_ASK.png,32_QWC_DOTS.png,WOUX WAN,FICH WUNG,WOUX WAN,FICH WUNG,32_QWC_FICH_WUNG.png,,FICH WUNG,,,,
78,1712311351154,05/04/2024 10:02:31,1712314951154,1,05/04/2024 12:02:31,139619,19,task-eihb,,36766120,BLIND,10840296,,complete,,660fc9fab0774fce974a386d,computer,Desktop or Laptop,Windows 10,Chrome 123.0.0.0,1504x1003,1504x834,,,0,1i-3 A Training,4,,,1i-3,,,Pass,,1i-3 A Training,1i-3 A Training,24,Training02,TrainingA,34efq7,1,response,FICH WUNG,2833.2999999999884,6166.299999999988,6169.599999999977,2833.2999999999884,6166.299999999988,6169.599999999977,1,2833.2999999999884,3336.2999999999884,0,,Single Text Entry,TextResponseA,4,object-97,1i-3,_,21,1i-3_21,6,Training02,39_STOPHAGRID,ASK,.png,39_STOPHAGRID_ASK.png,FICH,WUNG,39_STOPHAGRID_FICH_WUNG.png,,FICH WUNG,14_MUNGOS_ASK.png,14_MUNGOS_DOTS.png,WOUX WAN,FICH WUNG,FICH WUNG,WOUX WAN,14_MUNGOS_WOUX_WAN.png,WOUX WAN,,,,,
79,1712311355465,05/04/2024 10:02:35,1712314955465,1,05/04/2024 12:02:35,139619,19,task-eihb,,36766120,BLIND,10840296,,complete,,660fc9fab0774fce974a386d,computer,Desktop or Laptop,Windows 10,Chrome 123.0.0.0,1504x1003,1504x834,,,0,1i-3 A Training,4,,,1i-3,,,Pass,,1i-3 A Training,1i-3 A Training,24,Training02,TrainingB,2yfdu9,2,response,,4313.700000005949,4300,4313.700000005949,4313.700000005949,4300,4313.700000005949,1,4313.700000005949,0,0,,Click Response,Option A,4,object-245,1i-3,_,21,1i-3_21,6,Training02,39_STOPHAGRID,ASK,.png,39_STOPHAGRID_ASK.png,FICH,WUNG,39_STOPHAGRID_FICH_WUNG.png,,FICH WUNG,14_MUNGOS_ASK.png,14_MUNGOS_DOTS.png,WOUX WAN,FICH WUNG,FICH WUNG,WOUX WAN,14_MUNGOS_WOUX_WAN.png,WOUX WAN,,,,,
80,1712311356612,05/04/2024 10:02:36,1712314956612,1,05/04/2024 12:02:36,139619,19,task-eihb,,36766120,BLIND,10840296,,complete,,660fc9fab0774fce974a386d,computer,Desktop or Laptop,Windows 10,Chrome 123.0.0.0,1504x1003,1504x834,,,0,1i-3 A Training,4,,,1i-3,,,Pass,,1i-3 A Training,1i-3 A Training,24,Training02,TrainingC,1ouhhw,3,continue,,1160.7000000059488,1149.899999999965,1160.7000000059488,1160.7000000059488,1149.899999999965,1160.7000000059488,1,1160.7000000059488,0,0,,Click To Continue,Continue Button,6,object-272,1i-3,_,21,1i-3_21,6,Training02,39_STOPHAGRID,ASK,.png,39_STOPHAGRID_ASK.png,FICH,WUNG,39_STOPHAGRID_FICH_WUNG.png,,FICH WUNG,14_MUNGOS_ASK.png,14_MUNGOS_DOTS.png,WOUX WAN,FICH WUNG,FICH WUNG,WOUX WAN,14_MUNGOS_WOUX_WAN.png,WOUX WAN,,,,,
81,1712311356624,05/04/2024 10:02:36,1712314956624,1,05/04/2024 12:02:36,139619,19,task-eihb,,36766120,BLIND,10840296,,complete,,660fc9fab0774fce974a386d,computer,Desktop or Laptop,Windows 10,Chrome 123.0.0.0,1504x1003,1504x834,,,0,1i-3 A Training,4,,,1i-3,,,Pass,,1i-3 A Training,1i-3 A Training,,,,,,5,END,,,,,,,0,,,,,,,,,,,,,,,,,,,,,,,,,,,,,,,,,,,,
1,1712311379467,05/04/2024 10:02:59,1712314979467,1,05/04/2024 12:02:59,139619,19,task-eihb,,36766343,BLIND,10840340,,complete,,660fcae292013699d6dc05b5,computer,Desktop or Laptop,Mac OS 10.15.7,Safari 17.4,1680x1050,1680x970,,,0,1i-3 A Training,4,,,1i-3,,,Pass,,1i-3 A Training,1i-3 A Training,,,,,,5,BEGIN,,,,,,,0,,,,,,,,,,,,,,,,,,,,,,,,,,,,,,,,,,,,
2,1712311384906,05/04/2024 10:03:04,1712314984906,1,05/04/2024 12:03:04,139619,19,task-eihb,,36766343,BLIND,10840340,,complete,,660fcae292013699d6dc05b5,computer,Desktop or Laptop,Mac OS 10.15.7,Safari 17.4,1680x1050,1680x970,,,0,1i-3 A Training,4,,,1i-3,,,Pass,,1i-3 A Training,1i-3 A Training,1,Instructions,Attention Check 5,4xnmv6,1,continue,,5314.000000000001,5300,5314.000000000001,5314.000000000001,5300,5314.000000000001,1,5314.000000000001,0,0,,Click To Continue,Continue Button,4,object-285,,,,,,Instructions,,,,,,,,,,,,,,,,,,,,,,
3,1712311384907,05/04/2024 10:03:04,1712314984907,1,05/04/2024 12:03:04,139619,19,task-eihb,,36766343,BLIND,10840340,,complete,,660fcae292013699d6dc05b5,computer,Desktop or Laptop,Mac OS 10.15.7,Safari 17.4,1680x1050,1680x970,,,0,1i-3 A Training,4,,,1i-3,,,Pass,,1i-3 A Training,1i-3 A Training,1,Instructions,Attention Check 5,4xnmv6,1,response,Accio!,4533,5300,5316,4533,5300,5316,1,4533,783,0,,Dropdown,Dropdown5,3,object-284,,,,,,Instructions,,,,,,,,,,,,,,,,,,,,,,
4,1712311389855,05/04/2024 10:03:09,1712314989855,1,05/04/2024 12:03:09,139619,19,task-eihb,,36766343,BLIND,10840340,,complete,,660fcae292013699d6dc05b5,computer,Desktop or Laptop,Mac OS 10.15.7,Safari 17.4,1680x1050,1680x970,,,0,1i-3 A Training,4,,,1i-3,,,Pass,,1i-3 A Training,1i-3 A Training,1,Instructions,Attention Check 6,wf497f,2,continue,,4964,4934,4964,4964,4934,4964,1,4964,0,0,,Click To Continue,Continue Button,4,object-292,,,,,,Instructions,,,,,,,,,,,,,,,,,,,,,,
5,1712311389858,05/04/2024 10:03:09,1712314989858,1,05/04/2024 12:03:09,139619,19,task-eihb,,36766343,BLIND,10840340,,complete,,660fcae292013699d6dc05b5,computer,Desktop or Laptop,Mac OS 10.15.7,Safari 17.4,1680x1050,1680x970,,,0,1i-3 A Training,4,,,1i-3,,,Pass,,1i-3 A Training,1i-3 A Training,1,Instructions,Attention Check 6,wf497f,2,response,The Invisibility Cloak,3866,4934,4966,3866,4934,4966,1,3866,1100,0,,Dropdown,Dropdown6,3,object-291,,,,,,Instructions,,,,,,,,,,,,,,,,,,,,,,
6,1712311392508,05/04/2024 10:03:12,1712314992508,1,05/04/2024 12:03:12,139619,19,task-eihb,,36766343,BLIND,10840340,,complete,,660fcae292013699d6dc05b5,computer,Desktop or Laptop,Mac OS 10.15.7,Safari 17.4,1680x1050,1680x970,,,0,1i-3 A Training,4,,,1i-3,,,Pass,,1i-3 A Training,1i-3 A Training,1,Instructions,Screen 22,3y4guk,3,continue,,2682,2665,2682,2682,2665,2682,1,2682,0,0,,Click To Continue,Continue Button,3,object-297,,,,,,Instructions,,,,,,,,,,,,,,,,,,,,,,
7,1712311400191,05/04/2024 10:03:20,1712315000191,1,05/04/2024 12:03:20,139619,19,task-eihb,,36766343,BLIND,10840340,,complete,,660fcae292013699d6dc05b5,computer,Desktop or Laptop,Mac OS 10.15.7,Safari 17.4,1680x1050,1680x970,,,0,1i-3 A Training,4,,,1i-3,,,Pass,,1i-3 A Training,1i-3 A Training,1,Instructions,Instructions 02,q3gk2e,4,continue,,7701,7668,7701,7701,7668,7701,1,7701,0,0,,Click To Continue,Continue Button,2,object-75,,,,,,Instructions,,,,,,,,,,,,,,,,,,,,,,
8,1712311408390,05/04/2024 10:03:28,1712315008390,1,05/04/2024 12:03:28,139619,19,task-eihb,,36766343,BLIND,10840340,,complete,,660fcae292013699d6dc05b5,computer,Desktop or Laptop,Mac OS 10.15.7,Safari 17.4,1680x1050,1680x970,,,0,1i-3 A Training,4,,,1i-3,,,Pass,,1i-3 A Training,1i-3 A Training,1,Instructions,Instructions 03,gxa3vr,5,continue,,8231,8199,8231,8231,8199,8231,1,8231,0,0,,Click To Continue,Continue Button,1,object-165,,,,,,Instructions,,,,,,,,,,,,,,,,,,,,,,
9,1712311417127,05/04/2024 10:03:37,1712315017127,1,05/04/2024 12:03:37,139619,19,task-eihb,,36766343,BLIND,10840340,,complete,,660fcae292013699d6dc05b5,computer,Desktop or Laptop,Mac OS 10.15.7,Safari 17.4,1680x1050,1680x970,,,0,1i-3 A Training,4,,,1i-3,,,Pass,,1i-3 A Training,1i-3 A Training,1,Training02,TrainingA,34efq7,1,response,ZETH WAN,2800,8766,8769,2800,8766,8769,1,2800,5969,0,,Single Text Entry,TextResponseA,4,object-97,1i-3,_,02,1i-3_02,1,Training02,40_BURYSNAPE,ASK,.png,40_BURYSNAPE_ASK.png,ZETH,WAN,40_BURYSNAPE_ZETH_WAN.png,,ZETH WAN,20_PULLSWORD_ASK.png,20_PULLSWORD_DOTS.png,WOUX WAN,ZETH WAN,ZETH WAN,WOUX WAN,20_PULLSWORD_WOUX_WAN.png,WOUX WAN,,,,,
10,1712311421538,05/04/2024 10:03:41,1712315021538,1,05/04/2024 12:03:41,139619,19,task-eihb,,36766343,BLIND,10840340,,complete,,660fcae292013699d6dc05b5,computer,Desktop or Laptop,Mac OS 10.15.7,Safari 17.4,1680x1050,1680x970,,,0,1i-3 A Training,4,,,1i-3,,,Pass,,1i-3 A Training,1i-3 A Training,1,Training02,TrainingB,2yfdu9,2,response,,4413,4401,4413,4413,4401,4413,1,4413,0,0,,Click Response,Option A,4,object-245,1i-3,_,02,1i-3_02,1,Training02,40_BURYSNAPE,ASK,.png,40_BURYSNAPE_ASK.png,ZETH,WAN,40_BURYSNAPE_ZETH_WAN.png,,ZETH WAN,20_PULLSWORD_ASK.png,20_PULLSWORD_DOTS.png,WOUX WAN,ZETH WAN,ZETH WAN,WOUX WAN,20_PULLSWORD_WOUX_WAN.png,WOUX WAN,,,,,
11,1712311423139,05/04/2024 10:03:43,1712315023139,1,05/04/2024 12:03:43,139619,19,task-eihb,,36766343,BLIND,10840340,,complete,,660fcae292013699d6dc05b5,computer,Desktop or Laptop,Mac OS 10.15.7,Safari 17.4,1680x1050,1680x970,,,0,1i-3 A Training,4,,,1i-3,,,Pass,,1i-3 A Training,1i-3 A Training,1,Training02,TrainingC,1ouhhw,3,continue,,1614,1599,1614,1614,1599,1614,1,1614,0,0,,Click To Continue,Continue Button,6,object-272,1i-3,_,02,1i-3_02,1,Training02,40_BURYSNAPE,ASK,.png,40_BURYSNAPE_ASK.png,ZETH,WAN,40_BURYSNAPE_ZETH_WAN.png,,ZETH WAN,20_PULLSWORD_ASK.png,20_PULLSWORD_DOTS.png,WOUX WAN,ZETH WAN,ZETH WAN,WOUX WAN,20_PULLSWORD_WOUX_WAN.png,WOUX WAN,,,,,
12,1712311430210,05/04/2024 10:03:50,1712315030210,1,05/04/2024 12:03:50,139619,19,task-eihb,,36766343,BLIND,10840340,,complete,,660fcae292013699d6dc05b5,computer,Desktop or Laptop,Mac OS 10.15.7,Safari 17.4,1680x1050,1680x970,,,0,1i-3 A Training,4,,,1i-3,,,Pass,,1i-3 A Training,1i-3 A Training,2,Training02,TrainingA,34efq7,1,response,FICH WUNG,3901,7068,7085,3901,7068,7085,1,3901,3184,0,,Single Text Entry,TextResponseA,4,object-97,1i-3,_,01,1i-3_01,1,Training02,04_WHEEZES,ASK,.png,04_WHEEZES_ASK.png,FICH,WUNG,04_WHEEZES_FICH_WUNG.png,,FICH WUNG,05_AUROR_ASK.png,05_AUROR_DOTS.png,FICH WUNG,ZETH WAN,FICH WUNG,ZETH WAN,05_AUROR_ZETH_WAN.png,,ZETH WAN,,,,
13,1712311432221,05/04/2024 10:03:52,1712315032221,1,05/04/2024 12:03:52,139619,19,task-eihb,,36766343,BLIND,10840340,,complete,,660fcae292013699d6dc05b5,computer,Desktop or Laptop,Mac OS 10.15.7,Safari 17.4,1680x1050,1680x970,,,0,1i-3 A Training,4,,,1i-3,,,Pass,,1i-3 A Training,1i-3 A Training,2,Training02,TrainingB,2yfdu9,2,response,,2028,2000,2028,2028,2000,2028,1,2028,0,0,,Click Response,Option B,5,object-246,1i-3,_,01,1i-3_01,1,Training02,04_WHEEZES,ASK,.png,04_WHEEZES_ASK.png,FICH,WUNG,04_WHEEZES_FICH_WUNG.png,,FICH WUNG,05_AUROR_ASK.png,05_AUROR_DOTS.png,FICH WUNG,ZETH WAN,FICH WUNG,ZETH WAN,05_AUROR_ZETH_WAN.png,,ZETH WAN,,,,
14,1712311433623,05/04/2024 10:03:53,1712315033623,1,05/04/2024 12:03:53,139619,19,task-eihb,,36766343,BLIND,10840340,,complete,,660fcae292013699d6dc05b5,computer,Desktop or Laptop,Mac OS 10.15.7,Safari 17.4,1680x1050,1680x970,,,0,1i-3 A Training,4,,,1i-3,,,Pass,,1i-3 A Training,1i-3 A Training,2,Training02,TrainingC,1ouhhw,3,continue,,1431,1400,1431,1431,1400,1431,1,1431,0,0,,Click To Continue,Continue Button,6,object-272,1i-3,_,01,1i-3_01,1,Training02,04_WHEEZES,ASK,.png,04_WHEEZES_ASK.png,FICH,WUNG,04_WHEEZES_FICH_WUNG.png,,FICH WUNG,05_AUROR_ASK.png,05_AUROR_DOTS.png,FICH WUNG,ZETH WAN,FICH WUNG,ZETH WAN,05_AUROR_ZETH_WAN.png,,ZETH WAN,,,,
15,1712311441072,05/04/2024 10:04:01,1712315041072,1,05/04/2024 12:04:01,139619,19,task-eihb,,36766343,BLIND,10840340,,complete,,660fcae292013699d6dc05b5,computer,Desktop or Laptop,Mac OS 10.15.7,Safari 17.4,1680x1050,1680x970,,,0,1i-3 A Training,4,,,1i-3,,,Pass,,1i-3 A Training,1i-3 A Training,3,Training02,TrainingA,34efq7,1,response,RUSP WIM,4365,7466,7479,4365,7466,7479,1,4365,3114,0,,Single Text Entry,TextResponseA,4,object-97,1i-3,_,03,1i-3_03,1,Training02,13_QUIBBLER,ASK,.png,13_QUIBBLER_ASK.png,RUSP,WIM,13_QUIBBLER_RUSP_WIM.png,,RUSP WIM,27_BESTSELLER_ASK.png,27_BESTSELLER_DOTS.png,FICH WUNG,RUSP WIM,RUSP WIM,FICH WUNG,27_BESTSELLER_FICH_WUNG.png,FICH WUNG,,,,,
16,1712311443271,05/04/2024 10:04:03,1712315043271,1,05/04/2024 12:04:03,139619,19,task-eihb,,36766343,BLIND,10840340,,complete,,660fcae292013699d6dc05b5,computer,Desktop or Laptop,Mac OS 10.15.7,Safari 17.4,1680x1050,1680x970,,,0,1i-3 A Training,4,,,1i-3,,,Pass,,1i-3 A Training,1i-3 A Training,3,Training02,TrainingB,2yfdu9,2,response,,2212,2199,2212,2212,2199,2212,1,2212,0,0,,Click Response,Option A,4,object-245,1i-3,_,03,1i-3_03,1,Training02,13_QUIBBLER,ASK,.png,13_QUIBBLER_ASK.png,RUSP,WIM,13_QUIBBLER_RUSP_WIM.png,,RUSP WIM,27_BESTSELLER_ASK.png,27_BESTSELLER_DOTS.png,FICH WUNG,RUSP WIM,RUSP WIM,FICH WUNG,27_BESTSELLER_FICH_WUNG.png,FICH WUNG,,,,,
17,1712311445552,05/04/2024 10:04:05,1712315045552,1,05/04/2024 12:04:05,139619,19,task-eihb,,36766343,BLIND,10840340,,complete,,660fcae292013699d6dc05b5,computer,Desktop or Laptop,Mac OS 10.15.7,Safari 17.4,1680x1050,1680x970,,,0,1i-3 A Training,4,,,1i-3,,,Pass,,1i-3 A Training,1i-3 A Training,3,Training02,TrainingC,1ouhhw,3,continue,,2294,2268,2294,2294,2268,2294,1,2294,0,0,,Click To Continue,Continue Button,6,object-272,1i-3,_,03,1i-3_03,1,Training02,13_QUIBBLER,ASK,.png,13_QUIBBLER_ASK.png,RUSP,WIM,13_QUIBBLER_RUSP_WIM.png,,RUSP WIM,27_BESTSELLER_ASK.png,27_BESTSELLER_DOTS.png,FICH WUNG,RUSP WIM,RUSP WIM,FICH WUNG,27_BESTSELLER_FICH_WUNG.png,FICH WUNG,,,,,
18,1712311452069,05/04/2024 10:04:12,1712315052069,1,05/04/2024 12:04:12,139619,19,task-eihb,,36766343,BLIND,10840340,,complete,,660fcae292013699d6dc05b5,computer,Desktop or Laptop,Mac OS 10.15.7,Safari 17.4,1680x1050,1680x970,,,0,1i-3 A Training,4,,,1i-3,,,Pass,,1i-3 A Training,1i-3 A Training,4,Training02,TrainingA,34efq7,1,response,WOUX WAN,4665,6532,6543,4665,6532,6543,1,4665,1878,0,,Single Text Entry,TextResponseA,4,object-97,1i-3,_,04,1i-3_04,1,Training02,35_PROPHET,ASK,.png,35_PROPHET_ASK.png,WOUX,WAN,35_PROPHET_WOUX_WAN.png,,WOUX WAN,40_BURYSNAPE_ASK.png,40_BURYSNAPE_DOTS.png,WOUX WAN,RUSP WIM,WOUX WAN,RUSP WIM,40_BURYSNAPE_RUSP_WIM.png,,RUSP WIM,,,,
19,1712311455121,05/04/2024 10:04:15,1712315055121,1,05/04/2024 12:04:15,139619,19,task-eihb,,36766343,BLIND,10840340,,complete,,660fcae292013699d6dc05b5,computer,Desktop or Laptop,Mac OS 10.15.7,Safari 17.4,1680x1050,1680x970,,,0,1i-3 A Training,4,,,1i-3,,,Pass,,1i-3 A Training,1i-3 A Training,4,Training02,TrainingB,2yfdu9,2,response,,3063,3034,3063,3063,3034,3063,1,3063,0,0,,Click Response,Option B,5,object-246,1i-3,_,04,1i-3_04,1,Training02,35_PROPHET,ASK,.png,35_PROPHET_ASK.png,WOUX,WAN,35_PROPHET_WOUX_WAN.png,,WOUX WAN,40_BURYSNAPE_ASK.png,40_BURYSNAPE_DOTS.png,WOUX WAN,RUSP WIM,WOUX WAN,RUSP WIM,40_BURYSNAPE_RUSP_WIM.png,,RUSP WIM,,,,
20,1712311456190,05/04/2024 10:04:16,1712315056190,1,05/04/2024 12:04:16,139619,19,task-eihb,,36766343,BLIND,10840340,,complete,,660fcae292013699d6dc05b5,computer,Desktop or Laptop,Mac OS 10.15.7,Safari 17.4,1680x1050,1680x970,,,0,1i-3 A Training,4,,,1i-3,,,Pass,,1i-3 A Training,1i-3 A Training,4,Training02,TrainingC,1ouhhw,3,continue,,1098,1067,1098,1098,1067,1098,1,1098,0,0,,Click To Continue,Continue Button,6,object-272,1i-3,_,04,1i-3_04,1,Training02,35_PROPHET,ASK,.png,35_PROPHET_ASK.png,WOUX,WAN,35_PROPHET_WOUX_WAN.png,,WOUX WAN,40_BURYSNAPE_ASK.png,40_BURYSNAPE_DOTS.png,WOUX WAN,RUSP WIM,WOUX WAN,RUSP WIM,40_BURYSNAPE_RUSP_WIM.png,,RUSP WIM,,,,
21,1712311460536,05/04/2024 10:04:20,1712315060536,1,05/04/2024 12:04:20,139619,19,task-eihb,,36766343,BLIND,10840340,,complete,,660fcae292013699d6dc05b5,computer,Desktop or Laptop,Mac OS 10.15.7,Safari 17.4,1680x1050,1680x970,,,0,1i-3 A Training,4,,,1i-3,,,Pass,,1i-3 A Training,1i-3 A Training,5,Training02,TrainingA,34efq7,1,response,WOUX WAN,2399,4365,4377,2399,4365,4377,1,2399,1978,0,,Single Text Entry,TextResponseA,4,object-97,1i-3,_,08,1i-3_08,2,Training02,28_GALLEONS,ASK,.png,28_GALLEONS_ASK.png,WOUX,WAN,28_GALLEONS_WOUX_WAN.png,,WOUX WAN,39_STOPHAGRID_ASK.png,39_STOPHAGRID_DOTS.png,ZETH WAN,WOUX WAN,WOUX WAN,ZETH WAN,39_STOPHAGRID_ZETH_WAN.png,ZETH WAN,,,,,
22,1712311462971,05/04/2024 10:04:22,1712315062971,1,05/04/2024 12:04:22,139619,19,task-eihb,,36766343,BLIND,10840340,,complete,,660fcae292013699d6dc05b5,computer,Desktop or Laptop,Mac OS 10.15.7,Safari 17.4,1680x1050,1680x970,,,0,1i-3 A Training,4,,,1i-3,,,Pass,,1i-3 A Training,1i-3 A Training,5,Training02,TrainingB,2yfdu9,2,response,,2447,2434,2447,2447,2434,2447,1,2447,0,0,,Click Response,Option A,4,object-245,1i-3,_,08,1i-3_08,2,Training02,28_GALLEONS,ASK,.png,28_GALLEONS_ASK.png,WOUX,WAN,28_GALLEONS_WOUX_WAN.png,,WOUX WAN,39_STOPHAGRID_ASK.png,39_STOPHAGRID_DOTS.png,ZETH WAN,WOUX WAN,WOUX WAN,ZETH WAN,39_STOPHAGRID_ZETH_WAN.png,ZETH WAN,,,,,
23,1712311464656,05/04/2024 10:04:24,1712315064656,1,05/04/2024 12:04:24,139619,19,task-eihb,,36766343,BLIND,10840340,,complete,,660fcae292013699d6dc05b5,computer,Desktop or Laptop,Mac OS 10.15.7,Safari 17.4,1680x1050,1680x970,,,0,1i-3 A Training,4,,,1i-3,,,Pass,,1i-3 A Training,1i-3 A Training,5,Training02,TrainingC,1ouhhw,3,continue,,1698,1667,1698,1698,1667,1698,1,1698,0,0,,Click To Continue,Continue Button,6,object-272,1i-3,_,08,1i-3_08,2,Training02,28_GALLEONS,ASK,.png,28_GALLEONS_ASK.png,WOUX,WAN,28_GALLEONS_WOUX_WAN.png,,WOUX WAN,39_STOPHAGRID_ASK.png,39_STOPHAGRID_DOTS.png,ZETH WAN,WOUX WAN,WOUX WAN,ZETH WAN,39_STOPHAGRID_ZETH_WAN.png,ZETH WAN,,,,,
24,1712311470886,05/04/2024 10:04:30,1712315070886,1,05/04/2024 12:04:30,139619,19,task-eihb,,36766343,BLIND,10840340,,complete,,660fcae292013699d6dc05b5,computer,Desktop or Laptop,Mac OS 10.15.7,Safari 17.4,1680x1050,1680x970,,,0,1i-3 A Training,4,,,1i-3,,,Pass,,1i-3 A Training,1i-3 A Training,6,Training02,TrainingA,34efq7,1,response,ZETH WAN,3566,6233,6260,3566,6233,6260,1,3566,2694,0,,Single Text Entry,TextResponseA,4,object-97,1i-3,_,06,1i-3_06,2,Training02,12_SKEETER,ASK,.png,12_SKEETER_ASK.png,ZETH,WAN,12_SKEETER_ZETH_WAN.png,,ZETH WAN,12_SKEETER_ASK.png,12_SKEETER_DOTS.png,FICH WUNG,ZETH WAN,ZETH WAN,FICH WUNG,12_SKEETER_FICH_WUNG.png,FICH WUNG,,,,,
25,1712311472370,05/04/2024 10:04:32,1712315072370,1,05/04/2024 12:04:32,139619,19,task-eihb,,36766343,BLIND,10840340,,complete,,660fcae292013699d6dc05b5,computer,Desktop or Laptop,Mac OS 10.15.7,Safari 17.4,1680x1050,1680x970,,,0,1i-3 A Training,4,,,1i-3,,,Pass,,1i-3 A Training,1i-3 A Training,6,Training02,TrainingB,2yfdu9,2,response,,1512,1500,1512,1512,1500,1512,1,1512,0,0,,Click Response,Option A,4,object-245,1i-3,_,06,1i-3_06,2,Training02,12_SKEETER,ASK,.png,12_SKEETER_ASK.png,ZETH,WAN,12_SKEETER_ZETH_WAN.png,,ZETH WAN,12_SKEETER_ASK.png,12_SKEETER_DOTS.png,FICH WUNG,ZETH WAN,ZETH WAN,FICH WUNG,12_SKEETER_FICH_WUNG.png,FICH WUNG,,,,,
26,1712311473339,05/04/2024 10:04:33,1712315073339,1,05/04/2024 12:04:33,139619,19,task-eihb,,36766343,BLIND,10840340,,complete,,660fcae292013699d6dc05b5,computer,Desktop or Laptop,Mac OS 10.15.7,Safari 17.4,1680x1050,1680x970,,,0,1i-3 A Training,4,,,1i-3,,,Pass,,1i-3 A Training,1i-3 A Training,6,Training02,TrainingC,1ouhhw,3,continue,,980,966,980,980,966,980,1,980,0,0,,Click To Continue,Continue Button,6,object-272,1i-3,_,06,1i-3_06,2,Training02,12_SKEETER,ASK,.png,12_SKEETER_ASK.png,ZETH,WAN,12_SKEETER_ZETH_WAN.png,,ZETH WAN,12_SKEETER_ASK.png,12_SKEETER_DOTS.png,FICH WUNG,ZETH WAN,ZETH WAN,FICH WUNG,12_SKEETER_FICH_WUNG.png,FICH WUNG,,,,,
27,1712311480387,05/04/2024 10:04:40,1712315080387,1,05/04/2024 12:04:40,139619,19,task-eihb,,36766343,BLIND,10840340,,complete,,660fcae292013699d6dc05b5,computer,Desktop or Laptop,Mac OS 10.15.7,Safari 17.4,1680x1050,1680x970,,,0,1i-3 A Training,4,,,1i-3,,,Pass,,1i-3 A Training,1i-3 A Training,7,Training02,TrainingA,34efq7,1,response,RUSP WIM,3034,7035,7062.000000000015,3034,7035,7062.000000000015,1,3034,4028.0000000000146,0,,Single Text Entry,TextResponseA,4,object-97,1i-3,_,07,1i-3_07,2,Training02,34_FANLETTERS,ASK,.png,34_FANLETTERS_ASK.png,RUSP,WIM,34_FANLETTERS_RUSP_WIM.png,,RUSP WIM,34_FANLETTERS_ASK.png,34_FANLETTERS_DOTS.png,RUSP WIM,WOUX WAN,RUSP WIM,WOUX WAN,34_FANLETTERS_WOUX_WAN.png,,WOUX WAN,,,,
28,1712311481404,05/04/2024 10:04:41,1712315081404,1,05/04/2024 12:04:41,139619,19,task-eihb,,36766343,BLIND,10840340,,complete,,660fcae292013699d6dc05b5,computer,Desktop or Laptop,Mac OS 10.15.7,Safari 17.4,1680x1050,1680x970,,,0,1i-3 A Training,4,,,1i-3,,,Pass,,1i-3 A Training,1i-3 A Training,7,Training02,TrainingB,2yfdu9,2,response,,1044,1032,1044,1044,1032,1044,1,1044,0,0,,Click Response,Option B,5,object-246,1i-3,_,07,1i-3_07,2,Training02,34_FANLETTERS,ASK,.png,34_FANLETTERS_ASK.png,RUSP,WIM,34_FANLETTERS_RUSP_WIM.png,,RUSP WIM,34_FANLETTERS_ASK.png,34_FANLETTERS_DOTS.png,RUSP WIM,WOUX WAN,RUSP WIM,WOUX WAN,34_FANLETTERS_WOUX_WAN.png,,WOUX WAN,,,,
29,1712311482354,05/04/2024 10:04:42,1712315082354,1,05/04/2024 12:04:42,139619,19,task-eihb,,36766343,BLIND,10840340,,complete,,660fcae292013699d6dc05b5,computer,Desktop or Laptop,Mac OS 10.15.7,Safari 17.4,1680x1050,1680x970,,,0,1i-3 A Training,4,,,1i-3,,,Pass,,1i-3 A Training,1i-3 A Training,7,Training02,TrainingC,1ouhhw,3,continue,,962,934,962,962,934,962,1,962,0,0,,Click To Continue,Continue Button,6,object-272,1i-3,_,07,1i-3_07,2,Training02,34_FANLETTERS,ASK,.png,34_FANLETTERS_ASK.png,RUSP,WIM,34_FANLETTERS_RUSP_WIM.png,,RUSP WIM,34_FANLETTERS_ASK.png,34_FANLETTERS_DOTS.png,RUSP WIM,WOUX WAN,RUSP WIM,WOUX WAN,34_FANLETTERS_WOUX_WAN.png,,WOUX WAN,,,,
30,1712311486686,05/04/2024 10:04:46,1712315086686,1,05/04/2024 12:04:46,139619,19,task-eihb,,36766343,BLIND,10840340,,complete,,660fcae292013699d6dc05b5,computer,Desktop or Laptop,Mac OS 10.15.7,Safari 17.4,1680x1050,1680x970,,,0,1i-3 A Training,4,,,1i-3,,,Pass,,1i-3 A Training,1i-3 A Training,8,Training02,TrainingA,34efq7,1,response,FICH WUNG,2433,4332,4360,2433,4332,4360,1,2433,1927,0,,Single Text Entry,TextResponseA,4,object-97,1i-3,_,05,1i-3_05,2,Training02,18_LIVEGODRIC,ASK,.png,18_LIVEGODRIC_ASK.png,FICH,WUNG,18_LIVEGODRIC_FICH_WUNG.png,,FICH WUNG,07_AZKABAN_ASK.png,07_AZKABAN_DOTS.png,FICH WUNG,RUSP WIM,FICH WUNG,RUSP WIM,07_AZKABAN_RUSP_WIM.png,,RUSP WIM,,,,
31,1712311488238,05/04/2024 10:04:48,1712315088238,1,05/04/2024 12:04:48,139619,19,task-eihb,,36766343,BLIND,10840340,,complete,,660fcae292013699d6dc05b5,computer,Desktop or Laptop,Mac OS 10.15.7,Safari 17.4,1680x1050,1680x970,,,0,1i-3 A Training,4,,,1i-3,,,Pass,,1i-3 A Training,1i-3 A Training,8,Training02,TrainingB,2yfdu9,2,response,,1579,1567,1579,1579,1567,1579,1,1579,0,0,,Click Response,Option B,5,object-246,1i-3,_,05,1i-3_05,2,Training02,18_LIVEGODRIC,ASK,.png,18_LIVEGODRIC_ASK.png,FICH,WUNG,18_LIVEGODRIC_FICH_WUNG.png,,FICH WUNG,07_AZKABAN_ASK.png,07_AZKABAN_DOTS.png,FICH WUNG,RUSP WIM,FICH WUNG,RUSP WIM,07_AZKABAN_RUSP_WIM.png,,RUSP WIM,,,,
32,1712311489740,05/04/2024 10:04:49,1712315089740,1,05/04/2024 12:04:49,139619,19,task-eihb,,36766343,BLIND,10840340,,complete,,660fcae292013699d6dc05b5,computer,Desktop or Laptop,Mac OS 10.15.7,Safari 17.4,1680x1050,1680x970,,,0,1i-3 A Training,4,,,1i-3,,,Pass,,1i-3 A Training,1i-3 A Training,8,Training02,TrainingC,1ouhhw,3,continue,,1515,1501,1515,1515,1501,1515,1,1515,0,0,,Click To Continue,Continue Button,6,object-272,1i-3,_,05,1i-3_05,2,Training02,18_LIVEGODRIC,ASK,.png,18_LIVEGODRIC_ASK.png,FICH,WUNG,18_LIVEGODRIC_FICH_WUNG.png,,FICH WUNG,07_AZKABAN_ASK.png,07_AZKABAN_DOTS.png,FICH WUNG,RUSP WIM,FICH WUNG,RUSP WIM,07_AZKABAN_RUSP_WIM.png,,RUSP WIM,,,,
33,1712311495687,05/04/2024 10:04:55,1712315095687,1,05/04/2024 12:04:55,139619,19,task-eihb,,36766343,BLIND,10840340,,complete,,660fcae292013699d6dc05b5,computer,Desktop or Laptop,Mac OS 10.15.7,Safari 17.4,1680x1050,1680x970,,,0,1i-3 A Training,4,,,1i-3,,,Pass,,1i-3 A Training,1i-3 A Training,9,Training02,TrainingA,34efq7,1,response,WOUX WAN,3366,5932,5960,3366,5932,5960,1,3366,2594,0,,Single Text Entry,TextResponseA,4,object-97,1i-3,_,12,1i-3_12,3,Training02,14_MUNGOS,ASK,.png,14_MUNGOS_ASK.png,WOUX,WAN,14_MUNGOS_WOUX_WAN.png,,WOUX WAN,33_ROR_ASK.png,33_ROR_DOTS.png,FICH WUNG,WOUX WAN,WOUX WAN,FICH WUNG,33_ROR_FICH_WUNG.png,FICH WUNG,,,,,
34,1712311496804,05/04/2024 10:04:56,1712315096804,1,05/04/2024 12:04:56,139619,19,task-eihb,,36766343,BLIND,10840340,,complete,,660fcae292013699d6dc05b5,computer,Desktop or Laptop,Mac OS 10.15.7,Safari 17.4,1680x1050,1680x970,,,0,1i-3 A Training,4,,,1i-3,,,Pass,,1i-3 A Training,1i-3 A Training,9,Training02,TrainingB,2yfdu9,2,response,,1146.0000000000146,1135,1146.0000000000146,1146.0000000000146,1135,1146.0000000000146,1,1146.0000000000146,0,0,,Click Response,Option A,4,object-245,1i-3,_,12,1i-3_12,3,Training02,14_MUNGOS,ASK,.png,14_MUNGOS_ASK.png,WOUX,WAN,14_MUNGOS_WOUX_WAN.png,,WOUX WAN,33_ROR_ASK.png,33_ROR_DOTS.png,FICH WUNG,WOUX WAN,WOUX WAN,FICH WUNG,33_ROR_FICH_WUNG.png,FICH WUNG,,,,,
35,1712311497556,05/04/2024 10:04:57,1712315097556,1,05/04/2024 12:04:57,139619,19,task-eihb,,36766343,BLIND,10840340,,complete,,660fcae292013699d6dc05b5,computer,Desktop or Laptop,Mac OS 10.15.7,Safari 17.4,1680x1050,1680x970,,,0,1i-3 A Training,4,,,1i-3,,,Pass,,1i-3 A Training,1i-3 A Training,9,Training02,TrainingC,1ouhhw,3,continue,,762,732,762,762,732,762,1,762,0,0,,Click To Continue,Continue Button,6,object-272,1i-3,_,12,1i-3_12,3,Training02,14_MUNGOS,ASK,.png,14_MUNGOS_ASK.png,WOUX,WAN,14_MUNGOS_WOUX_WAN.png,,WOUX WAN,33_ROR_ASK.png,33_ROR_DOTS.png,FICH WUNG,WOUX WAN,WOUX WAN,FICH WUNG,33_ROR_FICH_WUNG.png,FICH WUNG,,,,,
36,1712311502737,05/04/2024 10:05:02,1712315102737,1,05/04/2024 12:05:02,139619,19,task-eihb,,36766343,BLIND,10840340,,complete,,660fcae292013699d6dc05b5,computer,Desktop or Laptop,Mac OS 10.15.7,Safari 17.4,1680x1050,1680x970,,,0,1i-3 A Training,4,,,1i-3,,,Pass,,1i-3 A Training,1i-3 A Training,10,Training02,TrainingA,34efq7,1,response,ZETH WAN,3000,5200,5211,3000,5200,5211,1,3000,2211,0,,Single Text Entry,TextResponseA,4,object-97,1i-3,_,10,1i-3_10,3,Training02,19_BURYVOLDY,ASK,.png,19_BURYVOLDY_ASK.png,ZETH,WAN,19_BURYVOLDY_ZETH_WAN.png,,ZETH WAN,21_TEACHHOG_ASK.png,21_TEACHHOG_DOTS.png,ZETH WAN,RUSP WIM,ZETH WAN,RUSP WIM,21_TEACHHOG_RUSP_WIM.png,,RUSP WIM,,,,
37,1712311503771,05/04/2024 10:05:03,1712315103771,1,05/04/2024 12:05:03,139619,19,task-eihb,,36766343,BLIND,10840340,,complete,,660fcae292013699d6dc05b5,computer,Desktop or Laptop,Mac OS 10.15.7,Safari 17.4,1680x1050,1680x970,,,0,1i-3 A Training,4,,,1i-3,,,Pass,,1i-3 A Training,1i-3 A Training,10,Training02,TrainingB,2yfdu9,2,response,,1046.0000000000146,1034,1046.0000000000146,1046.0000000000146,1034,1046.0000000000146,1,1046.0000000000146,0,0,,Click Response,Option B,5,object-246,1i-3,_,10,1i-3_10,3,Training02,19_BURYVOLDY,ASK,.png,19_BURYVOLDY_ASK.png,ZETH,WAN,19_BURYVOLDY_ZETH_WAN.png,,ZETH WAN,21_TEACHHOG_ASK.png,21_TEACHHOG_DOTS.png,ZETH WAN,RUSP WIM,ZETH WAN,RUSP WIM,21_TEACHHOG_RUSP_WIM.png,,RUSP WIM,,,,
38,1712311504819,05/04/2024 10:05:04,1712315104819,1,05/04/2024 12:05:04,139619,19,task-eihb,,36766343,BLIND,10840340,,complete,,660fcae292013699d6dc05b5,computer,Desktop or Laptop,Mac OS 10.15.7,Safari 17.4,1680x1050,1680x970,,,0,1i-3 A Training,4,,,1i-3,,,Pass,,1i-3 A Training,1i-3 A Training,10,Training02,TrainingC,1ouhhw,3,continue,,1059,1032,1059,1059,1032,1059,1,1059,0,0,,Click To Continue,Continue Button,6,object-272,1i-3,_,10,1i-3_10,3,Training02,19_BURYVOLDY,ASK,.png,19_BURYVOLDY_ASK.png,ZETH,WAN,19_BURYVOLDY_ZETH_WAN.png,,ZETH WAN,21_TEACHHOG_ASK.png,21_TEACHHOG_DOTS.png,ZETH WAN,RUSP WIM,ZETH WAN,RUSP WIM,21_TEACHHOG_RUSP_WIM.png,,RUSP WIM,,,,
39,1712311509020,05/04/2024 10:05:09,1712315109020,1,05/04/2024 12:05:09,139619,19,task-eihb,,36766343,BLIND,10840340,,complete,,660fcae292013699d6dc05b5,computer,Desktop or Laptop,Mac OS 10.15.7,Safari 17.4,1680x1050,1680x970,,,0,1i-3 A Training,4,,,1i-3,,,Pass,,1i-3 A Training,1i-3 A Training,11,Training02,TrainingA,34efq7,1,response,FICH WUNG,2167,4201,4228.000000000015,2167,4201,4228.000000000015,1,2167,2061.0000000000146,0,,Single Text Entry,TextResponseA,4,object-97,1i-3,_,09,1i-3_09,3,Training02,32_QWC,ASK,.png,32_QWC_ASK.png,FICH,WUNG,32_QWC_FICH_WUNG.png,,FICH WUNG,13_QUIBBLER_ASK.png,13_QUIBBLER_DOTS.png,FICH WUNG,WOUX WAN,FICH WUNG,WOUX WAN,13_QUIBBLER_WOUX_WAN.png,,WOUX WAN,,,,
40,1712311509989,05/04/2024 10:05:09,1712315109989,1,05/04/2024 12:05:09,139619,19,task-eihb,,36766343,BLIND,10840340,,complete,,660fcae292013699d6dc05b5,computer,Desktop or Laptop,Mac OS 10.15.7,Safari 17.4,1680x1050,1680x970,,,0,1i-3 A Training,4,,,1i-3,,,Pass,,1i-3 A Training,1i-3 A Training,11,Training02,TrainingB,2yfdu9,2,response,,996,967,996,996,967,996,1,996,0,0,,Click Response,Option B,5,object-246,1i-3,_,09,1i-3_09,3,Training02,32_QWC,ASK,.png,32_QWC_ASK.png,FICH,WUNG,32_QWC_FICH_WUNG.png,,FICH WUNG,13_QUIBBLER_ASK.png,13_QUIBBLER_DOTS.png,FICH WUNG,WOUX WAN,FICH WUNG,WOUX WAN,13_QUIBBLER_WOUX_WAN.png,,WOUX WAN,,,,
41,1712311510807,05/04/2024 10:05:10,1712315110807,1,05/04/2024 12:05:10,139619,19,task-eihb,,36766343,BLIND,10840340,,complete,,660fcae292013699d6dc05b5,computer,Desktop or Laptop,Mac OS 10.15.7,Safari 17.4,1680x1050,1680x970,,,0,1i-3 A Training,4,,,1i-3,,,Pass,,1i-3 A Training,1i-3 A Training,11,Training02,TrainingC,1ouhhw,3,continue,,847,832,847,847,832,847,1,847,0,0,,Click To Continue,Continue Button,6,object-272,1i-3,_,09,1i-3_09,3,Training02,32_QWC,ASK,.png,32_QWC_ASK.png,FICH,WUNG,32_QWC_FICH_WUNG.png,,FICH WUNG,13_QUIBBLER_ASK.png,13_QUIBBLER_DOTS.png,FICH WUNG,WOUX WAN,FICH WUNG,WOUX WAN,13_QUIBBLER_WOUX_WAN.png,,WOUX WAN,,,,
42,1712311515503,05/04/2024 10:05:15,1712315115503,1,05/04/2024 12:05:15,139619,19,task-eihb,,36766343,BLIND,10840340,,complete,,660fcae292013699d6dc05b5,computer,Desktop or Laptop,Mac OS 10.15.7,Safari 17.4,1680x1050,1680x970,,,0,1i-3 A Training,4,,,1i-3,,,Pass,,1i-3 A Training,1i-3 A Training,12,Training02,TrainingA,34efq7,1,response,RUSP WIM,1567,4700,4711.000000000029,1567,4700,4711.000000000029,1,1567,3144.000000000029,0,,Single Text Entry,TextResponseA,4,object-97,1i-3,_,11,1i-3_11,3,Training02,27_BESTSELLER,ASK,.png,27_BESTSELLER_ASK.png,RUSP,WIM,27_BESTSELLER_RUSP_WIM.png,,RUSP WIM,25_PROSECUTE_ASK.png,25_PROSECUTE_DOTS.png,ZETH WAN,RUSP WIM,RUSP WIM,ZETH WAN,25_PROSECUTE_ZETH_WAN.png,ZETH WAN,,,,,
43,1712311517639,05/04/2024 10:05:17,1712315117639,1,05/04/2024 12:05:17,139619,19,task-eihb,,36766343,BLIND,10840340,,complete,,660fcae292013699d6dc05b5,computer,Desktop or Laptop,Mac OS 10.15.7,Safari 17.4,1680x1050,1680x970,,,0,1i-3 A Training,4,,,1i-3,,,Pass,,1i-3 A Training,1i-3 A Training,12,Training02,TrainingB,2yfdu9,2,response,,2147,2135,2147,2147,2135,2147,1,2147,0,0,,Click Response,Option A,4,object-245,1i-3,_,11,1i-3_11,3,Training02,27_BESTSELLER,ASK,.png,27_BESTSELLER_ASK.png,RUSP,WIM,27_BESTSELLER_RUSP_WIM.png,,RUSP WIM,25_PROSECUTE_ASK.png,25_PROSECUTE_DOTS.png,ZETH WAN,RUSP WIM,RUSP WIM,ZETH WAN,25_PROSECUTE_ZETH_WAN.png,ZETH WAN,,,,,
44,1712311518891,05/04/2024 10:05:18,1712315118891,1,05/04/2024 12:05:18,139619,19,task-eihb,,36766343,BLIND,10840340,,complete,,660fcae292013699d6dc05b5,computer,Desktop or Laptop,Mac OS 10.15.7,Safari 17.4,1680x1050,1680x970,,,0,1i-3 A Training,4,,,1i-3,,,Pass,,1i-3 A Training,1i-3 A Training,12,Training02,TrainingC,1ouhhw,3,continue,,1263,1233,1263,1263,1233,1263,1,1263,0,0,,Click To Continue,Continue Button,6,object-272,1i-3,_,11,1i-3_11,3,Training02,27_BESTSELLER,ASK,.png,27_BESTSELLER_ASK.png,RUSP,WIM,27_BESTSELLER_RUSP_WIM.png,,RUSP WIM,25_PROSECUTE_ASK.png,25_PROSECUTE_DOTS.png,ZETH WAN,RUSP WIM,RUSP WIM,ZETH WAN,25_PROSECUTE_ZETH_WAN.png,ZETH WAN,,,,,
45,1712311523604,05/04/2024 10:05:23,1712315123604,1,05/04/2024 12:05:23,139619,19,task-eihb,,36766343,BLIND,10840340,,complete,,660fcae292013699d6dc05b5,computer,Desktop or Laptop,Mac OS 10.15.7,Safari 17.4,1680x1050,1680x970,,,0,1i-3 A Training,4,,,1i-3,,,Pass,,1i-3 A Training,1i-3 A Training,13,Training02,TrainingA,34efq7,1,response,RUSP WIM,2932,4732,4744.000000000029,2932,4732,4744.000000000029,1,2932,1812.000000000029,0,,Single Text Entry,TextResponseA,4,object-97,1i-3,_,15,1i-3_15,4,Training02,06_MOM,ASK,.png,06_MOM_ASK.png,RUSP,WIM,06_MOM_RUSP_WIM.png,,RUSP WIM,26_ERISED_ASK.png,26_ERISED_DOTS.png,RUSP WIM,FICH WUNG,RUSP WIM,FICH WUNG,26_ERISED_FICH_WUNG.png,,FICH WUNG,,,,
46,1712311524722,05/04/2024 10:05:24,1712315124722,1,05/04/2024 12:05:24,139619,19,task-eihb,,36766343,BLIND,10840340,,complete,,660fcae292013699d6dc05b5,computer,Desktop or Laptop,Mac OS 10.15.7,Safari 17.4,1680x1050,1680x970,,,0,1i-3 A Training,4,,,1i-3,,,Pass,,1i-3 A Training,1i-3 A Training,13,Training02,TrainingB,2yfdu9,2,response,,1130,1101,1130,1130,1101,1130,1,1130,0,0,,Click Response,Option B,5,object-246,1i-3,_,15,1i-3_15,4,Training02,06_MOM,ASK,.png,06_MOM_ASK.png,RUSP,WIM,06_MOM_RUSP_WIM.png,,RUSP WIM,26_ERISED_ASK.png,26_ERISED_DOTS.png,RUSP WIM,FICH WUNG,RUSP WIM,FICH WUNG,26_ERISED_FICH_WUNG.png,,FICH WUNG,,,,
47,1712311525540,05/04/2024 10:05:25,1712315125540,1,05/04/2024 12:05:25,139619,19,task-eihb,,36766343,BLIND,10840340,,complete,,660fcae292013699d6dc05b5,computer,Desktop or Laptop,Mac OS 10.15.7,Safari 17.4,1680x1050,1680x970,,,0,1i-3 A Training,4,,,1i-3,,,Pass,,1i-3 A Training,1i-3 A Training,13,Training02,TrainingC,1ouhhw,3,continue,,846,832,846,846,832,846,1,846,0,0,,Click To Continue,Continue Button,6,object-272,1i-3,_,15,1i-3_15,4,Training02,06_MOM,ASK,.png,06_MOM_ASK.png,RUSP,WIM,06_MOM_RUSP_WIM.png,,RUSP WIM,26_ERISED_ASK.png,26_ERISED_DOTS.png,RUSP WIM,FICH WUNG,RUSP WIM,FICH WUNG,26_ERISED_FICH_WUNG.png,,FICH WUNG,,,,
48,1712311529554,05/04/2024 10:05:29,1712315129554,1,05/04/2024 12:05:29,139619,19,task-eihb,,36766343,BLIND,10840340,,complete,,660fcae292013699d6dc05b5,computer,Desktop or Laptop,Mac OS 10.15.7,Safari 17.4,1680x1050,1680x970,,,0,1i-3 A Training,4,,,1i-3,,,Pass,,1i-3 A Training,1i-3 A Training,14,Training02,TrainingA,34efq7,1,response,FICH WUNG,2301,4000,4028,2301,4000,4028,1,2301,1727,0,,Single Text Entry,TextResponseA,4,object-97,1i-3,_,13,1i-3_13,4,Training02,11_RONWAND,ASK,.png,11_RONWAND_ASK.png,FICH,WUNG,11_RONWAND_FICH_WUNG.png,,FICH WUNG,06_MOM_ASK.png,06_MOM_DOTS.png,ZETH WAN,FICH WUNG,FICH WUNG,ZETH WAN,06_MOM_ZETH_WAN.png,ZETH WAN,,,,,
49,1712311530922,05/04/2024 10:05:30,1712315130922,1,05/04/2024 12:05:30,139619,19,task-eihb,,36766343,BLIND,10840340,,complete,,660fcae292013699d6dc05b5,computer,Desktop or Laptop,Mac OS 10.15.7,Safari 17.4,1680x1050,1680x970,,,0,1i-3 A Training,4,,,1i-3,,,Pass,,1i-3 A Training,1i-3 A Training,14,Training02,TrainingB,2yfdu9,2,response,,1396,1368,1396,1396,1368,1396,1,1396,0,0,,Click Response,Option A,4,object-245,1i-3,_,13,1i-3_13,4,Training02,11_RONWAND,ASK,.png,11_RONWAND_ASK.png,FICH,WUNG,11_RONWAND_FICH_WUNG.png,,FICH WUNG,06_MOM_ASK.png,06_MOM_DOTS.png,ZETH WAN,FICH WUNG,FICH WUNG,ZETH WAN,06_MOM_ZETH_WAN.png,ZETH WAN,,,,,
50,1712311532141,05/04/2024 10:05:32,1712315132141,1,05/04/2024 12:05:32,139619,19,task-eihb,,36766343,BLIND,10840340,,complete,,660fcae292013699d6dc05b5,computer,Desktop or Laptop,Mac OS 10.15.7,Safari 17.4,1680x1050,1680x970,,,0,1i-3 A Training,4,,,1i-3,,,Pass,,1i-3 A Training,1i-3 A Training,14,Training02,TrainingC,1ouhhw,3,continue,,1247.000000000029,1232,1247.000000000029,1247.000000000029,1232,1247.000000000029,1,1247.000000000029,0,0,,Click To Continue,Continue Button,6,object-272,1i-3,_,13,1i-3_13,4,Training02,11_RONWAND,ASK,.png,11_RONWAND_ASK.png,FICH,WUNG,11_RONWAND_FICH_WUNG.png,,FICH WUNG,06_MOM_ASK.png,06_MOM_DOTS.png,ZETH WAN,FICH WUNG,FICH WUNG,ZETH WAN,06_MOM_ZETH_WAN.png,ZETH WAN,,,,,
51,1712311535737,05/04/2024 10:05:35,1712315135737,1,05/04/2024 12:05:35,139619,19,task-eihb,,36766343,BLIND,10840340,,complete,,660fcae292013699d6dc05b5,computer,Desktop or Laptop,Mac OS 10.15.7,Safari 17.4,1680x1050,1680x970,,,0,1i-3 A Training,4,,,1i-3,,,Pass,,1i-3 A Training,1i-3 A Training,15,Training02,TrainingA,34efq7,1,response,ZETH WAN,1767,3600,3611,1767,3600,3611,1,1767,1844,0,,Single Text Entry,TextResponseA,4,object-97,1i-3,_,14,1i-3_14,4,Training02,33_ROR,ASK,.png,33_ROR_ASK.png,ZETH,WAN,33_ROR_ZETH_WAN.png,,ZETH WAN,19_BURYVOLDY_ASK.png,19_BURYVOLDY_DOTS.png,ZETH WAN,WOUX WAN,ZETH WAN,WOUX WAN,19_BURYVOLDY_WOUX_WAN.png,,WOUX WAN,,,,
52,1712311536756,05/04/2024 10:05:36,1712315136756,1,05/04/2024 12:05:36,139619,19,task-eihb,,36766343,BLIND,10840340,,complete,,660fcae292013699d6dc05b5,computer,Desktop or Laptop,Mac OS 10.15.7,Safari 17.4,1680x1050,1680x970,,,0,1i-3 A Training,4,,,1i-3,,,Pass,,1i-3 A Training,1i-3 A Training,15,Training02,TrainingB,2yfdu9,2,response,,1030,1001,1030,1030,1001,1030,1,1030,0,0,,Click Response,Option B,5,object-246,1i-3,_,14,1i-3_14,4,Training02,33_ROR,ASK,.png,33_ROR_ASK.png,ZETH,WAN,33_ROR_ZETH_WAN.png,,ZETH WAN,19_BURYVOLDY_ASK.png,19_BURYVOLDY_DOTS.png,ZETH WAN,WOUX WAN,ZETH WAN,WOUX WAN,19_BURYVOLDY_WOUX_WAN.png,,WOUX WAN,,,,
53,1712311537657,05/04/2024 10:05:37,1712315137657,1,05/04/2024 12:05:37,139619,19,task-eihb,,36766343,BLIND,10840340,,complete,,660fcae292013699d6dc05b5,computer,Desktop or Laptop,Mac OS 10.15.7,Safari 17.4,1680x1050,1680x970,,,0,1i-3 A Training,4,,,1i-3,,,Pass,,1i-3 A Training,1i-3 A Training,15,Training02,TrainingC,1ouhhw,3,continue,,930,899,930,930,899,930,1,930,0,0,,Click To Continue,Continue Button,6,object-272,1i-3,_,14,1i-3_14,4,Training02,33_ROR,ASK,.png,33_ROR_ASK.png,ZETH,WAN,33_ROR_ZETH_WAN.png,,ZETH WAN,19_BURYVOLDY_ASK.png,19_BURYVOLDY_DOTS.png,ZETH WAN,WOUX WAN,ZETH WAN,WOUX WAN,19_BURYVOLDY_WOUX_WAN.png,,WOUX WAN,,,,
54,1712311541986,05/04/2024 10:05:41,1712315141986,1,05/04/2024 12:05:41,139619,19,task-eihb,,36766343,BLIND,10840340,,complete,,660fcae292013699d6dc05b5,computer,Desktop or Laptop,Mac OS 10.15.7,Safari 17.4,1680x1050,1680x970,,,0,1i-3 A Training,4,,,1i-3,,,Pass,,1i-3 A Training,1i-3 A Training,16,Training02,TrainingA,34efq7,1,response,WOUX WAN,2167,4335,4361,2167,4335,4361,1,2167,2194,0,,Single Text Entry,TextResponseA,4,object-97,1i-3,_,16,1i-3_16,4,Training02,42_ENGLAND,ASK,.png,42_ENGLAND_ASK.png,WOUX,WAN,42_ENGLAND_WOUX_WAN.png,,WOUX WAN,41_PIXIE_ASK.png,41_PIXIE_DOTS.png,RUSP WIM,WOUX WAN,WOUX WAN,RUSP WIM,41_PIXIE_RUSP_WIM.png,RUSP WIM,,,,,
55,1712311542755,05/04/2024 10:05:42,1712315142755,1,05/04/2024 12:05:42,139619,19,task-eihb,,36766343,BLIND,10840340,,complete,,660fcae292013699d6dc05b5,computer,Desktop or Laptop,Mac OS 10.15.7,Safari 17.4,1680x1050,1680x970,,,0,1i-3 A Training,4,,,1i-3,,,Pass,,1i-3 A Training,1i-3 A Training,16,Training02,TrainingB,2yfdu9,2,response,,794,765,794,794,765,794,1,794,0,0,,Click Response,Option A,4,object-245,1i-3,_,16,1i-3_16,4,Training02,42_ENGLAND,ASK,.png,42_ENGLAND_ASK.png,WOUX,WAN,42_ENGLAND_WOUX_WAN.png,,WOUX WAN,41_PIXIE_ASK.png,41_PIXIE_DOTS.png,RUSP WIM,WOUX WAN,WOUX WAN,RUSP WIM,41_PIXIE_RUSP_WIM.png,RUSP WIM,,,,,
56,1712311543469,05/04/2024 10:05:43,1712315143469,1,05/04/2024 12:05:43,139619,19,task-eihb,,36766343,BLIND,10840340,,complete,,660fcae292013699d6dc05b5,computer,Desktop or Laptop,Mac OS 10.15.7,Safari 17.4,1680x1050,1680x970,,,0,1i-3 A Training,4,,,1i-3,,,Pass,,1i-3 A Training,1i-3 A Training,16,Training02,TrainingC,1ouhhw,3,continue,,743,734,743,743,734,743,1,743,0,0,,Click To Continue,Continue Button,6,object-272,1i-3,_,16,1i-3_16,4,Training02,42_ENGLAND,ASK,.png,42_ENGLAND_ASK.png,WOUX,WAN,42_ENGLAND_WOUX_WAN.png,,WOUX WAN,41_PIXIE_ASK.png,41_PIXIE_DOTS.png,RUSP WIM,WOUX WAN,WOUX WAN,RUSP WIM,41_PIXIE_RUSP_WIM.png,RUSP WIM,,,,,
57,1712311548554,05/04/2024 10:05:48,1712315148554,1,05/04/2024 12:05:48,139619,19,task-eihb,,36766343,BLIND,10840340,,complete,,660fcae292013699d6dc05b5,computer,Desktop or Laptop,Mac OS 10.15.7,Safari 17.4,1680x1050,1680x970,,,0,1i-3 A Training,4,,,1i-3,,,Pass,,1i-3 A Training,1i-3 A Training,17,Training02,TrainingA,34efq7,1,response,FICH WUNG,1633,5066,5094,1633,5066,5094,1,1633,3461,0,,Single Text Entry,TextResponseA,4,object-97,1i-3,_,17,1i-3_17,5,Training02,25_PROSECUTE,ASK,.png,25_PROSECUTE_ASK.png,FICH,WUNG,25_PROSECUTE_FICH_WUNG.png,,FICH WUNG,04_WHEEZES_ASK.png,04_WHEEZES_DOTS.png,RUSP WIM,FICH WUNG,FICH WUNG,RUSP WIM,04_WHEEZES_RUSP_WIM.png,RUSP WIM,,,,,
58,1712311549670,05/04/2024 10:05:49,1712315149670,1,05/04/2024 12:05:49,139619,19,task-eihb,,36766343,BLIND,10840340,,complete,,660fcae292013699d6dc05b5,computer,Desktop or Laptop,Mac OS 10.15.7,Safari 17.4,1680x1050,1680x970,,,0,1i-3 A Training,4,,,1i-3,,,Pass,,1i-3 A Training,1i-3 A Training,17,Training02,TrainingB,2yfdu9,2,response,,1144,1134,1144,1144,1134,1144,1,1144,0,0,,Click Response,Option A,4,object-245,1i-3,_,17,1i-3_17,5,Training02,25_PROSECUTE,ASK,.png,25_PROSECUTE_ASK.png,FICH,WUNG,25_PROSECUTE_FICH_WUNG.png,,FICH WUNG,04_WHEEZES_ASK.png,04_WHEEZES_DOTS.png,RUSP WIM,FICH WUNG,FICH WUNG,RUSP WIM,04_WHEEZES_RUSP_WIM.png,RUSP WIM,,,,,
59,1712311550520,05/04/2024 10:05:50,1712315150520,1,05/04/2024 12:05:50,139619,19,task-eihb,,36766343,BLIND,10840340,,complete,,660fcae292013699d6dc05b5,computer,Desktop or Laptop,Mac OS 10.15.7,Safari 17.4,1680x1050,1680x970,,,0,1i-3 A Training,4,,,1i-3,,,Pass,,1i-3 A Training,1i-3 A Training,17,Training02,TrainingC,1ouhhw,3,continue,,859,833,859,859,833,859,1,859,0,0,,Click To Continue,Continue Button,6,object-272,1i-3,_,17,1i-3_17,5,Training02,25_PROSECUTE,ASK,.png,25_PROSECUTE_ASK.png,FICH,WUNG,25_PROSECUTE_FICH_WUNG.png,,FICH WUNG,04_WHEEZES_ASK.png,04_WHEEZES_DOTS.png,RUSP WIM,FICH WUNG,FICH WUNG,RUSP WIM,04_WHEEZES_RUSP_WIM.png,RUSP WIM,,,,,
60,1712311554488,05/04/2024 10:05:54,1712315154488,1,05/04/2024 12:05:54,139619,19,task-eihb,,36766343,BLIND,10840340,,complete,,660fcae292013699d6dc05b5,computer,Desktop or Laptop,Mac OS 10.15.7,Safari 17.4,1680x1050,1680x970,,,0,1i-3 A Training,4,,,1i-3,,,Pass,,1i-3 A Training,1i-3 A Training,18,Training02,TrainingA,34efq7,1,response,ZETH WAN,1566,3967,3995,1566,3967,3995,1,1566,2429,0,,Single Text Entry,TextResponseA,4,object-97,1i-3,_,18,1i-3_18,5,Training02,05_AUROR,ASK,.png,05_AUROR_ASK.png,ZETH,WAN,05_AUROR_ZETH_WAN.png,,ZETH WAN,11_RONWAND_ASK.png,11_RONWAND_DOTS.png,ZETH WAN,FICH WUNG,ZETH WAN,FICH WUNG,11_RONWAND_FICH_WUNG.png,,FICH WUNG,,,,
61,1712311555605,05/04/2024 10:05:55,1712315155605,1,05/04/2024 12:05:55,139619,19,task-eihb,,36766343,BLIND,10840340,,complete,,660fcae292013699d6dc05b5,computer,Desktop or Laptop,Mac OS 10.15.7,Safari 17.4,1680x1050,1680x970,,,0,1i-3 A Training,4,,,1i-3,,,Pass,,1i-3 A Training,1i-3 A Training,18,Training02,TrainingB,2yfdu9,2,response,,1144,1134,1144,1144,1134,1144,1,1144,0,0,,Click Response,Option B,5,object-246,1i-3,_,18,1i-3_18,5,Training02,05_AUROR,ASK,.png,05_AUROR_ASK.png,ZETH,WAN,05_AUROR_ZETH_WAN.png,,ZETH WAN,11_RONWAND_ASK.png,11_RONWAND_DOTS.png,ZETH WAN,FICH WUNG,ZETH WAN,FICH WUNG,11_RONWAND_FICH_WUNG.png,,FICH WUNG,,,,
62,1712311556287,05/04/2024 10:05:56,1712315156287,1,05/04/2024 12:05:56,139619,19,task-eihb,,36766343,BLIND,10840340,,complete,,660fcae292013699d6dc05b5,computer,Desktop or Laptop,Mac OS 10.15.7,Safari 17.4,1680x1050,1680x970,,,0,1i-3 A Training,4,,,1i-3,,,Pass,,1i-3 A Training,1i-3 A Training,18,Training02,TrainingC,1ouhhw,3,continue,,693,667,693,693,667,693,1,693,0,0,,Click To Continue,Continue Button,6,object-272,1i-3,_,18,1i-3_18,5,Training02,05_AUROR,ASK,.png,05_AUROR_ASK.png,ZETH,WAN,05_AUROR_ZETH_WAN.png,,ZETH WAN,11_RONWAND_ASK.png,11_RONWAND_DOTS.png,ZETH WAN,FICH WUNG,ZETH WAN,FICH WUNG,11_RONWAND_FICH_WUNG.png,,FICH WUNG,,,,
63,1712311561004,05/04/2024 10:06:01,1712315161004,1,05/04/2024 12:06:01,139619,19,task-eihb,,36766343,BLIND,10840340,,complete,,660fcae292013699d6dc05b5,computer,Desktop or Laptop,Mac OS 10.15.7,Safari 17.4,1680x1050,1680x970,,,0,1i-3 A Training,4,,,1i-3,,,Pass,,1i-3 A Training,1i-3 A Training,19,Training02,TrainingA,34efq7,1,response,RUSP WIM,2131,4732,4742,2131,4732,4742,1,2131,2611,0,,Single Text Entry,TextResponseA,4,object-97,1i-3,_,19,1i-3_19,5,Training02,41_PIXIE,ASK,.png,41_PIXIE_ASK.png,RUSP,WIM,41_PIXIE_RUSP_WIM.png,,RUSP WIM,35_PROPHET_ASK.png,35_PROPHET_DOTS.png,WOUX WAN,RUSP WIM,RUSP WIM,WOUX WAN,35_PROPHET_WOUX_WAN.png,WOUX WAN,,,,,
64,1712311561886,05/04/2024 10:06:01,1712315161886,1,05/04/2024 12:06:01,139619,19,task-eihb,,36766343,BLIND,10840340,,complete,,660fcae292013699d6dc05b5,computer,Desktop or Laptop,Mac OS 10.15.7,Safari 17.4,1680x1050,1680x970,,,0,1i-3 A Training,4,,,1i-3,,,Pass,,1i-3 A Training,1i-3 A Training,19,Training02,TrainingB,2yfdu9,2,response,,893,867,893,893,867,893,1,893,0,0,,Click Response,Option A,4,object-245,1i-3,_,19,1i-3_19,5,Training02,41_PIXIE,ASK,.png,41_PIXIE_ASK.png,RUSP,WIM,41_PIXIE_RUSP_WIM.png,,RUSP WIM,35_PROPHET_ASK.png,35_PROPHET_DOTS.png,WOUX WAN,RUSP WIM,RUSP WIM,WOUX WAN,35_PROPHET_WOUX_WAN.png,WOUX WAN,,,,,
65,1712311563424,05/04/2024 10:06:03,1712315163424,1,05/04/2024 12:06:03,139619,19,task-eihb,,36766343,BLIND,10840340,,complete,,660fcae292013699d6dc05b5,computer,Desktop or Laptop,Mac OS 10.15.7,Safari 17.4,1680x1050,1680x970,,,0,1i-3 A Training,4,,,1i-3,,,Pass,,1i-3 A Training,1i-3 A Training,19,Training02,TrainingC,1ouhhw,3,continue,,1563,1534,1563,1563,1534,1563,1,1563,0,0,,Click To Continue,Continue Button,6,object-272,1i-3,_,19,1i-3_19,5,Training02,41_PIXIE,ASK,.png,41_PIXIE_ASK.png,RUSP,WIM,41_PIXIE_RUSP_WIM.png,,RUSP WIM,35_PROPHET_ASK.png,35_PROPHET_DOTS.png,WOUX WAN,RUSP WIM,RUSP WIM,WOUX WAN,35_PROPHET_WOUX_WAN.png,WOUX WAN,,,,,
66,1712311569904,05/04/2024 10:06:09,1712315169904,1,05/04/2024 12:06:09,139619,19,task-eihb,,36766343,BLIND,10840340,,complete,,660fcae292013699d6dc05b5,computer,Desktop or Laptop,Mac OS 10.15.7,Safari 17.4,1680x1050,1680x970,,,0,1i-3 A Training,4,,,1i-3,,,Pass,,1i-3 A Training,1i-3 A Training,20,Training02,TrainingA,34efq7,1,response,WOUX WAN,1865,6499,6509.000000000029,1865,6499,6509.000000000029,1,1865,4644.000000000029,0,,Single Text Entry,TextResponseA,4,object-97,1i-3,_,20,1i-3_20,5,Training02,21_TEACHHOG,ASK,.png,21_TEACHHOG_ASK.png,WOUX,WAN,21_TEACHHOG_WOUX_WAN.png,,WOUX WAN,42_ENGLAND_ASK.png,42_ENGLAND_DOTS.png,WOUX WAN,ZETH WAN,WOUX WAN,ZETH WAN,42_ENGLAND_ZETH_WAN.png,,ZETH WAN,,,,
67,1712311570688,05/04/2024 10:06:10,1712315170688,1,05/04/2024 12:06:10,139619,19,task-eihb,,36766343,BLIND,10840340,,complete,,660fcae292013699d6dc05b5,computer,Desktop or Laptop,Mac OS 10.15.7,Safari 17.4,1680x1050,1680x970,,,0,1i-3 A Training,4,,,1i-3,,,Pass,,1i-3 A Training,1i-3 A Training,20,Training02,TrainingB,2yfdu9,2,response,,795,767,795,795,767,795,1,795,0,0,,Click Response,Option B,5,object-246,1i-3,_,20,1i-3_20,5,Training02,21_TEACHHOG,ASK,.png,21_TEACHHOG_ASK.png,WOUX,WAN,21_TEACHHOG_WOUX_WAN.png,,WOUX WAN,42_ENGLAND_ASK.png,42_ENGLAND_DOTS.png,WOUX WAN,ZETH WAN,WOUX WAN,ZETH WAN,42_ENGLAND_ZETH_WAN.png,,ZETH WAN,,,,
68,1712311571687,05/04/2024 10:06:11,1712315171687,1,05/04/2024 12:06:11,139619,19,task-eihb,,36766343,BLIND,10840340,,complete,,660fcae292013699d6dc05b5,computer,Desktop or Laptop,Mac OS 10.15.7,Safari 17.4,1680x1050,1680x970,,,0,1i-3 A Training,4,,,1i-3,,,Pass,,1i-3 A Training,1i-3 A Training,20,Training02,TrainingC,1ouhhw,3,continue,,1026,999,1026,1026,999,1026,1,1026,0,0,,Click To Continue,Continue Button,6,object-272,1i-3,_,20,1i-3_20,5,Training02,21_TEACHHOG,ASK,.png,21_TEACHHOG_ASK.png,WOUX,WAN,21_TEACHHOG_WOUX_WAN.png,,WOUX WAN,42_ENGLAND_ASK.png,42_ENGLAND_DOTS.png,WOUX WAN,ZETH WAN,WOUX WAN,ZETH WAN,42_ENGLAND_ZETH_WAN.png,,ZETH WAN,,,,
69,1712311575072,05/04/2024 10:06:15,1712315175072,1,05/04/2024 12:06:15,139619,19,task-eihb,,36766343,BLIND,10840340,,complete,,660fcae292013699d6dc05b5,computer,Desktop or Laptop,Mac OS 10.15.7,Safari 17.4,1680x1050,1680x970,,,0,1i-3 A Training,4,,,1i-3,,,Pass,,1i-3 A Training,1i-3 A Training,21,Training02,TrainingA,34efq7,1,response,WOUX WAN,1800,3400,3412,1800,3400,3412,1,1800,1612,0,,Single Text Entry,TextResponseA,4,object-97,1i-3,_,24,1i-3_24,6,Training02,07_AZKABAN,ASK,.png,07_AZKABAN_ASK.png,WOUX,WAN,07_AZKABAN_WOUX_WAN.png,,WOUX WAN,32_QWC_ASK.png,32_QWC_DOTS.png,WOUX WAN,FICH WUNG,WOUX WAN,FICH WUNG,32_QWC_FICH_WUNG.png,,FICH WUNG,,,,
70,1712311575723,05/04/2024 10:06:15,1712315175723,1,05/04/2024 12:06:15,139619,19,task-eihb,,36766343,BLIND,10840340,,complete,,660fcae292013699d6dc05b5,computer,Desktop or Laptop,Mac OS 10.15.7,Safari 17.4,1680x1050,1680x970,,,0,1i-3 A Training,4,,,1i-3,,,Pass,,1i-3 A Training,1i-3 A Training,21,Training02,TrainingB,2yfdu9,2,response,,663,634,663,663,634,663,1,663,0,0,,Click Response,Option B,5,object-246,1i-3,_,24,1i-3_24,6,Training02,07_AZKABAN,ASK,.png,07_AZKABAN_ASK.png,WOUX,WAN,07_AZKABAN_WOUX_WAN.png,,WOUX WAN,32_QWC_ASK.png,32_QWC_DOTS.png,WOUX WAN,FICH WUNG,WOUX WAN,FICH WUNG,32_QWC_FICH_WUNG.png,,FICH WUNG,,,,
71,1712311576458,05/04/2024 10:06:16,1712315176458,1,05/04/2024 12:06:16,139619,19,task-eihb,,36766343,BLIND,10840340,,complete,,660fcae292013699d6dc05b5,computer,Desktop or Laptop,Mac OS 10.15.7,Safari 17.4,1680x1050,1680x970,,,0,1i-3 A Training,4,,,1i-3,,,Pass,,1i-3 A Training,1i-3 A Training,21,Training02,TrainingC,1ouhhw,3,continue,,764,733,764,764,733,764,1,764,0,0,,Click To Continue,Continue Button,6,object-272,1i-3,_,24,1i-3_24,6,Training02,07_AZKABAN,ASK,.png,07_AZKABAN_ASK.png,WOUX,WAN,07_AZKABAN_WOUX_WAN.png,,WOUX WAN,32_QWC_ASK.png,32_QWC_DOTS.png,WOUX WAN,FICH WUNG,WOUX WAN,FICH WUNG,32_QWC_FICH_WUNG.png,,FICH WUNG,,,,
72,1712311583204,05/04/2024 10:06:23,1712315183204,1,05/04/2024 12:06:23,139619,19,task-eihb,,36766343,BLIND,10840340,,complete,,660fcae292013699d6dc05b5,computer,Desktop or Laptop,Mac OS 10.15.7,Safari 17.4,1680x1050,1680x970,,,0,1i-3 A Training,4,,,1i-3,,,Pass,,1i-3 A Training,1i-3 A Training,22,Training02,TrainingA,34efq7,1,response,RUSP WIM,1866,6766,6777,1866,6766,6777,1,1866,4911,0,,Single Text Entry,TextResponseA,4,object-97,1i-3,_,23,1i-3_23,6,Training02,20_PULLSWORD,ASK,.png,20_PULLSWORD_ASK.png,RUSP,WIM,20_PULLSWORD_RUSP_WIM.png,,RUSP WIM,28_GALLEONS_ASK.png,28_GALLEONS_DOTS.png,RUSP WIM,ZETH WAN,RUSP WIM,ZETH WAN,28_GALLEONS_ZETH_WAN.png,,ZETH WAN,,,,
73,1712311584222,05/04/2024 10:06:24,1712315184222,1,05/04/2024 12:06:24,139619,19,task-eihb,,36766343,BLIND,10840340,,complete,,660fcae292013699d6dc05b5,computer,Desktop or Laptop,Mac OS 10.15.7,Safari 17.4,1680x1050,1680x970,,,0,1i-3 A Training,4,,,1i-3,,,Pass,,1i-3 A Training,1i-3 A Training,22,Training02,TrainingB,2yfdu9,2,response,,1029,1001,1029,1029,1001,1029,1,1029,0,0,,Click Response,Option B,5,object-246,1i-3,_,23,1i-3_23,6,Training02,20_PULLSWORD,ASK,.png,20_PULLSWORD_ASK.png,RUSP,WIM,20_PULLSWORD_RUSP_WIM.png,,RUSP WIM,28_GALLEONS_ASK.png,28_GALLEONS_DOTS.png,RUSP WIM,ZETH WAN,RUSP WIM,ZETH WAN,28_GALLEONS_ZETH_WAN.png,,ZETH WAN,,,,
74,1712311585024,05/04/2024 10:06:25,1712315185024,1,05/04/2024 12:06:25,139619,19,task-eihb,,36766343,BLIND,10840340,,complete,,660fcae292013699d6dc05b5,computer,Desktop or Laptop,Mac OS 10.15.7,Safari 17.4,1680x1050,1680x970,,,0,1i-3 A Training,4,,,1i-3,,,Pass,,1i-3 A Training,1i-3 A Training,22,Training02,TrainingC,1ouhhw,3,continue,,830,800,830,830,800,830,1,830,0,0,,Click To Continue,Continue Button,6,object-272,1i-3,_,23,1i-3_23,6,Training02,20_PULLSWORD,ASK,.png,20_PULLSWORD_ASK.png,RUSP,WIM,20_PULLSWORD_RUSP_WIM.png,,RUSP WIM,28_GALLEONS_ASK.png,28_GALLEONS_DOTS.png,RUSP WIM,ZETH WAN,RUSP WIM,ZETH WAN,28_GALLEONS_ZETH_WAN.png,,ZETH WAN,,,,
75,1712311588304,05/04/2024 10:06:28,1712315188304,1,05/04/2024 12:06:28,139619,19,task-eihb,,36766343,BLIND,10840340,,complete,,660fcae292013699d6dc05b5,computer,Desktop or Laptop,Mac OS 10.15.7,Safari 17.4,1680x1050,1680x970,,,0,1i-3 A Training,4,,,1i-3,,,Pass,,1i-3 A Training,1i-3 A Training,23,Training02,TrainingA,34efq7,1,response,FICH WUNG,1566,3300,3309,1566,3300,3309,1,1566,1743,0,,Single Text Entry,TextResponseA,4,object-97,1i-3,_,21,1i-3_21,6,Training02,39_STOPHAGRID,ASK,.png,39_STOPHAGRID_ASK.png,FICH,WUNG,39_STOPHAGRID_FICH_WUNG.png,,FICH WUNG,14_MUNGOS_ASK.png,14_MUNGOS_DOTS.png,WOUX WAN,FICH WUNG,FICH WUNG,WOUX WAN,14_MUNGOS_WOUX_WAN.png,WOUX WAN,,,,,
76,1712311589172,05/04/2024 10:06:29,1712315189172,1,05/04/2024 12:06:29,139619,19,task-eihb,,36766343,BLIND,10840340,,complete,,660fcae292013699d6dc05b5,computer,Desktop or Laptop,Mac OS 10.15.7,Safari 17.4,1680x1050,1680x970,,,0,1i-3 A Training,4,,,1i-3,,,Pass,,1i-3 A Training,1i-3 A Training,23,Training02,TrainingB,2yfdu9,2,response,,878.0000000000291,867,878.0000000000291,878.0000000000291,867,878.0000000000291,1,878.0000000000291,0,0,,Click Response,Option A,4,object-245,1i-3,_,21,1i-3_21,6,Training02,39_STOPHAGRID,ASK,.png,39_STOPHAGRID_ASK.png,FICH,WUNG,39_STOPHAGRID_FICH_WUNG.png,,FICH WUNG,14_MUNGOS_ASK.png,14_MUNGOS_DOTS.png,WOUX WAN,FICH WUNG,FICH WUNG,WOUX WAN,14_MUNGOS_WOUX_WAN.png,WOUX WAN,,,,,
77,1712311589991,05/04/2024 10:06:29,1712315189991,1,05/04/2024 12:06:29,139619,19,task-eihb,,36766343,BLIND,10840340,,complete,,660fcae292013699d6dc05b5,computer,Desktop or Laptop,Mac OS 10.15.7,Safari 17.4,1680x1050,1680x970,,,0,1i-3 A Training,4,,,1i-3,,,Pass,,1i-3 A Training,1i-3 A Training,23,Training02,TrainingC,1ouhhw,3,continue,,830,800,830,830,800,830,1,830,0,0,,Click To Continue,Continue Button,6,object-272,1i-3,_,21,1i-3_21,6,Training02,39_STOPHAGRID,ASK,.png,39_STOPHAGRID_ASK.png,FICH,WUNG,39_STOPHAGRID_FICH_WUNG.png,,FICH WUNG,14_MUNGOS_ASK.png,14_MUNGOS_DOTS.png,WOUX WAN,FICH WUNG,FICH WUNG,WOUX WAN,14_MUNGOS_WOUX_WAN.png,WOUX WAN,,,,,
78,1712311592905,05/04/2024 10:06:32,1712315192905,1,05/04/2024 12:06:32,139619,19,task-eihb,,36766343,BLIND,10840340,,complete,,660fcae292013699d6dc05b5,computer,Desktop or Laptop,Mac OS 10.15.7,Safari 17.4,1680x1050,1680x970,,,0,1i-3 A Training,4,,,1i-3,,,Pass,,1i-3 A Training,1i-3 A Training,24,Training02,TrainingA,34efq7,1,response,ZETH WAN,1365,2933,2943.000000000029,1365,2933,2943.000000000029,1,1365,1578.000000000029,0,,Single Text Entry,TextResponseA,4,object-97,1i-3,_,22,1i-3_22,6,Training02,26_ERISED,ASK,.png,26_ERISED_ASK.png,ZETH,WAN,26_ERISED_ZETH_WAN.png,,ZETH WAN,18_LIVEGODRIC_ASK.png,18_LIVEGODRIC_DOTS.png,RUSP WIM,ZETH WAN,ZETH WAN,RUSP WIM,18_LIVEGODRIC_RUSP_WIM.png,RUSP WIM,,,,,
79,1712311593738,05/04/2024 10:06:33,1712315193738,1,05/04/2024 12:06:33,139619,19,task-eihb,,36766343,BLIND,10840340,,complete,,660fcae292013699d6dc05b5,computer,Desktop or Laptop,Mac OS 10.15.7,Safari 17.4,1680x1050,1680x970,,,0,1i-3 A Training,4,,,1i-3,,,Pass,,1i-3 A Training,1i-3 A Training,24,Training02,TrainingB,2yfdu9,2,response,,843.0000000000291,833,843.0000000000291,843.0000000000291,833,843.0000000000291,1,843.0000000000291,0,0,,Click Response,Option A,4,object-245,1i-3,_,22,1i-3_22,6,Training02,26_ERISED,ASK,.png,26_ERISED_ASK.png,ZETH,WAN,26_ERISED_ZETH_WAN.png,,ZETH WAN,18_LIVEGODRIC_ASK.png,18_LIVEGODRIC_DOTS.png,RUSP WIM,ZETH WAN,ZETH WAN,RUSP WIM,18_LIVEGODRIC_RUSP_WIM.png,RUSP WIM,,,,,
80,1712311594608,05/04/2024 10:06:34,1712315194608,1,05/04/2024 12:06:34,139619,19,task-eihb,,36766343,BLIND,10840340,,complete,,660fcae292013699d6dc05b5,computer,Desktop or Laptop,Mac OS 10.15.7,Safari 17.4,1680x1050,1680x970,,,0,1i-3 A Training,4,,,1i-3,,,Pass,,1i-3 A Training,1i-3 A Training,24,Training02,TrainingC,1ouhhw,3,continue,,880,867,880,880,867,880,1,880,0,0,,Click To Continue,Continue Button,6,object-272,1i-3,_,22,1i-3_22,6,Training02,26_ERISED,ASK,.png,26_ERISED_ASK.png,ZETH,WAN,26_ERISED_ZETH_WAN.png,,ZETH WAN,18_LIVEGODRIC_ASK.png,18_LIVEGODRIC_DOTS.png,RUSP WIM,ZETH WAN,ZETH WAN,RUSP WIM,18_LIVEGODRIC_RUSP_WIM.png,RUSP WIM,,,,,
81,1712311594608,05/04/2024 10:06:34,1712315194608,1,05/04/2024 12:06:34,139619,19,task-eihb,,36766343,BLIND,10840340,,complete,,660fcae292013699d6dc05b5,computer,Desktop or Laptop,Mac OS 10.15.7,Safari 17.4,1680x1050,1680x970,,,0,1i-3 A Training,4,,,1i-3,,,Pass,,1i-3 A Training,1i-3 A Training,,,,,,5,END,,,,,,,0,,,,,,,,,,,,,,,,,,,,,,,,,,,,,,,,,,,,
1,1712311402150,05/04/2024 10:03:22,1712315002150,1,05/04/2024 12:03:22,139619,19,task-eihb,,36766367,BLIND,10840310,,complete,,660fca36f0e36819c01d8890,computer,Desktop or Laptop,Mac OS 10.15.7,Chrome 123.0.0.0,1442x726,1440x720,,,0,1i-3 A Training,4,,,1i-3,,,Pass,,1i-3 A Training,1i-3 A Training,,,,,,5,BEGIN,,,,,,,0,,,,,,,,,,,,,,,,,,,,,,,,,,,,,,,,,,,,
2,1712311408197,05/04/2024 10:03:28,1712315008197,1,05/04/2024 12:03:28,139619,19,task-eihb,,36766367,BLIND,10840310,,complete,,660fca36f0e36819c01d8890,computer,Desktop or Laptop,Mac OS 10.15.7,Chrome 123.0.0.0,1442x726,1440x720,,,0,1i-3 A Training,4,,,1i-3,,,Pass,,1i-3 A Training,1i-3 A Training,1,Instructions,Attention Check 5,4xnmv6,1,continue,,5867,5850,5867,5867,5850,5867,1,5867,0,0,,Click To Continue,Continue Button,4,object-285,,,,,,Instructions,,,,,,,,,,,,,,,,,,,,,,
3,1712311408198,05/04/2024 10:03:28,1712315008198,1,05/04/2024 12:03:28,139619,19,task-eihb,,36766367,BLIND,10840310,,complete,,660fca36f0e36819c01d8890,computer,Desktop or Laptop,Mac OS 10.15.7,Chrome 123.0.0.0,1442x726,1440x720,,,0,1i-3 A Training,4,,,1i-3,,,Pass,,1i-3 A Training,1i-3 A Training,1,Instructions,Attention Check 5,4xnmv6,1,response,Accio!,5083,5850,5867,5083,5850,5867,1,5083,784,0,,Dropdown,Dropdown5,3,object-284,,,,,,Instructions,,,,,,,,,,,,,,,,,,,,,,
4,1712311415464,05/04/2024 10:03:35,1712315015464,1,05/04/2024 12:03:35,139619,19,task-eihb,,36766367,BLIND,10840310,,complete,,660fca36f0e36819c01d8890,computer,Desktop or Laptop,Mac OS 10.15.7,Chrome 123.0.0.0,1442x726,1440x720,,,0,1i-3 A Training,4,,,1i-3,,,Pass,,1i-3 A Training,1i-3 A Training,1,Instructions,Attention Check 6,wf497f,2,continue,,7286,7284,7286,7286,7284,7286,1,7286,0,0,,Click To Continue,Continue Button,4,object-292,,,,,,Instructions,,,,,,,,,,,,,,,,,,,,,,
5,1712311415467,05/04/2024 10:03:35,1712315015467,1,05/04/2024 12:03:35,139619,19,task-eihb,,36766367,BLIND,10840310,,complete,,660fca36f0e36819c01d8890,computer,Desktop or Laptop,Mac OS 10.15.7,Chrome 123.0.0.0,1442x726,1440x720,,,0,1i-3 A Training,4,,,1i-3,,,Pass,,1i-3 A Training,1i-3 A Training,1,Instructions,Attention Check 6,wf497f,2,response,The Invisibility Cloak,6433,7284,7289,6433,7284,7289,1,6433,856,0,,Dropdown,Dropdown6,3,object-291,,,,,,Instructions,,,,,,,,,,,,,,,,,,,,,,
6,1712311420111,05/04/2024 10:03:40,1712315020111,1,05/04/2024 12:03:40,139619,19,task-eihb,,36766367,BLIND,10840310,,complete,,660fca36f0e36819c01d8890,computer,Desktop or Laptop,Mac OS 10.15.7,Chrome 123.0.0.0,1442x726,1440x720,,,0,1i-3 A Training,4,,,1i-3,,,Pass,,1i-3 A Training,1i-3 A Training,1,Instructions,Screen 22,3y4guk,3,continue,,4648,4633,4648,4648,4633,4648,1,4648,0,0,,Click To Continue,Continue Button,3,object-297,,,,,,Instructions,,,,,,,,,,,,,,,,,,,,,,
7,1712311447779,05/04/2024 10:04:07,1712315047779,1,05/04/2024 12:04:07,139619,19,task-eihb,,36766367,BLIND,10840310,,complete,,660fca36f0e36819c01d8890,computer,Desktop or Laptop,Mac OS 10.15.7,Chrome 123.0.0.0,1442x726,1440x720,,,0,1i-3 A Training,4,,,1i-3,,,Pass,,1i-3 A Training,1i-3 A Training,1,Instructions,Instructions 02,q3gk2e,4,continue,,27684,27667,27684,27684,27667,27684,1,27684,0,0,,Click To Continue,Continue Button,2,object-75,,,,,,Instructions,,,,,,,,,,,,,,,,,,,,,,
8,1712311450495,05/04/2024 10:04:10,1712315050495,1,05/04/2024 12:04:10,139619,19,task-eihb,,36766367,BLIND,10840310,,complete,,660fca36f0e36819c01d8890,computer,Desktop or Laptop,Mac OS 10.15.7,Chrome 123.0.0.0,1442x726,1440x720,,,0,1i-3 A Training,4,,,1i-3,,,Pass,,1i-3 A Training,1i-3 A Training,1,Instructions,Instructions 03,gxa3vr,5,continue,,2733,2717,2733,2733,2717,2733,1,2733,0,0,,Click To Continue,Continue Button,1,object-165,,,,,,Instructions,,,,,,,,,,,,,,,,,,,,,,
9,1712311463795,05/04/2024 10:04:23,1712315063795,1,05/04/2024 12:04:23,139619,19,task-eihb,,36766367,BLIND,10840310,,complete,,660fca36f0e36819c01d8890,computer,Desktop or Laptop,Mac OS 10.15.7,Chrome 123.0.0.0,1442x726,1440x720,,,0,1i-3 A Training,4,,,1i-3,,,Pass,,1i-3 A Training,1i-3 A Training,1,Training02,TrainingA,34efq7,1,response,ZETH WAN,11167,13300,13316,11167,13300,13316,1,11167,2149,0,,Single Text Entry,TextResponseA,4,object-97,1i-3,_,02,1i-3_02,1,Training02,40_BURYSNAPE,ASK,.png,40_BURYSNAPE_ASK.png,ZETH,WAN,40_BURYSNAPE_ZETH_WAN.png,,ZETH WAN,20_PULLSWORD_ASK.png,20_PULLSWORD_DOTS.png,WOUX WAN,ZETH WAN,ZETH WAN,WOUX WAN,20_PULLSWORD_WOUX_WAN.png,WOUX WAN,,,,,
10,1712311476395,05/04/2024 10:04:36,1712315076395,1,05/04/2024 12:04:36,139619,19,task-eihb,,36766367,BLIND,10840310,,complete,,660fca36f0e36819c01d8890,computer,Desktop or Laptop,Mac OS 10.15.7,Chrome 123.0.0.0,1442x726,1440x720,,,0,1i-3 A Training,4,,,1i-3,,,Pass,,1i-3 A Training,1i-3 A Training,1,Training02,TrainingB,2yfdu9,2,response,,12617,12600,12617,12617,12600,12617,1,12617,0,0,,Click Response,Option A,4,object-245,1i-3,_,02,1i-3_02,1,Training02,40_BURYSNAPE,ASK,.png,40_BURYSNAPE_ASK.png,ZETH,WAN,40_BURYSNAPE_ZETH_WAN.png,,ZETH WAN,20_PULLSWORD_ASK.png,20_PULLSWORD_DOTS.png,WOUX WAN,ZETH WAN,ZETH WAN,WOUX WAN,20_PULLSWORD_WOUX_WAN.png,WOUX WAN,,,,,
11,1712311480626,05/04/2024 10:04:40,1712315080626,1,05/04/2024 12:04:40,139619,19,task-eihb,,36766367,BLIND,10840310,,complete,,660fca36f0e36819c01d8890,computer,Desktop or Laptop,Mac OS 10.15.7,Chrome 123.0.0.0,1442x726,1440x720,,,0,1i-3 A Training,4,,,1i-3,,,Pass,,1i-3 A Training,1i-3 A Training,1,Training02,TrainingC,1ouhhw,3,continue,,4248,4233,4248,4248,4233,4248,1,4248,0,0,,Click To Continue,Continue Button,6,object-272,1i-3,_,02,1i-3_02,1,Training02,40_BURYSNAPE,ASK,.png,40_BURYSNAPE_ASK.png,ZETH,WAN,40_BURYSNAPE_ZETH_WAN.png,,ZETH WAN,20_PULLSWORD_ASK.png,20_PULLSWORD_DOTS.png,WOUX WAN,ZETH WAN,ZETH WAN,WOUX WAN,20_PULLSWORD_WOUX_WAN.png,WOUX WAN,,,,,
12,1712311501045,05/04/2024 10:05:01,1712315101045,1,05/04/2024 12:05:01,139619,19,task-eihb,,36766367,BLIND,10840310,,complete,,660fca36f0e36819c01d8890,computer,Desktop or Laptop,Mac OS 10.15.7,Chrome 123.0.0.0,1442x726,1440x720,,,0,1i-3 A Training,4,,,1i-3,,,Pass,,1i-3 A Training,1i-3 A Training,2,Training02,TrainingA,34efq7,1,response,FICH WUNG,18368,20417,20433,18368,20417,20433,1,18368,2065,0,,Single Text Entry,TextResponseA,4,object-97,1i-3,_,01,1i-3_01,1,Training02,04_WHEEZES,ASK,.png,04_WHEEZES_ASK.png,FICH,WUNG,04_WHEEZES_FICH_WUNG.png,,FICH WUNG,05_AUROR_ASK.png,05_AUROR_DOTS.png,FICH WUNG,ZETH WAN,FICH WUNG,ZETH WAN,05_AUROR_ZETH_WAN.png,,ZETH WAN,,,,
13,1712311507143,05/04/2024 10:05:07,1712315107143,1,05/04/2024 12:05:07,139619,19,task-eihb,,36766367,BLIND,10840310,,complete,,660fca36f0e36819c01d8890,computer,Desktop or Laptop,Mac OS 10.15.7,Chrome 123.0.0.0,1442x726,1440x720,,,0,1i-3 A Training,4,,,1i-3,,,Pass,,1i-3 A Training,1i-3 A Training,2,Training02,TrainingB,2yfdu9,2,response,,6115,6101,6115,6115,6101,6115,1,6115,0,0,,Click Response,Option B,5,object-246,1i-3,_,01,1i-3_01,1,Training02,04_WHEEZES,ASK,.png,04_WHEEZES_ASK.png,FICH,WUNG,04_WHEEZES_FICH_WUNG.png,,FICH WUNG,05_AUROR_ASK.png,05_AUROR_DOTS.png,FICH WUNG,ZETH WAN,FICH WUNG,ZETH WAN,05_AUROR_ZETH_WAN.png,,ZETH WAN,,,,
14,1712311510712,05/04/2024 10:05:10,1712315110712,1,05/04/2024 12:05:10,139619,19,task-eihb,,36766367,BLIND,10840310,,complete,,660fca36f0e36819c01d8890,computer,Desktop or Laptop,Mac OS 10.15.7,Chrome 123.0.0.0,1442x726,1440x720,,,0,1i-3 A Training,4,,,1i-3,,,Pass,,1i-3 A Training,1i-3 A Training,2,Training02,TrainingC,1ouhhw,3,continue,,3582,3566,3582,3582,3566,3582,1,3582,0,0,,Click To Continue,Continue Button,6,object-272,1i-3,_,01,1i-3_01,1,Training02,04_WHEEZES,ASK,.png,04_WHEEZES_ASK.png,FICH,WUNG,04_WHEEZES_FICH_WUNG.png,,FICH WUNG,05_AUROR_ASK.png,05_AUROR_DOTS.png,FICH WUNG,ZETH WAN,FICH WUNG,ZETH WAN,05_AUROR_ZETH_WAN.png,,ZETH WAN,,,,
15,1712311524396,05/04/2024 10:05:24,1712315124396,1,05/04/2024 12:05:24,139619,19,task-eihb,,36766367,BLIND,10840310,,complete,,660fca36f0e36819c01d8890,computer,Desktop or Laptop,Mac OS 10.15.7,Chrome 123.0.0.0,1442x726,1440x720,,,0,1i-3 A Training,4,,,1i-3,,,Pass,,1i-3 A Training,1i-3 A Training,3,Training02,TrainingA,34efq7,1,response,RUSP WIM,9966,13684,13701,9966,13684,13701,1,9966,3735,0,,Single Text Entry,TextResponseA,4,object-97,1i-3,_,03,1i-3_03,1,Training02,13_QUIBBLER,ASK,.png,13_QUIBBLER_ASK.png,RUSP,WIM,13_QUIBBLER_RUSP_WIM.png,,RUSP WIM,27_BESTSELLER_ASK.png,27_BESTSELLER_DOTS.png,FICH WUNG,RUSP WIM,RUSP WIM,FICH WUNG,27_BESTSELLER_FICH_WUNG.png,FICH WUNG,,,,,
16,1712311532045,05/04/2024 10:05:32,1712315132045,1,05/04/2024 12:05:32,139619,19,task-eihb,,36766367,BLIND,10840310,,complete,,660fca36f0e36819c01d8890,computer,Desktop or Laptop,Mac OS 10.15.7,Chrome 123.0.0.0,1442x726,1440x720,,,0,1i-3 A Training,4,,,1i-3,,,Pass,,1i-3 A Training,1i-3 A Training,3,Training02,TrainingB,2yfdu9,2,response,,7666,7650,7666,7666,7650,7666,1,7666,0,0,,Click Response,Option A,4,object-245,1i-3,_,03,1i-3_03,1,Training02,13_QUIBBLER,ASK,.png,13_QUIBBLER_ASK.png,RUSP,WIM,13_QUIBBLER_RUSP_WIM.png,,RUSP WIM,27_BESTSELLER_ASK.png,27_BESTSELLER_DOTS.png,FICH WUNG,RUSP WIM,RUSP WIM,FICH WUNG,27_BESTSELLER_FICH_WUNG.png,FICH WUNG,,,,,
17,1712311539477,05/04/2024 10:05:39,1712315139477,1,05/04/2024 12:05:39,139619,19,task-eihb,,36766367,BLIND,10840310,,complete,,660fca36f0e36819c01d8890,computer,Desktop or Laptop,Mac OS 10.15.7,Chrome 123.0.0.0,1442x726,1440x720,,,0,1i-3 A Training,4,,,1i-3,,,Pass,,1i-3 A Training,1i-3 A Training,3,Training02,TrainingC,1ouhhw,3,continue,,7449,7434,7449,7449,7434,7449,1,7449,0,0,,Click To Continue,Continue Button,6,object-272,1i-3,_,03,1i-3_03,1,Training02,13_QUIBBLER,ASK,.png,13_QUIBBLER_ASK.png,RUSP,WIM,13_QUIBBLER_RUSP_WIM.png,,RUSP WIM,27_BESTSELLER_ASK.png,27_BESTSELLER_DOTS.png,FICH WUNG,RUSP WIM,RUSP WIM,FICH WUNG,27_BESTSELLER_FICH_WUNG.png,FICH WUNG,,,,,
18,1712311555149,05/04/2024 10:05:55,1712315155149,1,05/04/2024 12:05:55,139619,19,task-eihb,,36766367,BLIND,10840310,,complete,,660fca36f0e36819c01d8890,computer,Desktop or Laptop,Mac OS 10.15.7,Chrome 123.0.0.0,1442x726,1440x720,,,0,1i-3 A Training,4,,,1i-3,,,Pass,,1i-3 A Training,1i-3 A Training,4,Training02,TrainingA,34efq7,1,response,WOUX WAN,10783,15683,15687,10783,15683,15687,1,10783,4904,0,,Single Text Entry,TextResponseA,4,object-97,1i-3,_,04,1i-3_04,1,Training02,35_PROPHET,ASK,.png,35_PROPHET_ASK.png,WOUX,WAN,35_PROPHET_WOUX_WAN.png,,WOUX WAN,40_BURYSNAPE_ASK.png,40_BURYSNAPE_DOTS.png,WOUX WAN,RUSP WIM,WOUX WAN,RUSP WIM,40_BURYSNAPE_RUSP_WIM.png,,RUSP WIM,,,,
19,1712311568013,05/04/2024 10:06:08,1712315168013,1,05/04/2024 12:06:08,139619,19,task-eihb,,36766367,BLIND,10840310,,complete,,660fca36f0e36819c01d8890,computer,Desktop or Laptop,Mac OS 10.15.7,Chrome 123.0.0.0,1442x726,1440x720,,,0,1i-3 A Training,4,,,1i-3,,,Pass,,1i-3 A Training,1i-3 A Training,4,Training02,TrainingB,2yfdu9,2,response,,12868,12851,12868,12868,12851,12868,1,12868,0,0,,Click Response,Option A,4,object-245,1i-3,_,04,1i-3_04,1,Training02,35_PROPHET,ASK,.png,35_PROPHET_ASK.png,WOUX,WAN,35_PROPHET_WOUX_WAN.png,,WOUX WAN,40_BURYSNAPE_ASK.png,40_BURYSNAPE_DOTS.png,WOUX WAN,RUSP WIM,WOUX WAN,RUSP WIM,40_BURYSNAPE_RUSP_WIM.png,,RUSP WIM,,,,
20,1712311577627,05/04/2024 10:06:17,1712315177627,1,05/04/2024 12:06:17,139619,19,task-eihb,,36766367,BLIND,10840310,,complete,,660fca36f0e36819c01d8890,computer,Desktop or Laptop,Mac OS 10.15.7,Chrome 123.0.0.0,1442x726,1440x720,,,0,1i-3 A Training,4,,,1i-3,,,Pass,,1i-3 A Training,1i-3 A Training,4,Training02,TrainingC,1ouhhw,3,continue,,9632,9616,9632,9632,9616,9632,1,9632,0,0,,Click To Continue,Continue Button,6,object-272,1i-3,_,04,1i-3_04,1,Training02,35_PROPHET,ASK,.png,35_PROPHET_ASK.png,WOUX,WAN,35_PROPHET_WOUX_WAN.png,,WOUX WAN,40_BURYSNAPE_ASK.png,40_BURYSNAPE_DOTS.png,WOUX WAN,RUSP WIM,WOUX WAN,RUSP WIM,40_BURYSNAPE_RUSP_WIM.png,,RUSP WIM,,,,
21,1712311591744,05/04/2024 10:06:31,1712315191744,1,05/04/2024 12:06:31,139619,19,task-eihb,,36766367,BLIND,10840310,,complete,,660fca36f0e36819c01d8890,computer,Desktop or Laptop,Mac OS 10.15.7,Chrome 123.0.0.0,1442x726,1440x720,,,0,1i-3 A Training,4,,,1i-3,,,Pass,,1i-3 A Training,1i-3 A Training,5,Training02,TrainingA,34efq7,1,response,ZETH WAN,7768,14117,14133,7768,14117,14133,1,7768,6365,0,,Single Text Entry,TextResponseA,4,object-97,1i-3,_,06,1i-3_06,2,Training02,12_SKEETER,ASK,.png,12_SKEETER_ASK.png,ZETH,WAN,12_SKEETER_ZETH_WAN.png,,ZETH WAN,12_SKEETER_ASK.png,12_SKEETER_DOTS.png,FICH WUNG,ZETH WAN,ZETH WAN,FICH WUNG,12_SKEETER_FICH_WUNG.png,FICH WUNG,,,,,
22,1712311594559,05/04/2024 10:06:34,1712315194559,1,05/04/2024 12:06:34,139619,19,task-eihb,,36766367,BLIND,10840310,,complete,,660fca36f0e36819c01d8890,computer,Desktop or Laptop,Mac OS 10.15.7,Chrome 123.0.0.0,1442x726,1440x720,,,0,1i-3 A Training,4,,,1i-3,,,Pass,,1i-3 A Training,1i-3 A Training,5,Training02,TrainingB,2yfdu9,2,response,,2832,2817,2832,2832,2817,2832,1,2832,0,0,,Click Response,Option B,5,object-246,1i-3,_,06,1i-3_06,2,Training02,12_SKEETER,ASK,.png,12_SKEETER_ASK.png,ZETH,WAN,12_SKEETER_ZETH_WAN.png,,ZETH WAN,12_SKEETER_ASK.png,12_SKEETER_DOTS.png,FICH WUNG,ZETH WAN,ZETH WAN,FICH WUNG,12_SKEETER_FICH_WUNG.png,FICH WUNG,,,,,
23,1712311600661,05/04/2024 10:06:40,1712315200661,1,05/04/2024 12:06:40,139619,19,task-eihb,,36766367,BLIND,10840310,,complete,,660fca36f0e36819c01d8890,computer,Desktop or Laptop,Mac OS 10.15.7,Chrome 123.0.0.0,1442x726,1440x720,,,0,1i-3 A Training,4,,,1i-3,,,Pass,,1i-3 A Training,1i-3 A Training,5,Training02,TrainingC,1ouhhw,3,continue,,6116,6100,6116,6116,6100,6116,1,6116,0,0,,Click To Continue,Continue Button,6,object-272,1i-3,_,06,1i-3_06,2,Training02,12_SKEETER,ASK,.png,12_SKEETER_ASK.png,ZETH,WAN,12_SKEETER_ZETH_WAN.png,,ZETH WAN,12_SKEETER_ASK.png,12_SKEETER_DOTS.png,FICH WUNG,ZETH WAN,ZETH WAN,FICH WUNG,12_SKEETER_FICH_WUNG.png,FICH WUNG,,,,,
24,1712311621596,05/04/2024 10:07:01,1712315221596,1,05/04/2024 12:07:01,139619,19,task-eihb,,36766367,BLIND,10840310,,complete,,660fca36f0e36819c01d8890,computer,Desktop or Laptop,Mac OS 10.15.7,Chrome 123.0.0.0,1442x726,1440x720,,,0,1i-3 A Training,4,,,1i-3,,,Pass,,1i-3 A Training,1i-3 A Training,6,Training02,TrainingA,34efq7,1,response,RUSP WIM,19034,20934,20951,19034,20934,20951,1,19034,1917,0,,Single Text Entry,TextResponseA,4,object-97,1i-3,_,07,1i-3_07,2,Training02,34_FANLETTERS,ASK,.png,34_FANLETTERS_ASK.png,RUSP,WIM,34_FANLETTERS_RUSP_WIM.png,,RUSP WIM,34_FANLETTERS_ASK.png,34_FANLETTERS_DOTS.png,RUSP WIM,WOUX WAN,RUSP WIM,WOUX WAN,34_FANLETTERS_WOUX_WAN.png,,WOUX WAN,,,,
25,1712311625278,05/04/2024 10:07:05,1712315225278,1,05/04/2024 12:07:05,139619,19,task-eihb,,36766367,BLIND,10840310,,complete,,660fca36f0e36819c01d8890,computer,Desktop or Laptop,Mac OS 10.15.7,Chrome 123.0.0.0,1442x726,1440x720,,,0,1i-3 A Training,4,,,1i-3,,,Pass,,1i-3 A Training,1i-3 A Training,6,Training02,TrainingB,2yfdu9,2,response,,3700,3684,3700,3700,3684,3700,1,3700,0,0,,Click Response,Option A,4,object-245,1i-3,_,07,1i-3_07,2,Training02,34_FANLETTERS,ASK,.png,34_FANLETTERS_ASK.png,RUSP,WIM,34_FANLETTERS_RUSP_WIM.png,,RUSP WIM,34_FANLETTERS_ASK.png,34_FANLETTERS_DOTS.png,RUSP WIM,WOUX WAN,RUSP WIM,WOUX WAN,34_FANLETTERS_WOUX_WAN.png,,WOUX WAN,,,,
26,1712311629278,05/04/2024 10:07:09,1712315229278,1,05/04/2024 12:07:09,139619,19,task-eihb,,36766367,BLIND,10840310,,complete,,660fca36f0e36819c01d8890,computer,Desktop or Laptop,Mac OS 10.15.7,Chrome 123.0.0.0,1442x726,1440x720,,,0,1i-3 A Training,4,,,1i-3,,,Pass,,1i-3 A Training,1i-3 A Training,6,Training02,TrainingC,1ouhhw,3,continue,,4016,4000,4016,4016,4000,4016,1,4016,0,0,,Click To Continue,Continue Button,6,object-272,1i-3,_,07,1i-3_07,2,Training02,34_FANLETTERS,ASK,.png,34_FANLETTERS_ASK.png,RUSP,WIM,34_FANLETTERS_RUSP_WIM.png,,RUSP WIM,34_FANLETTERS_ASK.png,34_FANLETTERS_DOTS.png,RUSP WIM,WOUX WAN,RUSP WIM,WOUX WAN,34_FANLETTERS_WOUX_WAN.png,,WOUX WAN,,,,
27,1712311641344,05/04/2024 10:07:21,1712315241344,1,05/04/2024 12:07:21,139619,19,task-eihb,,36766367,BLIND,10840310,,complete,,660fca36f0e36819c01d8890,computer,Desktop or Laptop,Mac OS 10.15.7,Chrome 123.0.0.0,1442x726,1440x720,,,0,1i-3 A Training,4,,,1i-3,,,Pass,,1i-3 A Training,1i-3 A Training,7,Training02,TrainingA,34efq7,1,response,FICH WUNG,4467,12066,12082,4467,12066,12082,1,4467,7615,0,,Single Text Entry,TextResponseA,4,object-97,1i-3,_,05,1i-3_05,2,Training02,18_LIVEGODRIC,ASK,.png,18_LIVEGODRIC_ASK.png,FICH,WUNG,18_LIVEGODRIC_FICH_WUNG.png,,FICH WUNG,07_AZKABAN_ASK.png,07_AZKABAN_DOTS.png,FICH WUNG,RUSP WIM,FICH WUNG,RUSP WIM,07_AZKABAN_RUSP_WIM.png,,RUSP WIM,,,,
28,1712311645127,05/04/2024 10:07:25,1712315245127,1,05/04/2024 12:07:25,139619,19,task-eihb,,36766367,BLIND,10840310,,complete,,660fca36f0e36819c01d8890,computer,Desktop or Laptop,Mac OS 10.15.7,Chrome 123.0.0.0,1442x726,1440x720,,,0,1i-3 A Training,4,,,1i-3,,,Pass,,1i-3 A Training,1i-3 A Training,7,Training02,TrainingB,2yfdu9,2,response,,3799,3783,3799,3799,3783,3799,1,3799,0,0,,Click Response,Option B,5,object-246,1i-3,_,05,1i-3_05,2,Training02,18_LIVEGODRIC,ASK,.png,18_LIVEGODRIC_ASK.png,FICH,WUNG,18_LIVEGODRIC_FICH_WUNG.png,,FICH WUNG,07_AZKABAN_ASK.png,07_AZKABAN_DOTS.png,FICH WUNG,RUSP WIM,FICH WUNG,RUSP WIM,07_AZKABAN_RUSP_WIM.png,,RUSP WIM,,,,
29,1712311649409,05/04/2024 10:07:29,1712315249409,1,05/04/2024 12:07:29,139619,19,task-eihb,,36766367,BLIND,10840310,,complete,,660fca36f0e36819c01d8890,computer,Desktop or Laptop,Mac OS 10.15.7,Chrome 123.0.0.0,1442x726,1440x720,,,0,1i-3 A Training,4,,,1i-3,,,Pass,,1i-3 A Training,1i-3 A Training,7,Training02,TrainingC,1ouhhw,3,continue,,4299,4283,4299,4299,4283,4299,1,4299,0,0,,Click To Continue,Continue Button,6,object-272,1i-3,_,05,1i-3_05,2,Training02,18_LIVEGODRIC,ASK,.png,18_LIVEGODRIC_ASK.png,FICH,WUNG,18_LIVEGODRIC_FICH_WUNG.png,,FICH WUNG,07_AZKABAN_ASK.png,07_AZKABAN_DOTS.png,FICH WUNG,RUSP WIM,FICH WUNG,RUSP WIM,07_AZKABAN_RUSP_WIM.png,,RUSP WIM,,,,
30,1712311657813,05/04/2024 10:07:37,1712315257813,1,05/04/2024 12:07:37,139619,19,task-eihb,,36766367,BLIND,10840310,,complete,,660fca36f0e36819c01d8890,computer,Desktop or Laptop,Mac OS 10.15.7,Chrome 123.0.0.0,1442x726,1440x720,,,0,1i-3 A Training,4,,,1i-3,,,Pass,,1i-3 A Training,1i-3 A Training,8,Training02,TrainingA,34efq7,1,response,WOUX WAN,5735,8417,8420,5735,8417,8420,1,5735,2685,0,,Single Text Entry,TextResponseA,4,object-97,1i-3,_,08,1i-3_08,2,Training02,28_GALLEONS,ASK,.png,28_GALLEONS_ASK.png,WOUX,WAN,28_GALLEONS_WOUX_WAN.png,,WOUX WAN,39_STOPHAGRID_ASK.png,39_STOPHAGRID_DOTS.png,ZETH WAN,WOUX WAN,WOUX WAN,ZETH WAN,39_STOPHAGRID_ZETH_WAN.png,ZETH WAN,,,,,
31,1712311662143,05/04/2024 10:07:42,1712315262143,1,05/04/2024 12:07:42,139619,19,task-eihb,,36766367,BLIND,10840310,,complete,,660fca36f0e36819c01d8890,computer,Desktop or Laptop,Mac OS 10.15.7,Chrome 123.0.0.0,1442x726,1440x720,,,0,1i-3 A Training,4,,,1i-3,,,Pass,,1i-3 A Training,1i-3 A Training,8,Training02,TrainingB,2yfdu9,2,response,,4333,4318,4333,4333,4318,4333,1,4333,0,0,,Click Response,Option A,4,object-245,1i-3,_,08,1i-3_08,2,Training02,28_GALLEONS,ASK,.png,28_GALLEONS_ASK.png,WOUX,WAN,28_GALLEONS_WOUX_WAN.png,,WOUX WAN,39_STOPHAGRID_ASK.png,39_STOPHAGRID_DOTS.png,ZETH WAN,WOUX WAN,WOUX WAN,ZETH WAN,39_STOPHAGRID_ZETH_WAN.png,ZETH WAN,,,,,
32,1712311673361,05/04/2024 10:07:53,1712315273361,1,05/04/2024 12:07:53,139619,19,task-eihb,,36766367,BLIND,10840310,,complete,,660fca36f0e36819c01d8890,computer,Desktop or Laptop,Mac OS 10.15.7,Chrome 123.0.0.0,1442x726,1440x720,,,0,1i-3 A Training,4,,,1i-3,,,Pass,,1i-3 A Training,1i-3 A Training,8,Training02,TrainingC,1ouhhw,3,continue,,11232,11217,11232,11232,11217,11232,1,11232,0,0,,Click To Continue,Continue Button,6,object-272,1i-3,_,08,1i-3_08,2,Training02,28_GALLEONS,ASK,.png,28_GALLEONS_ASK.png,WOUX,WAN,28_GALLEONS_WOUX_WAN.png,,WOUX WAN,39_STOPHAGRID_ASK.png,39_STOPHAGRID_DOTS.png,ZETH WAN,WOUX WAN,WOUX WAN,ZETH WAN,39_STOPHAGRID_ZETH_WAN.png,ZETH WAN,,,,,
33,1712311679963,05/04/2024 10:07:59,1712315279963,1,05/04/2024 12:07:59,139619,19,task-eihb,,36766367,BLIND,10840310,,complete,,660fca36f0e36819c01d8890,computer,Desktop or Laptop,Mac OS 10.15.7,Chrome 123.0.0.0,1442x726,1440x720,,,0,1i-3 A Training,4,,,1i-3,,,Pass,,1i-3 A Training,1i-3 A Training,9,Training02,TrainingA,34efq7,1,response,ZETH WAN,4348,6616,6619,4348,6616,6619,1,4348,2271,0,,Single Text Entry,TextResponseA,4,object-97,1i-3,_,10,1i-3_10,3,Training02,19_BURYVOLDY,ASK,.png,19_BURYVOLDY_ASK.png,ZETH,WAN,19_BURYVOLDY_ZETH_WAN.png,,ZETH WAN,21_TEACHHOG_ASK.png,21_TEACHHOG_DOTS.png,ZETH WAN,RUSP WIM,ZETH WAN,RUSP WIM,21_TEACHHOG_RUSP_WIM.png,,RUSP WIM,,,,
34,1712311682593,05/04/2024 10:08:02,1712315282593,1,05/04/2024 12:08:02,139619,19,task-eihb,,36766367,BLIND,10840310,,complete,,660fca36f0e36819c01d8890,computer,Desktop or Laptop,Mac OS 10.15.7,Chrome 123.0.0.0,1442x726,1440x720,,,0,1i-3 A Training,4,,,1i-3,,,Pass,,1i-3 A Training,1i-3 A Training,9,Training02,TrainingB,2yfdu9,2,response,,2632,2617,2632,2632,2617,2632,1,2632,0,0,,Click Response,Option B,5,object-246,1i-3,_,10,1i-3_10,3,Training02,19_BURYVOLDY,ASK,.png,19_BURYVOLDY_ASK.png,ZETH,WAN,19_BURYVOLDY_ZETH_WAN.png,,ZETH WAN,21_TEACHHOG_ASK.png,21_TEACHHOG_DOTS.png,ZETH WAN,RUSP WIM,ZETH WAN,RUSP WIM,21_TEACHHOG_RUSP_WIM.png,,RUSP WIM,,,,
35,1712311691991,05/04/2024 10:08:11,1712315291991,1,05/04/2024 12:08:11,139619,19,task-eihb,,36766367,BLIND,10840310,,complete,,660fca36f0e36819c01d8890,computer,Desktop or Laptop,Mac OS 10.15.7,Chrome 123.0.0.0,1442x726,1440x720,,,0,1i-3 A Training,4,,,1i-3,,,Pass,,1i-3 A Training,1i-3 A Training,9,Training02,TrainingC,1ouhhw,3,continue,,9413,9401,9413,9413,9401,9413,1,9413,0,0,,Click To Continue,Continue Button,6,object-272,1i-3,_,10,1i-3_10,3,Training02,19_BURYVOLDY,ASK,.png,19_BURYVOLDY_ASK.png,ZETH,WAN,19_BURYVOLDY_ZETH_WAN.png,,ZETH WAN,21_TEACHHOG_ASK.png,21_TEACHHOG_DOTS.png,ZETH WAN,RUSP WIM,ZETH WAN,RUSP WIM,21_TEACHHOG_RUSP_WIM.png,,RUSP WIM,,,,
36,1712311705810,05/04/2024 10:08:25,1712315305810,1,05/04/2024 12:08:25,139619,19,task-eihb,,36766367,BLIND,10840310,,complete,,660fca36f0e36819c01d8890,computer,Desktop or Laptop,Mac OS 10.15.7,Chrome 123.0.0.0,1442x726,1440x720,,,0,1i-3 A Training,4,,,1i-3,,,Pass,,1i-3 A Training,1i-3 A Training,10,Training02,TrainingA,34efq7,1,response,RUSP WIM,3966,13816,13832,3966,13816,13832,1,3966,9866,0,,Single Text Entry,TextResponseA,4,object-97,1i-3,_,11,1i-3_11,3,Training02,27_BESTSELLER,ASK,.png,27_BESTSELLER_ASK.png,RUSP,WIM,27_BESTSELLER_RUSP_WIM.png,,RUSP WIM,25_PROSECUTE_ASK.png,25_PROSECUTE_DOTS.png,ZETH WAN,RUSP WIM,RUSP WIM,ZETH WAN,25_PROSECUTE_ZETH_WAN.png,ZETH WAN,,,,,
37,1712311712024,05/04/2024 10:08:32,1712315312024,1,05/04/2024 12:08:32,139619,19,task-eihb,,36766367,BLIND,10840310,,complete,,660fca36f0e36819c01d8890,computer,Desktop or Laptop,Mac OS 10.15.7,Chrome 123.0.0.0,1442x726,1440x720,,,0,1i-3 A Training,4,,,1i-3,,,Pass,,1i-3 A Training,1i-3 A Training,10,Training02,TrainingB,2yfdu9,2,response,,6230,6217,6230,6230,6217,6230,1,6230,0,0,,Click Response,Option A,4,object-245,1i-3,_,11,1i-3_11,3,Training02,27_BESTSELLER,ASK,.png,27_BESTSELLER_ASK.png,RUSP,WIM,27_BESTSELLER_RUSP_WIM.png,,RUSP WIM,25_PROSECUTE_ASK.png,25_PROSECUTE_DOTS.png,ZETH WAN,RUSP WIM,RUSP WIM,ZETH WAN,25_PROSECUTE_ZETH_WAN.png,ZETH WAN,,,,,
38,1712311715043,05/04/2024 10:08:35,1712315315043,1,05/04/2024 12:08:35,139619,19,task-eihb,,36766367,BLIND,10840310,,complete,,660fca36f0e36819c01d8890,computer,Desktop or Laptop,Mac OS 10.15.7,Chrome 123.0.0.0,1442x726,1440x720,,,0,1i-3 A Training,4,,,1i-3,,,Pass,,1i-3 A Training,1i-3 A Training,10,Training02,TrainingC,1ouhhw,3,continue,,3032,3016,3032,3032,3016,3032,1,3032,0,0,,Click To Continue,Continue Button,6,object-272,1i-3,_,11,1i-3_11,3,Training02,27_BESTSELLER,ASK,.png,27_BESTSELLER_ASK.png,RUSP,WIM,27_BESTSELLER_RUSP_WIM.png,,RUSP WIM,25_PROSECUTE_ASK.png,25_PROSECUTE_DOTS.png,ZETH WAN,RUSP WIM,RUSP WIM,ZETH WAN,25_PROSECUTE_ZETH_WAN.png,ZETH WAN,,,,,
39,1712311732343,05/04/2024 10:08:52,1712315332343,1,05/04/2024 12:08:52,139619,19,task-eihb,,36766367,BLIND,10840310,,complete,,660fca36f0e36819c01d8890,computer,Desktop or Laptop,Mac OS 10.15.7,Chrome 123.0.0.0,1442x726,1440x720,,,0,1i-3 A Training,4,,,1i-3,,,Pass,,1i-3 A Training,1i-3 A Training,11,Training02,TrainingA,34efq7,1,response,WOUX WAN,9617,17301,17317,9617,17301,17317,1,9617,7700,0,,Single Text Entry,TextResponseA,4,object-97,1i-3,_,12,1i-3_12,3,Training02,14_MUNGOS,ASK,.png,14_MUNGOS_ASK.png,WOUX,WAN,14_MUNGOS_WOUX_WAN.png,,WOUX WAN,33_ROR_ASK.png,33_ROR_DOTS.png,FICH WUNG,WOUX WAN,WOUX WAN,FICH WUNG,33_ROR_FICH_WUNG.png,FICH WUNG,,,,,
40,1712311738994,05/04/2024 10:08:58,1712315338994,1,05/04/2024 12:08:58,139619,19,task-eihb,,36766367,BLIND,10840310,,complete,,660fca36f0e36819c01d8890,computer,Desktop or Laptop,Mac OS 10.15.7,Chrome 123.0.0.0,1442x726,1440x720,,,0,1i-3 A Training,4,,,1i-3,,,Pass,,1i-3 A Training,1i-3 A Training,11,Training02,TrainingB,2yfdu9,2,response,,6666,6650,6666,6666,6650,6666,1,6666,0,0,,Click Response,Option B,5,object-246,1i-3,_,12,1i-3_12,3,Training02,14_MUNGOS,ASK,.png,14_MUNGOS_ASK.png,WOUX,WAN,14_MUNGOS_WOUX_WAN.png,,WOUX WAN,33_ROR_ASK.png,33_ROR_DOTS.png,FICH WUNG,WOUX WAN,WOUX WAN,FICH WUNG,33_ROR_FICH_WUNG.png,FICH WUNG,,,,,
41,1712311746660,05/04/2024 10:09:06,1712315346660,1,05/04/2024 12:09:06,139619,19,task-eihb,,36766367,BLIND,10840310,,complete,,660fca36f0e36819c01d8890,computer,Desktop or Laptop,Mac OS 10.15.7,Chrome 123.0.0.0,1442x726,1440x720,,,0,1i-3 A Training,4,,,1i-3,,,Pass,,1i-3 A Training,1i-3 A Training,11,Training02,TrainingC,1ouhhw,3,continue,,7683,7667,7683,7683,7667,7683,1,7683,0,0,,Click To Continue,Continue Button,6,object-272,1i-3,_,12,1i-3_12,3,Training02,14_MUNGOS,ASK,.png,14_MUNGOS_ASK.png,WOUX,WAN,14_MUNGOS_WOUX_WAN.png,,WOUX WAN,33_ROR_ASK.png,33_ROR_DOTS.png,FICH WUNG,WOUX WAN,WOUX WAN,FICH WUNG,33_ROR_FICH_WUNG.png,FICH WUNG,,,,,
42,1712311755562,05/04/2024 10:09:15,1712315355562,1,05/04/2024 12:09:15,139619,19,task-eihb,,36766367,BLIND,10840310,,complete,,660fca36f0e36819c01d8890,computer,Desktop or Laptop,Mac OS 10.15.7,Chrome 123.0.0.0,1442x726,1440x720,,,0,1i-3 A Training,4,,,1i-3,,,Pass,,1i-3 A Training,1i-3 A Training,12,Training02,TrainingA,34efq7,1,response,FICH WUNG,7384,8900,8917,7384,8900,8917,1,7384,1533,0,,Single Text Entry,TextResponseA,4,object-97,1i-3,_,09,1i-3_09,3,Training02,32_QWC,ASK,.png,32_QWC_ASK.png,FICH,WUNG,32_QWC_FICH_WUNG.png,,FICH WUNG,13_QUIBBLER_ASK.png,13_QUIBBLER_DOTS.png,FICH WUNG,WOUX WAN,FICH WUNG,WOUX WAN,13_QUIBBLER_WOUX_WAN.png,,WOUX WAN,,,,
43,1712311767110,05/04/2024 10:09:27,1712315367110,1,05/04/2024 12:09:27,139619,19,task-eihb,,36766367,BLIND,10840310,,complete,,660fca36f0e36819c01d8890,computer,Desktop or Laptop,Mac OS 10.15.7,Chrome 123.0.0.0,1442x726,1440x720,,,0,1i-3 A Training,4,,,1i-3,,,Pass,,1i-3 A Training,1i-3 A Training,12,Training02,TrainingB,2yfdu9,2,response,,11566,11551,11566,11566,11551,11566,1,11566,0,0,,Click Response,Option A,4,object-245,1i-3,_,09,1i-3_09,3,Training02,32_QWC,ASK,.png,32_QWC_ASK.png,FICH,WUNG,32_QWC_FICH_WUNG.png,,FICH WUNG,13_QUIBBLER_ASK.png,13_QUIBBLER_DOTS.png,FICH WUNG,WOUX WAN,FICH WUNG,WOUX WAN,13_QUIBBLER_WOUX_WAN.png,,WOUX WAN,,,,
44,1712311769243,05/04/2024 10:09:29,1712315369243,1,05/04/2024 12:09:29,139619,19,task-eihb,,36766367,BLIND,10840310,,complete,,660fca36f0e36819c01d8890,computer,Desktop or Laptop,Mac OS 10.15.7,Chrome 123.0.0.0,1442x726,1440x720,,,0,1i-3 A Training,4,,,1i-3,,,Pass,,1i-3 A Training,1i-3 A Training,12,Training02,TrainingC,1ouhhw,3,continue,,2148,2132,2148,2148,2132,2148,1,2148,0,0,,Click To Continue,Continue Button,6,object-272,1i-3,_,09,1i-3_09,3,Training02,32_QWC,ASK,.png,32_QWC_ASK.png,FICH,WUNG,32_QWC_FICH_WUNG.png,,FICH WUNG,13_QUIBBLER_ASK.png,13_QUIBBLER_DOTS.png,FICH WUNG,WOUX WAN,FICH WUNG,WOUX WAN,13_QUIBBLER_WOUX_WAN.png,,WOUX WAN,,,,
45,1712311780460,05/04/2024 10:09:40,1712315380460,1,05/04/2024 12:09:40,139619,19,task-eihb,,36766367,BLIND,10840310,,complete,,660fca36f0e36819c01d8890,computer,Desktop or Laptop,Mac OS 10.15.7,Chrome 123.0.0.0,1442x726,1440x720,,,0,1i-3 A Training,4,,,1i-3,,,Pass,,1i-3 A Training,1i-3 A Training,13,Training02,TrainingA,34efq7,1,response,RUSP WIM,8984,11218,11233,8984,11218,11233,1,8984,2249,0,,Single Text Entry,TextResponseA,4,object-97,1i-3,_,15,1i-3_15,4,Training02,06_MOM,ASK,.png,06_MOM_ASK.png,RUSP,WIM,06_MOM_RUSP_WIM.png,,RUSP WIM,26_ERISED_ASK.png,26_ERISED_DOTS.png,RUSP WIM,FICH WUNG,RUSP WIM,FICH WUNG,26_ERISED_FICH_WUNG.png,,FICH WUNG,,,,
46,1712311790294,05/04/2024 10:09:50,1712315390294,1,05/04/2024 12:09:50,139619,19,task-eihb,,36766367,BLIND,10840310,,complete,,660fca36f0e36819c01d8890,computer,Desktop or Laptop,Mac OS 10.15.7,Chrome 123.0.0.0,1442x726,1440x720,,,0,1i-3 A Training,4,,,1i-3,,,Pass,,1i-3 A Training,1i-3 A Training,13,Training02,TrainingB,2yfdu9,2,response,,9847,9832,9847,9847,9832,9847,1,9847,0,0,,Click Response,Option B,5,object-246,1i-3,_,15,1i-3_15,4,Training02,06_MOM,ASK,.png,06_MOM_ASK.png,RUSP,WIM,06_MOM_RUSP_WIM.png,,RUSP WIM,26_ERISED_ASK.png,26_ERISED_DOTS.png,RUSP WIM,FICH WUNG,RUSP WIM,FICH WUNG,26_ERISED_FICH_WUNG.png,,FICH WUNG,,,,
47,1712311791275,05/04/2024 10:09:51,1712315391275,1,05/04/2024 12:09:51,139619,19,task-eihb,,36766367,BLIND,10840310,,complete,,660fca36f0e36819c01d8890,computer,Desktop or Laptop,Mac OS 10.15.7,Chrome 123.0.0.0,1442x726,1440x720,,,0,1i-3 A Training,4,,,1i-3,,,Pass,,1i-3 A Training,1i-3 A Training,13,Training02,TrainingC,1ouhhw,3,continue,,999,984,999,999,984,999,1,999,0,0,,Click To Continue,Continue Button,6,object-272,1i-3,_,15,1i-3_15,4,Training02,06_MOM,ASK,.png,06_MOM_ASK.png,RUSP,WIM,06_MOM_RUSP_WIM.png,,RUSP WIM,26_ERISED_ASK.png,26_ERISED_DOTS.png,RUSP WIM,FICH WUNG,RUSP WIM,FICH WUNG,26_ERISED_FICH_WUNG.png,,FICH WUNG,,,,
48,1712311797678,05/04/2024 10:09:57,1712315397678,1,05/04/2024 12:09:57,139619,19,task-eihb,,36766367,BLIND,10840310,,complete,,660fca36f0e36819c01d8890,computer,Desktop or Laptop,Mac OS 10.15.7,Chrome 123.0.0.0,1442x726,1440x720,,,0,1i-3 A Training,4,,,1i-3,,,Pass,,1i-3 A Training,1i-3 A Training,14,Training02,TrainingA,34efq7,1,response,ZETH WAN,2534,6400,6416,2534,6400,6416,1,2534,3882,0,,Single Text Entry,TextResponseA,4,object-97,1i-3,_,14,1i-3_14,4,Training02,33_ROR,ASK,.png,33_ROR_ASK.png,ZETH,WAN,33_ROR_ZETH_WAN.png,,ZETH WAN,19_BURYVOLDY_ASK.png,19_BURYVOLDY_DOTS.png,ZETH WAN,WOUX WAN,ZETH WAN,WOUX WAN,19_BURYVOLDY_WOUX_WAN.png,,WOUX WAN,,,,
49,1712311802360,05/04/2024 10:10:02,1712315402360,1,05/04/2024 12:10:02,139619,19,task-eihb,,36766367,BLIND,10840310,,complete,,660fca36f0e36819c01d8890,computer,Desktop or Laptop,Mac OS 10.15.7,Chrome 123.0.0.0,1442x726,1440x720,,,0,1i-3 A Training,4,,,1i-3,,,Pass,,1i-3 A Training,1i-3 A Training,14,Training02,TrainingB,2yfdu9,2,response,,4700,4684,4700,4700,4684,4700,1,4700,0,0,,Click Response,Option A,4,object-245,1i-3,_,14,1i-3_14,4,Training02,33_ROR,ASK,.png,33_ROR_ASK.png,ZETH,WAN,33_ROR_ZETH_WAN.png,,ZETH WAN,19_BURYVOLDY_ASK.png,19_BURYVOLDY_DOTS.png,ZETH WAN,WOUX WAN,ZETH WAN,WOUX WAN,19_BURYVOLDY_WOUX_WAN.png,,WOUX WAN,,,,
50,1712311807746,05/04/2024 10:10:07,1712315407746,1,05/04/2024 12:10:07,139619,19,task-eihb,,36766367,BLIND,10840310,,complete,,660fca36f0e36819c01d8890,computer,Desktop or Laptop,Mac OS 10.15.7,Chrome 123.0.0.0,1442x726,1440x720,,,0,1i-3 A Training,4,,,1i-3,,,Pass,,1i-3 A Training,1i-3 A Training,14,Training02,TrainingC,1ouhhw,3,continue,,5401,5384,5401,5401,5384,5401,1,5401,0,0,,Click To Continue,Continue Button,6,object-272,1i-3,_,14,1i-3_14,4,Training02,33_ROR,ASK,.png,33_ROR_ASK.png,ZETH,WAN,33_ROR_ZETH_WAN.png,,ZETH WAN,19_BURYVOLDY_ASK.png,19_BURYVOLDY_DOTS.png,ZETH WAN,WOUX WAN,ZETH WAN,WOUX WAN,19_BURYVOLDY_WOUX_WAN.png,,WOUX WAN,,,,
51,1712311820744,05/04/2024 10:10:20,1712315420744,1,05/04/2024 12:10:20,139619,19,task-eihb,,36766367,BLIND,10840310,,complete,,660fca36f0e36819c01d8890,computer,Desktop or Laptop,Mac OS 10.15.7,Chrome 123.0.0.0,1442x726,1440x720,,,0,1i-3 A Training,4,,,1i-3,,,Pass,,1i-3 A Training,1i-3 A Training,15,Training02,TrainingA,34efq7,1,response,FICH WUNG,11167,12999,13015,11167,12999,13015,1,11167,1848,0,,Single Text Entry,TextResponseA,4,object-97,1i-3,_,13,1i-3_13,4,Training02,11_RONWAND,ASK,.png,11_RONWAND_ASK.png,FICH,WUNG,11_RONWAND_FICH_WUNG.png,,FICH WUNG,06_MOM_ASK.png,06_MOM_DOTS.png,ZETH WAN,FICH WUNG,FICH WUNG,ZETH WAN,06_MOM_ZETH_WAN.png,ZETH WAN,,,,,
52,1712311826742,05/04/2024 10:10:26,1712315426742,1,05/04/2024 12:10:26,139619,19,task-eihb,,36766367,BLIND,10840310,,complete,,660fca36f0e36819c01d8890,computer,Desktop or Laptop,Mac OS 10.15.7,Chrome 123.0.0.0,1442x726,1440x720,,,0,1i-3 A Training,4,,,1i-3,,,Pass,,1i-3 A Training,1i-3 A Training,15,Training02,TrainingB,2yfdu9,2,response,,6016,6001,6016,6016,6001,6016,1,6016,0,0,,Click Response,Option B,5,object-246,1i-3,_,13,1i-3_13,4,Training02,11_RONWAND,ASK,.png,11_RONWAND_ASK.png,FICH,WUNG,11_RONWAND_FICH_WUNG.png,,FICH WUNG,06_MOM_ASK.png,06_MOM_DOTS.png,ZETH WAN,FICH WUNG,FICH WUNG,ZETH WAN,06_MOM_ZETH_WAN.png,ZETH WAN,,,,,
53,1712311829674,05/04/2024 10:10:29,1712315429674,1,05/04/2024 12:10:29,139619,19,task-eihb,,36766367,BLIND,10840310,,complete,,660fca36f0e36819c01d8890,computer,Desktop or Laptop,Mac OS 10.15.7,Chrome 123.0.0.0,1442x726,1440x720,,,0,1i-3 A Training,4,,,1i-3,,,Pass,,1i-3 A Training,1i-3 A Training,15,Training02,TrainingC,1ouhhw,3,continue,,2946,2932,2946,2946,2932,2946,1,2946,0,0,,Click To Continue,Continue Button,6,object-272,1i-3,_,13,1i-3_13,4,Training02,11_RONWAND,ASK,.png,11_RONWAND_ASK.png,FICH,WUNG,11_RONWAND_FICH_WUNG.png,,FICH WUNG,06_MOM_ASK.png,06_MOM_DOTS.png,ZETH WAN,FICH WUNG,FICH WUNG,ZETH WAN,06_MOM_ZETH_WAN.png,ZETH WAN,,,,,
54,1712311836850,05/04/2024 10:10:36,1712315436850,1,05/04/2024 12:10:36,139619,19,task-eihb,,36766367,BLIND,10840310,,complete,,660fca36f0e36819c01d8890,computer,Desktop or Laptop,Mac OS 10.15.7,Chrome 123.0.0.0,1442x726,1440x720,,,0,1i-3 A Training,4,,,1i-3,,,Pass,,1i-3 A Training,1i-3 A Training,16,Training02,TrainingA,34efq7,1,response,WOUX WAN,2918,7168,7185,2918,7168,7185,1,2918,4267,0,,Single Text Entry,TextResponseA,4,object-97,1i-3,_,16,1i-3_16,4,Training02,42_ENGLAND,ASK,.png,42_ENGLAND_ASK.png,WOUX,WAN,42_ENGLAND_WOUX_WAN.png,,WOUX WAN,41_PIXIE_ASK.png,41_PIXIE_DOTS.png,RUSP WIM,WOUX WAN,WOUX WAN,RUSP WIM,41_PIXIE_RUSP_WIM.png,RUSP WIM,,,,,
55,1712311842133,05/04/2024 10:10:42,1712315442133,1,05/04/2024 12:10:42,139619,19,task-eihb,,36766367,BLIND,10840310,,complete,,660fca36f0e36819c01d8890,computer,Desktop or Laptop,Mac OS 10.15.7,Chrome 123.0.0.0,1442x726,1440x720,,,0,1i-3 A Training,4,,,1i-3,,,Pass,,1i-3 A Training,1i-3 A Training,16,Training02,TrainingB,2yfdu9,2,response,,5299,5284,5299,5299,5284,5299,1,5299,0,0,,Click Response,Option A,4,object-245,1i-3,_,16,1i-3_16,4,Training02,42_ENGLAND,ASK,.png,42_ENGLAND_ASK.png,WOUX,WAN,42_ENGLAND_WOUX_WAN.png,,WOUX WAN,41_PIXIE_ASK.png,41_PIXIE_DOTS.png,RUSP WIM,WOUX WAN,WOUX WAN,RUSP WIM,41_PIXIE_RUSP_WIM.png,RUSP WIM,,,,,
56,1712311843332,05/04/2024 10:10:43,1712315443332,1,05/04/2024 12:10:43,139619,19,task-eihb,,36766367,BLIND,10840310,,complete,,660fca36f0e36819c01d8890,computer,Desktop or Laptop,Mac OS 10.15.7,Chrome 123.0.0.0,1442x726,1440x720,,,0,1i-3 A Training,4,,,1i-3,,,Pass,,1i-3 A Training,1i-3 A Training,16,Training02,TrainingC,1ouhhw,3,continue,,1214,1199,1214,1214,1199,1214,1,1214,0,0,,Click To Continue,Continue Button,6,object-272,1i-3,_,16,1i-3_16,4,Training02,42_ENGLAND,ASK,.png,42_ENGLAND_ASK.png,WOUX,WAN,42_ENGLAND_WOUX_WAN.png,,WOUX WAN,41_PIXIE_ASK.png,41_PIXIE_DOTS.png,RUSP WIM,WOUX WAN,WOUX WAN,RUSP WIM,41_PIXIE_RUSP_WIM.png,RUSP WIM,,,,,
57,1712311847420,05/04/2024 10:10:47,1712315447420,1,05/04/2024 12:10:47,139619,19,task-eihb,,36766367,BLIND,10840310,,complete,,660fca36f0e36819c01d8890,computer,Desktop or Laptop,Mac OS 10.15.7,Chrome 123.0.0.0,1442x726,1440x720,,,0,1i-3 A Training,4,,,1i-3,,,Pass,,1i-3 A Training,1i-3 A Training,17,Training02,TrainingA,34efq7,1,response,FICH WUNG,2784,4100,4101,2784,4100,4101,1,2784,1317,0,,Single Text Entry,TextResponseA,4,object-97,1i-3,_,17,1i-3_17,5,Training02,25_PROSECUTE,ASK,.png,25_PROSECUTE_ASK.png,FICH,WUNG,25_PROSECUTE_FICH_WUNG.png,,FICH WUNG,04_WHEEZES_ASK.png,04_WHEEZES_DOTS.png,RUSP WIM,FICH WUNG,FICH WUNG,RUSP WIM,04_WHEEZES_RUSP_WIM.png,RUSP WIM,,,,,
58,1712311860770,05/04/2024 10:11:00,1712315460770,1,05/04/2024 12:11:00,139619,19,task-eihb,,36766367,BLIND,10840310,,complete,,660fca36f0e36819c01d8890,computer,Desktop or Laptop,Mac OS 10.15.7,Chrome 123.0.0.0,1442x726,1440x720,,,0,1i-3 A Training,4,,,1i-3,,,Pass,,1i-3 A Training,1i-3 A Training,17,Training02,TrainingB,2yfdu9,2,response,,13350,13334,13350,13350,13334,13350,1,13350,0,0,,Click Response,Option A,4,object-245,1i-3,_,17,1i-3_17,5,Training02,25_PROSECUTE,ASK,.png,25_PROSECUTE_ASK.png,FICH,WUNG,25_PROSECUTE_FICH_WUNG.png,,FICH WUNG,04_WHEEZES_ASK.png,04_WHEEZES_DOTS.png,RUSP WIM,FICH WUNG,FICH WUNG,RUSP WIM,04_WHEEZES_RUSP_WIM.png,RUSP WIM,,,,,
59,1712311861703,05/04/2024 10:11:01,1712315461703,1,05/04/2024 12:11:01,139619,19,task-eihb,,36766367,BLIND,10840310,,complete,,660fca36f0e36819c01d8890,computer,Desktop or Laptop,Mac OS 10.15.7,Chrome 123.0.0.0,1442x726,1440x720,,,0,1i-3 A Training,4,,,1i-3,,,Pass,,1i-3 A Training,1i-3 A Training,17,Training02,TrainingC,1ouhhw,3,continue,,948,934,948,948,934,948,1,948,0,0,,Click To Continue,Continue Button,6,object-272,1i-3,_,17,1i-3_17,5,Training02,25_PROSECUTE,ASK,.png,25_PROSECUTE_ASK.png,FICH,WUNG,25_PROSECUTE_FICH_WUNG.png,,FICH WUNG,04_WHEEZES_ASK.png,04_WHEEZES_DOTS.png,RUSP WIM,FICH WUNG,FICH WUNG,RUSP WIM,04_WHEEZES_RUSP_WIM.png,RUSP WIM,,,,,
60,1712311866852,05/04/2024 10:11:06,1712315466852,1,05/04/2024 12:11:06,139619,19,task-eihb,,36766367,BLIND,10840310,,complete,,660fca36f0e36819c01d8890,computer,Desktop or Laptop,Mac OS 10.15.7,Chrome 123.0.0.0,1442x726,1440x720,,,0,1i-3 A Training,4,,,1i-3,,,Pass,,1i-3 A Training,1i-3 A Training,18,Training02,TrainingA,34efq7,1,response,RUSP WIM,3667,5150,5163,3667,5150,5163,1,3667,1496,0,,Single Text Entry,TextResponseA,4,object-97,1i-3,_,19,1i-3_19,5,Training02,41_PIXIE,ASK,.png,41_PIXIE_ASK.png,RUSP,WIM,41_PIXIE_RUSP_WIM.png,,RUSP WIM,35_PROPHET_ASK.png,35_PROPHET_DOTS.png,WOUX WAN,RUSP WIM,RUSP WIM,WOUX WAN,35_PROPHET_WOUX_WAN.png,WOUX WAN,,,,,
61,1712311871072,05/04/2024 10:11:11,1712315471072,1,05/04/2024 12:11:11,139619,19,task-eihb,,36766367,BLIND,10840310,,complete,,660fca36f0e36819c01d8890,computer,Desktop or Laptop,Mac OS 10.15.7,Chrome 123.0.0.0,1442x726,1440x720,,,0,1i-3 A Training,4,,,1i-3,,,Pass,,1i-3 A Training,1i-3 A Training,18,Training02,TrainingB,2yfdu9,2,response,,4232,4216,4232,4232,4216,4232,1,4232,0,0,,Click Response,Option A,4,object-245,1i-3,_,19,1i-3_19,5,Training02,41_PIXIE,ASK,.png,41_PIXIE_ASK.png,RUSP,WIM,41_PIXIE_RUSP_WIM.png,,RUSP WIM,35_PROPHET_ASK.png,35_PROPHET_DOTS.png,WOUX WAN,RUSP WIM,RUSP WIM,WOUX WAN,35_PROPHET_WOUX_WAN.png,WOUX WAN,,,,,
62,1712311872755,05/04/2024 10:11:12,1712315472755,1,05/04/2024 12:11:12,139619,19,task-eihb,,36766367,BLIND,10840310,,complete,,660fca36f0e36819c01d8890,computer,Desktop or Laptop,Mac OS 10.15.7,Chrome 123.0.0.0,1442x726,1440x720,,,0,1i-3 A Training,4,,,1i-3,,,Pass,,1i-3 A Training,1i-3 A Training,18,Training02,TrainingC,1ouhhw,3,continue,,1701,1684,1701,1701,1684,1701,1,1701,0,0,,Click To Continue,Continue Button,6,object-272,1i-3,_,19,1i-3_19,5,Training02,41_PIXIE,ASK,.png,41_PIXIE_ASK.png,RUSP,WIM,41_PIXIE_RUSP_WIM.png,,RUSP WIM,35_PROPHET_ASK.png,35_PROPHET_DOTS.png,WOUX WAN,RUSP WIM,RUSP WIM,WOUX WAN,35_PROPHET_WOUX_WAN.png,WOUX WAN,,,,,
63,1712311876705,05/04/2024 10:11:16,1712315476705,1,05/04/2024 12:11:16,139619,19,task-eihb,,36766367,BLIND,10840310,,complete,,660fca36f0e36819c01d8890,computer,Desktop or Laptop,Mac OS 10.15.7,Chrome 123.0.0.0,1442x726,1440x720,,,0,1i-3 A Training,4,,,1i-3,,,Pass,,1i-3 A Training,1i-3 A Training,19,Training02,TrainingA,34efq7,1,response,WOUX WAN,2517,3950,3966,2517,3950,3966,1,2517,1449,0,,Single Text Entry,TextResponseA,4,object-97,1i-3,_,20,1i-3_20,5,Training02,21_TEACHHOG,ASK,.png,21_TEACHHOG_ASK.png,WOUX,WAN,21_TEACHHOG_WOUX_WAN.png,,WOUX WAN,42_ENGLAND_ASK.png,42_ENGLAND_DOTS.png,WOUX WAN,ZETH WAN,WOUX WAN,ZETH WAN,42_ENGLAND_ZETH_WAN.png,,ZETH WAN,,,,
64,1712311878557,05/04/2024 10:11:18,1712315478557,1,05/04/2024 12:11:18,139619,19,task-eihb,,36766367,BLIND,10840310,,complete,,660fca36f0e36819c01d8890,computer,Desktop or Laptop,Mac OS 10.15.7,Chrome 123.0.0.0,1442x726,1440x720,,,0,1i-3 A Training,4,,,1i-3,,,Pass,,1i-3 A Training,1i-3 A Training,19,Training02,TrainingB,2yfdu9,2,response,,1865,1849,1865,1865,1849,1865,1,1865,0,0,,Click Response,Option B,5,object-246,1i-3,_,20,1i-3_20,5,Training02,21_TEACHHOG,ASK,.png,21_TEACHHOG_ASK.png,WOUX,WAN,21_TEACHHOG_WOUX_WAN.png,,WOUX WAN,42_ENGLAND_ASK.png,42_ENGLAND_DOTS.png,WOUX WAN,ZETH WAN,WOUX WAN,ZETH WAN,42_ENGLAND_ZETH_WAN.png,,ZETH WAN,,,,
65,1712311879570,05/04/2024 10:11:19,1712315479570,1,05/04/2024 12:11:19,139619,19,task-eihb,,36766367,BLIND,10840310,,complete,,660fca36f0e36819c01d8890,computer,Desktop or Laptop,Mac OS 10.15.7,Chrome 123.0.0.0,1442x726,1440x720,,,0,1i-3 A Training,4,,,1i-3,,,Pass,,1i-3 A Training,1i-3 A Training,19,Training02,TrainingC,1ouhhw,3,continue,,1032,1018,1032,1032,1018,1032,1,1032,0,0,,Click To Continue,Continue Button,6,object-272,1i-3,_,20,1i-3_20,5,Training02,21_TEACHHOG,ASK,.png,21_TEACHHOG_ASK.png,WOUX,WAN,21_TEACHHOG_WOUX_WAN.png,,WOUX WAN,42_ENGLAND_ASK.png,42_ENGLAND_DOTS.png,WOUX WAN,ZETH WAN,WOUX WAN,ZETH WAN,42_ENGLAND_ZETH_WAN.png,,ZETH WAN,,,,
66,1712311883103,05/04/2024 10:11:23,1712315483103,1,05/04/2024 12:11:23,139619,19,task-eihb,,36766367,BLIND,10840310,,complete,,660fca36f0e36819c01d8890,computer,Desktop or Laptop,Mac OS 10.15.7,Chrome 123.0.0.0,1442x726,1440x720,,,0,1i-3 A Training,4,,,1i-3,,,Pass,,1i-3 A Training,1i-3 A Training,20,Training02,TrainingA,34efq7,1,response,ZETH WAN,2248,3533,3547,2248,3533,3547,1,2248,1299,0,,Single Text Entry,TextResponseA,4,object-97,1i-3,_,18,1i-3_18,5,Training02,05_AUROR,ASK,.png,05_AUROR_ASK.png,ZETH,WAN,05_AUROR_ZETH_WAN.png,,ZETH WAN,11_RONWAND_ASK.png,11_RONWAND_DOTS.png,ZETH WAN,FICH WUNG,ZETH WAN,FICH WUNG,11_RONWAND_FICH_WUNG.png,,FICH WUNG,,,,
67,1712311886687,05/04/2024 10:11:26,1712315486687,1,05/04/2024 12:11:26,139619,19,task-eihb,,36766367,BLIND,10840310,,complete,,660fca36f0e36819c01d8890,computer,Desktop or Laptop,Mac OS 10.15.7,Chrome 123.0.0.0,1442x726,1440x720,,,0,1i-3 A Training,4,,,1i-3,,,Pass,,1i-3 A Training,1i-3 A Training,20,Training02,TrainingB,2yfdu9,2,response,,3597,3583,3597,3597,3583,3597,1,3597,0,0,,Click Response,Option A,4,object-245,1i-3,_,18,1i-3_18,5,Training02,05_AUROR,ASK,.png,05_AUROR_ASK.png,ZETH,WAN,05_AUROR_ZETH_WAN.png,,ZETH WAN,11_RONWAND_ASK.png,11_RONWAND_DOTS.png,ZETH WAN,FICH WUNG,ZETH WAN,FICH WUNG,11_RONWAND_FICH_WUNG.png,,FICH WUNG,,,,
68,1712311888457,05/04/2024 10:11:28,1712315488457,1,05/04/2024 12:11:28,139619,19,task-eihb,,36766367,BLIND,10840310,,complete,,660fca36f0e36819c01d8890,computer,Desktop or Laptop,Mac OS 10.15.7,Chrome 123.0.0.0,1442x726,1440x720,,,0,1i-3 A Training,4,,,1i-3,,,Pass,,1i-3 A Training,1i-3 A Training,20,Training02,TrainingC,1ouhhw,3,continue,,1783,1767,1783,1783,1767,1783,1,1783,0,0,,Click To Continue,Continue Button,6,object-272,1i-3,_,18,1i-3_18,5,Training02,05_AUROR,ASK,.png,05_AUROR_ASK.png,ZETH,WAN,05_AUROR_ZETH_WAN.png,,ZETH WAN,11_RONWAND_ASK.png,11_RONWAND_DOTS.png,ZETH WAN,FICH WUNG,ZETH WAN,FICH WUNG,11_RONWAND_FICH_WUNG.png,,FICH WUNG,,,,
69,1712311894772,05/04/2024 10:11:34,1712315494772,1,05/04/2024 12:11:34,139619,19,task-eihb,,36766367,BLIND,10840310,,complete,,660fca36f0e36819c01d8890,computer,Desktop or Laptop,Mac OS 10.15.7,Chrome 123.0.0.0,1442x726,1440x720,,,0,1i-3 A Training,4,,,1i-3,,,Pass,,1i-3 A Training,1i-3 A Training,21,Training02,TrainingA,34efq7,1,response,ZETH WAN,4384,6316,6332,4384,6316,6332,1,4384,1948,0,,Single Text Entry,TextResponseA,4,object-97,1i-3,_,22,1i-3_22,6,Training02,26_ERISED,ASK,.png,26_ERISED_ASK.png,ZETH,WAN,26_ERISED_ZETH_WAN.png,,ZETH WAN,18_LIVEGODRIC_ASK.png,18_LIVEGODRIC_DOTS.png,RUSP WIM,ZETH WAN,ZETH WAN,RUSP WIM,18_LIVEGODRIC_RUSP_WIM.png,RUSP WIM,,,,,
70,1712311896788,05/04/2024 10:11:36,1712315496788,1,05/04/2024 12:11:36,139619,19,task-eihb,,36766367,BLIND,10840310,,complete,,660fca36f0e36819c01d8890,computer,Desktop or Laptop,Mac OS 10.15.7,Chrome 123.0.0.0,1442x726,1440x720,,,0,1i-3 A Training,4,,,1i-3,,,Pass,,1i-3 A Training,1i-3 A Training,21,Training02,TrainingB,2yfdu9,2,response,,2033,2017,2033,2033,2017,2033,1,2033,0,0,,Click Response,Option A,4,object-245,1i-3,_,22,1i-3_22,6,Training02,26_ERISED,ASK,.png,26_ERISED_ASK.png,ZETH,WAN,26_ERISED_ZETH_WAN.png,,ZETH WAN,18_LIVEGODRIC_ASK.png,18_LIVEGODRIC_DOTS.png,RUSP WIM,ZETH WAN,ZETH WAN,RUSP WIM,18_LIVEGODRIC_RUSP_WIM.png,RUSP WIM,,,,,
71,1712311897754,05/04/2024 10:11:37,1712315497754,1,05/04/2024 12:11:37,139619,19,task-eihb,,36766367,BLIND,10840310,,complete,,660fca36f0e36819c01d8890,computer,Desktop or Laptop,Mac OS 10.15.7,Chrome 123.0.0.0,1442x726,1440x720,,,0,1i-3 A Training,4,,,1i-3,,,Pass,,1i-3 A Training,1i-3 A Training,21,Training02,TrainingC,1ouhhw,3,continue,,983,968,983,983,968,983,1,983,0,0,,Click To Continue,Continue Button,6,object-272,1i-3,_,22,1i-3_22,6,Training02,26_ERISED,ASK,.png,26_ERISED_ASK.png,ZETH,WAN,26_ERISED_ZETH_WAN.png,,ZETH WAN,18_LIVEGODRIC_ASK.png,18_LIVEGODRIC_DOTS.png,RUSP WIM,ZETH WAN,ZETH WAN,RUSP WIM,18_LIVEGODRIC_RUSP_WIM.png,RUSP WIM,,,,,
72,1712311902821,05/04/2024 10:11:42,1712315502821,1,05/04/2024 12:11:42,139619,19,task-eihb,,36766367,BLIND,10840310,,complete,,660fca36f0e36819c01d8890,computer,Desktop or Laptop,Mac OS 10.15.7,Chrome 123.0.0.0,1442x726,1440x720,,,0,1i-3 A Training,4,,,1i-3,,,Pass,,1i-3 A Training,1i-3 A Training,22,Training02,TrainingA,34efq7,1,response,WUSP WIM,2533,5066,5080,2533,5066,5080,0,2533,2547,0,,Single Text Entry,TextResponseA,4,object-97,1i-3,_,23,1i-3_23,6,Training02,20_PULLSWORD,ASK,.png,20_PULLSWORD_ASK.png,RUSP,WIM,20_PULLSWORD_RUSP_WIM.png,,RUSP WIM,28_GALLEONS_ASK.png,28_GALLEONS_DOTS.png,RUSP WIM,ZETH WAN,RUSP WIM,ZETH WAN,28_GALLEONS_ZETH_WAN.png,,ZETH WAN,,,,
73,1712311908640,05/04/2024 10:11:48,1712315508640,1,05/04/2024 12:11:48,139619,19,task-eihb,,36766367,BLIND,10840310,,complete,,660fca36f0e36819c01d8890,computer,Desktop or Laptop,Mac OS 10.15.7,Chrome 123.0.0.0,1442x726,1440x720,,,0,1i-3 A Training,4,,,1i-3,,,Pass,,1i-3 A Training,1i-3 A Training,22,Training02,TrainingA,34efq7,1,response,RUSP WIM,9266,10882,10898,9266,10882,10898,1,9266,1632,0,,Single Text Entry,TextResponseA,4,object-97,1i-3,_,23,1i-3_23,6,Training02,20_PULLSWORD,ASK,.png,20_PULLSWORD_ASK.png,RUSP,WIM,20_PULLSWORD_RUSP_WIM.png,,RUSP WIM,28_GALLEONS_ASK.png,28_GALLEONS_DOTS.png,RUSP WIM,ZETH WAN,RUSP WIM,ZETH WAN,28_GALLEONS_ZETH_WAN.png,,ZETH WAN,,,,
74,1712311914389,05/04/2024 10:11:54,1712315514389,1,05/04/2024 12:11:54,139619,19,task-eihb,,36766367,BLIND,10840310,,complete,,660fca36f0e36819c01d8890,computer,Desktop or Laptop,Mac OS 10.15.7,Chrome 123.0.0.0,1442x726,1440x720,,,0,1i-3 A Training,4,,,1i-3,,,Pass,,1i-3 A Training,1i-3 A Training,22,Training02,TrainingB,2yfdu9,2,response,,5767,5750,5767,5767,5750,5767,1,5767,0,0,,Click Response,Option A,4,object-245,1i-3,_,23,1i-3_23,6,Training02,20_PULLSWORD,ASK,.png,20_PULLSWORD_ASK.png,RUSP,WIM,20_PULLSWORD_RUSP_WIM.png,,RUSP WIM,28_GALLEONS_ASK.png,28_GALLEONS_DOTS.png,RUSP WIM,ZETH WAN,RUSP WIM,ZETH WAN,28_GALLEONS_ZETH_WAN.png,,ZETH WAN,,,,
75,1712311916287,05/04/2024 10:11:56,1712315516287,1,05/04/2024 12:11:56,139619,19,task-eihb,,36766367,BLIND,10840310,,complete,,660fca36f0e36819c01d8890,computer,Desktop or Laptop,Mac OS 10.15.7,Chrome 123.0.0.0,1442x726,1440x720,,,0,1i-3 A Training,4,,,1i-3,,,Pass,,1i-3 A Training,1i-3 A Training,22,Training02,TrainingC,1ouhhw,3,continue,,1915,1900,1915,1915,1900,1915,1,1915,0,0,,Click To Continue,Continue Button,6,object-272,1i-3,_,23,1i-3_23,6,Training02,20_PULLSWORD,ASK,.png,20_PULLSWORD_ASK.png,RUSP,WIM,20_PULLSWORD_RUSP_WIM.png,,RUSP WIM,28_GALLEONS_ASK.png,28_GALLEONS_DOTS.png,RUSP WIM,ZETH WAN,RUSP WIM,ZETH WAN,28_GALLEONS_ZETH_WAN.png,,ZETH WAN,,,,
76,1712311922539,05/04/2024 10:12:02,1712315522539,1,05/04/2024 12:12:02,139619,19,task-eihb,,36766367,BLIND,10840310,,complete,,660fca36f0e36819c01d8890,computer,Desktop or Laptop,Mac OS 10.15.7,Chrome 123.0.0.0,1442x726,1440x720,,,0,1i-3 A Training,4,,,1i-3,,,Pass,,1i-3 A Training,1i-3 A Training,23,Training02,TrainingA,34efq7,1,response,WOUX WAN,2184,6251,6267,2184,6251,6267,1,2184,4083,0,,Single Text Entry,TextResponseA,4,object-97,1i-3,_,24,1i-3_24,6,Training02,07_AZKABAN,ASK,.png,07_AZKABAN_ASK.png,WOUX,WAN,07_AZKABAN_WOUX_WAN.png,,WOUX WAN,32_QWC_ASK.png,32_QWC_DOTS.png,WOUX WAN,FICH WUNG,WOUX WAN,FICH WUNG,32_QWC_FICH_WUNG.png,,FICH WUNG,,,,
77,1712311924672,05/04/2024 10:12:04,1712315524672,1,05/04/2024 12:12:04,139619,19,task-eihb,,36766367,BLIND,10840310,,complete,,660fca36f0e36819c01d8890,computer,Desktop or Laptop,Mac OS 10.15.7,Chrome 123.0.0.0,1442x726,1440x720,,,0,1i-3 A Training,4,,,1i-3,,,Pass,,1i-3 A Training,1i-3 A Training,23,Training02,TrainingB,2yfdu9,2,response,,2150,2133,2150,2150,2133,2150,1,2150,0,0,,Click Response,Option A,4,object-245,1i-3,_,24,1i-3_24,6,Training02,07_AZKABAN,ASK,.png,07_AZKABAN_ASK.png,WOUX,WAN,07_AZKABAN_WOUX_WAN.png,,WOUX WAN,32_QWC_ASK.png,32_QWC_DOTS.png,WOUX WAN,FICH WUNG,WOUX WAN,FICH WUNG,32_QWC_FICH_WUNG.png,,FICH WUNG,,,,
78,1712311925338,05/04/2024 10:12:05,1712315525338,1,05/04/2024 12:12:05,139619,19,task-eihb,,36766367,BLIND,10840310,,complete,,660fca36f0e36819c01d8890,computer,Desktop or Laptop,Mac OS 10.15.7,Chrome 123.0.0.0,1442x726,1440x720,,,0,1i-3 A Training,4,,,1i-3,,,Pass,,1i-3 A Training,1i-3 A Training,23,Training02,TrainingC,1ouhhw,3,continue,,683,667,683,683,667,683,1,683,0,0,,Click To Continue,Continue Button,6,object-272,1i-3,_,24,1i-3_24,6,Training02,07_AZKABAN,ASK,.png,07_AZKABAN_ASK.png,WOUX,WAN,07_AZKABAN_WOUX_WAN.png,,WOUX WAN,32_QWC_ASK.png,32_QWC_DOTS.png,WOUX WAN,FICH WUNG,WOUX WAN,FICH WUNG,32_QWC_FICH_WUNG.png,,FICH WUNG,,,,
79,1712311930139,05/04/2024 10:12:10,1712315530139,1,05/04/2024 12:12:10,139619,19,task-eihb,,36766367,BLIND,10840310,,complete,,660fca36f0e36819c01d8890,computer,Desktop or Laptop,Mac OS 10.15.7,Chrome 123.0.0.0,1442x726,1440x720,,,0,1i-3 A Training,4,,,1i-3,,,Pass,,1i-3 A Training,1i-3 A Training,24,Training02,TrainingA,34efq7,1,response,FICH WUNG,2116,4800,4816,2116,4800,4816,1,2116,2700,0,,Single Text Entry,TextResponseA,4,object-97,1i-3,_,21,1i-3_21,6,Training02,39_STOPHAGRID,ASK,.png,39_STOPHAGRID_ASK.png,FICH,WUNG,39_STOPHAGRID_FICH_WUNG.png,,FICH WUNG,14_MUNGOS_ASK.png,14_MUNGOS_DOTS.png,WOUX WAN,FICH WUNG,FICH WUNG,WOUX WAN,14_MUNGOS_WOUX_WAN.png,WOUX WAN,,,,,
80,1712311932204,05/04/2024 10:12:12,1712315532204,1,05/04/2024 12:12:12,139619,19,task-eihb,,36766367,BLIND,10840310,,complete,,660fca36f0e36819c01d8890,computer,Desktop or Laptop,Mac OS 10.15.7,Chrome 123.0.0.0,1442x726,1440x720,,,0,1i-3 A Training,4,,,1i-3,,,Pass,,1i-3 A Training,1i-3 A Training,24,Training02,TrainingB,2yfdu9,2,response,,2082,2067,2082,2082,2067,2082,1,2082,0,0,,Click Response,Option A,4,object-245,1i-3,_,21,1i-3_21,6,Training02,39_STOPHAGRID,ASK,.png,39_STOPHAGRID_ASK.png,FICH,WUNG,39_STOPHAGRID_FICH_WUNG.png,,FICH WUNG,14_MUNGOS_ASK.png,14_MUNGOS_DOTS.png,WOUX WAN,FICH WUNG,FICH WUNG,WOUX WAN,14_MUNGOS_WOUX_WAN.png,WOUX WAN,,,,,
81,1712311933107,05/04/2024 10:12:13,1712315533107,1,05/04/2024 12:12:13,139619,19,task-eihb,,36766367,BLIND,10840310,,complete,,660fca36f0e36819c01d8890,computer,Desktop or Laptop,Mac OS 10.15.7,Chrome 123.0.0.0,1442x726,1440x720,,,0,1i-3 A Training,4,,,1i-3,,,Pass,,1i-3 A Training,1i-3 A Training,24,Training02,TrainingC,1ouhhw,3,continue,,917,900,917,917,900,917,1,917,0,0,,Click To Continue,Continue Button,6,object-272,1i-3,_,21,1i-3_21,6,Training02,39_STOPHAGRID,ASK,.png,39_STOPHAGRID_ASK.png,FICH,WUNG,39_STOPHAGRID_FICH_WUNG.png,,FICH WUNG,14_MUNGOS_ASK.png,14_MUNGOS_DOTS.png,WOUX WAN,FICH WUNG,FICH WUNG,WOUX WAN,14_MUNGOS_WOUX_WAN.png,WOUX WAN,,,,,
82,1712311933115,05/04/2024 10:12:13,1712315533115,1,05/04/2024 12:12:13,139619,19,task-eihb,,36766367,BLIND,10840310,,complete,,660fca36f0e36819c01d8890,computer,Desktop or Laptop,Mac OS 10.15.7,Chrome 123.0.0.0,1442x726,1440x720,,,0,1i-3 A Training,4,,,1i-3,,,Pass,,1i-3 A Training,1i-3 A Training,,,,,,5,END,,,,,,,0,,,,,,,,,,,,,,,,,,,,,,,,,,,,,,,,,,,,
1,1712311466121,05/04/2024 10:04:26,1712315066121,1,05/04/2024 12:04:26,139619,19,task-eihb,,36766414,BLIND,10840319,,complete,,660fca5456e3b55da1e51bcc,computer,Desktop or Laptop,Windows 10,Edge 123.0.0.0,1280x720,1272x606,,,0,1i-3 A Training,4,,,1i-3,,,Pass,,1i-3 A Training,1i-3 A Training,,,,,,5,BEGIN,,,,,,,0,,,,,,,,,,,,,,,,,,,,,,,,,,,,,,,,,,,,
2,1712311470502,05/04/2024 10:04:30,1712315070502,1,05/04/2024 12:04:30,139619,19,task-eihb,,36766414,BLIND,10840319,,complete,,660fca5456e3b55da1e51bcc,computer,Desktop or Laptop,Windows 10,Edge 123.0.0.0,1280x720,1272x606,,,0,1i-3 A Training,4,,,1i-3,,,Pass,,1i-3 A Training,1i-3 A Training,1,Instructions,Attention Check 5,4xnmv6,1,continue,,4140.200000035763,4125.3,4140.200000035763,4140.200000035763,4125.3,4140.200000035763,1,4140.200000035763,0,0,,Click To Continue,Continue Button,4,object-285,,,,,,Instructions,,,,,,,,,,,,,,,,,,,,,,
3,1712311470504,05/04/2024 10:04:30,1712315070504,1,05/04/2024 12:04:30,139619,19,task-eihb,,36766414,BLIND,10840319,,complete,,660fca5456e3b55da1e51bcc,computer,Desktop or Laptop,Windows 10,Edge 123.0.0.0,1280x720,1272x606,,,0,1i-3 A Training,4,,,1i-3,,,Pass,,1i-3 A Training,1i-3 A Training,1,Instructions,Attention Check 5,4xnmv6,1,response,Accio!,3083.6000000000004,4125.3,4142.600000011921,3083.6000000000004,4125.3,4142.600000011921,1,3083.6000000000004,1059.0000000119207,0,,Dropdown,Dropdown5,3,object-284,,,,,,Instructions,,,,,,,,,,,,,,,,,,,,,,
4,1712311478922,05/04/2024 10:04:38,1712315078922,1,05/04/2024 12:04:38,139619,19,task-eihb,,36766414,BLIND,10840319,,complete,,660fca5456e3b55da1e51bcc,computer,Desktop or Laptop,Windows 10,Edge 123.0.0.0,1280x720,1272x606,,,0,1i-3 A Training,4,,,1i-3,,,Pass,,1i-3 A Training,1i-3 A Training,1,Instructions,Attention Check 6,wf497f,2,continue,,8435.699999988079,8416.4,8435.699999988079,8435.699999988079,8416.4,8435.699999988079,1,8435.699999988079,0,0,,Click To Continue,Continue Button,4,object-292,,,,,,Instructions,,,,,,,,,,,,,,,,,,,,,,
5,1712311478927,05/04/2024 10:04:38,1712315078927,1,05/04/2024 12:04:38,139619,19,task-eihb,,36766414,BLIND,10840319,,complete,,660fca5456e3b55da1e51bcc,computer,Desktop or Laptop,Windows 10,Edge 123.0.0.0,1280x720,1272x606,,,0,1i-3 A Training,4,,,1i-3,,,Pass,,1i-3 A Training,1i-3 A Training,1,Instructions,Attention Check 6,wf497f,2,response,The Invisibility Cloak,6541.700000000001,8416.4,8437,6541.700000000001,8416.4,8437,1,6541.700000000001,1895.2999999999993,0,,Dropdown,Dropdown6,3,object-291,,,,,,Instructions,,,,,,,,,,,,,,,,,,,,,,
6,1712311482013,05/04/2024 10:04:42,1712315082013,1,05/04/2024 12:04:42,139619,19,task-eihb,,36766414,BLIND,10840319,,complete,,660fca5456e3b55da1e51bcc,computer,Desktop or Laptop,Windows 10,Edge 123.0.0.0,1280x720,1272x606,,,0,1i-3 A Training,4,,,1i-3,,,Pass,,1i-3 A Training,1i-3 A Training,1,Instructions,Screen 22,3y4guk,3,continue,,3110.4000000119213,3104.1000000000004,3110.4000000119213,3110.4000000119213,3104.1000000000004,3110.4000000119213,1,3110.4000000119213,0,0,,Click To Continue,Continue Button,3,object-297,,,,,,Instructions,,,,,,,,,,,,,,,,,,,,,,
7,1712311502315,05/04/2024 10:05:02,1712315102315,1,05/04/2024 12:05:02,139619,19,task-eihb,,36766414,BLIND,10840319,,complete,,660fca5456e3b55da1e51bcc,computer,Desktop or Laptop,Windows 10,Edge 123.0.0.0,1280x720,1272x606,,,0,1i-3 A Training,4,,,1i-3,,,Pass,,1i-3 A Training,1i-3 A Training,1,Instructions,Instructions 02,q3gk2e,4,continue,,20292.300000000003,20271.4,20292.300000000003,20292.300000000003,20271.4,20292.300000000003,1,20292.300000000003,0,0,,Click To Continue,Continue Button,2,object-75,,,,,,Instructions,,,,,,,,,,,,,,,,,,,,,,
8,1712311503727,05/04/2024 10:05:03,1712315103727,1,05/04/2024 12:05:03,139619,19,task-eihb,,36766414,BLIND,10840319,,complete,,660fca5456e3b55da1e51bcc,computer,Desktop or Laptop,Windows 10,Edge 123.0.0.0,1280x720,1272x606,,,0,1i-3 A Training,4,,,1i-3,,,Pass,,1i-3 A Training,1i-3 A Training,1,Instructions,Instructions 03,gxa3vr,5,continue,,1448.4000000119195,1437.4000000000015,1448.4000000119195,1448.4000000119195,1437.4000000000015,1448.4000000119195,1,1448.4000000119195,0,0,,Click To Continue,Continue Button,1,object-165,,,,,,Instructions,,,,,,,,,,,,,,,,,,,,,,
9,1712311517404,05/04/2024 10:05:17,1712315117404,1,05/04/2024 12:05:17,139619,19,task-eihb,,36766414,BLIND,10840319,,complete,,660fca5456e3b55da1e51bcc,computer,Desktop or Laptop,Windows 10,Edge 123.0.0.0,1280x720,1272x606,,,0,1i-3 A Training,4,,,1i-3,,,Pass,,1i-3 A Training,1i-3 A Training,1,Training02,TrainingA,34efq7,1,response,RUSP WIM,4604.0999999999985,13666.299999999996,13687.099999999991,4604.0999999999985,13666.299999999996,13687.099999999991,1,4604.0999999999985,9082.999999999993,0,,Single Text Entry,TextResponseA,4,object-97,1i-3,_,03,1i-3_03,1,Training02,13_QUIBBLER,ASK,.png,13_QUIBBLER_ASK.png,RUSP,WIM,13_QUIBBLER_RUSP_WIM.png,,RUSP WIM,27_BESTSELLER_ASK.png,27_BESTSELLER_DOTS.png,FICH WUNG,RUSP WIM,RUSP WIM,FICH WUNG,27_BESTSELLER_FICH_WUNG.png,FICH WUNG,,,,,
10,1712311521552,05/04/2024 10:05:21,1712315121552,1,05/04/2024 12:05:21,139619,19,task-eihb,,36766414,BLIND,10840319,,complete,,660fca5456e3b55da1e51bcc,computer,Desktop or Laptop,Windows 10,Edge 123.0.0.0,1280x720,1272x606,,,0,1i-3 A Training,4,,,1i-3,,,Pass,,1i-3 A Training,1i-3 A Training,1,Training02,TrainingB,2yfdu9,2,response,,4170.000000023843,4166.700000000004,4170.000000023843,4170.000000023843,4166.700000000004,4170.000000023843,1,4170.000000023843,0,0,,Click Response,Option B,5,object-246,1i-3,_,03,1i-3_03,1,Training02,13_QUIBBLER,ASK,.png,13_QUIBBLER_ASK.png,RUSP,WIM,13_QUIBBLER_RUSP_WIM.png,,RUSP WIM,27_BESTSELLER_ASK.png,27_BESTSELLER_DOTS.png,FICH WUNG,RUSP WIM,RUSP WIM,FICH WUNG,27_BESTSELLER_FICH_WUNG.png,FICH WUNG,,,,,
11,1712311533078,05/04/2024 10:05:33,1712315133078,1,05/04/2024 12:05:33,139619,19,task-eihb,,36766414,BLIND,10840319,,complete,,660fca5456e3b55da1e51bcc,computer,Desktop or Laptop,Windows 10,Edge 123.0.0.0,1280x720,1272x606,,,0,1i-3 A Training,4,,,1i-3,,,Pass,,1i-3 A Training,1i-3 A Training,1,Training02,TrainingC,1ouhhw,3,continue,,11529.899999988076,11520.899999999994,11529.899999988076,11529.899999988076,11520.899999999994,11529.899999988076,1,11529.899999988076,0,0,,Click To Continue,Continue Button,6,object-272,1i-3,_,03,1i-3_03,1,Training02,13_QUIBBLER,ASK,.png,13_QUIBBLER_ASK.png,RUSP,WIM,13_QUIBBLER_RUSP_WIM.png,,RUSP WIM,27_BESTSELLER_ASK.png,27_BESTSELLER_DOTS.png,FICH WUNG,RUSP WIM,RUSP WIM,FICH WUNG,27_BESTSELLER_FICH_WUNG.png,FICH WUNG,,,,,
12,1712311545153,05/04/2024 10:05:45,1712315145153,1,05/04/2024 12:05:45,139619,19,task-eihb,,36766414,BLIND,10840319,,complete,,660fca5456e3b55da1e51bcc,computer,Desktop or Laptop,Windows 10,Edge 123.0.0.0,1280x720,1272x606,,,0,1i-3 A Training,4,,,1i-3,,,Pass,,1i-3 A Training,1i-3 A Training,2,Training02,TrainingA,34efq7,1,response,WOUX WAN,6812.800000000003,12062.600000000006,12083.400000000009,6812.800000000003,12062.600000000006,12083.400000000009,1,6812.800000000003,5270.600000000006,0,,Single Text Entry,TextResponseA,4,object-97,1i-3,_,04,1i-3_04,1,Training02,35_PROPHET,ASK,.png,35_PROPHET_ASK.png,WOUX,WAN,35_PROPHET_WOUX_WAN.png,,WOUX WAN,40_BURYSNAPE_ASK.png,40_BURYSNAPE_DOTS.png,WOUX WAN,RUSP WIM,WOUX WAN,RUSP WIM,40_BURYSNAPE_RUSP_WIM.png,,RUSP WIM,,,,
13,1712311551695,05/04/2024 10:05:51,1712315151695,1,05/04/2024 12:05:51,139619,19,task-eihb,,36766414,BLIND,10840319,,complete,,660fca5456e3b55da1e51bcc,computer,Desktop or Laptop,Windows 10,Edge 123.0.0.0,1280x720,1272x606,,,0,1i-3 A Training,4,,,1i-3,,,Pass,,1i-3 A Training,1i-3 A Training,2,Training02,TrainingB,2yfdu9,2,response,,6562.699999999997,6541.899999999994,6562.699999999997,6562.699999999997,6541.899999999994,6562.699999999997,1,6562.699999999997,0,0,,Click Response,Option A,4,object-245,1i-3,_,04,1i-3_04,1,Training02,35_PROPHET,ASK,.png,35_PROPHET_ASK.png,WOUX,WAN,35_PROPHET_WOUX_WAN.png,,WOUX WAN,40_BURYSNAPE_ASK.png,40_BURYSNAPE_DOTS.png,WOUX WAN,RUSP WIM,WOUX WAN,RUSP WIM,40_BURYSNAPE_RUSP_WIM.png,,RUSP WIM,,,,
14,1712311567214,05/04/2024 10:06:07,1712315167214,1,05/04/2024 12:06:07,139619,19,task-eihb,,36766414,BLIND,10840319,,complete,,660fca5456e3b55da1e51bcc,computer,Desktop or Laptop,Windows 10,Edge 123.0.0.0,1280x720,1272x606,,,0,1i-3 A Training,4,,,1i-3,,,Pass,,1i-3 A Training,1i-3 A Training,2,Training02,TrainingC,1ouhhw,3,continue,,15540.400000023845,15520.699999999997,15540.400000023845,15540.400000023845,15520.699999999997,15540.400000023845,1,15540.400000023845,0,0,,Click To Continue,Continue Button,6,object-272,1i-3,_,04,1i-3_04,1,Training02,35_PROPHET,ASK,.png,35_PROPHET_ASK.png,WOUX,WAN,35_PROPHET_WOUX_WAN.png,,WOUX WAN,40_BURYSNAPE_ASK.png,40_BURYSNAPE_DOTS.png,WOUX WAN,RUSP WIM,WOUX WAN,RUSP WIM,40_BURYSNAPE_RUSP_WIM.png,,RUSP WIM,,,,
15,1712311577355,05/04/2024 10:06:17,1712315177355,1,05/04/2024 12:06:17,139619,19,task-eihb,,36766414,BLIND,10840319,,complete,,660fca5456e3b55da1e51bcc,computer,Desktop or Laptop,Windows 10,Edge 123.0.0.0,1280x720,1272x606,,,0,1i-3 A Training,4,,,1i-3,,,Pass,,1i-3 A Training,1i-3 A Training,3,Training02,TrainingA,34efq7,1,response,ZETH WAN,2583.5,10145.700000000012,10161.100000000006,2583.5,10145.700000000012,10161.100000000006,1,2583.5,7577.600000000006,0,,Single Text Entry,TextResponseA,4,object-97,1i-3,_,02,1i-3_02,1,Training02,40_BURYSNAPE,ASK,.png,40_BURYSNAPE_ASK.png,ZETH,WAN,40_BURYSNAPE_ZETH_WAN.png,,ZETH WAN,20_PULLSWORD_ASK.png,20_PULLSWORD_DOTS.png,WOUX WAN,ZETH WAN,ZETH WAN,WOUX WAN,20_PULLSWORD_WOUX_WAN.png,WOUX WAN,,,,,
16,1712311591449,05/04/2024 10:06:31,1712315191449,1,05/04/2024 12:06:31,139619,19,task-eihb,,36766414,BLIND,10840319,,complete,,660fca5456e3b55da1e51bcc,computer,Desktop or Laptop,Windows 10,Edge 123.0.0.0,1280x720,1272x606,,,0,1i-3 A Training,4,,,1i-3,,,Pass,,1i-3 A Training,1i-3 A Training,3,Training02,TrainingB,2yfdu9,2,response,,14109.300000035757,14104.199999999997,14109.300000035757,14109.300000035757,14104.199999999997,14109.300000035757,1,14109.300000035757,0,0,,Click Response,Option A,4,object-245,1i-3,_,02,1i-3_02,1,Training02,40_BURYSNAPE,ASK,.png,40_BURYSNAPE_ASK.png,ZETH,WAN,40_BURYSNAPE_ZETH_WAN.png,,ZETH WAN,20_PULLSWORD_ASK.png,20_PULLSWORD_DOTS.png,WOUX WAN,ZETH WAN,ZETH WAN,WOUX WAN,20_PULLSWORD_WOUX_WAN.png,WOUX WAN,,,,,
17,1712311593581,05/04/2024 10:06:33,1712315193581,1,05/04/2024 12:06:33,139619,19,task-eihb,,36766414,BLIND,10840319,,complete,,660fca5456e3b55da1e51bcc,computer,Desktop or Laptop,Windows 10,Edge 123.0.0.0,1280x720,1272x606,,,0,1i-3 A Training,4,,,1i-3,,,Pass,,1i-3 A Training,1i-3 A Training,3,Training02,TrainingC,1ouhhw,3,continue,,2136.399999988076,2125.0999999999913,2136.399999988076,2136.399999988076,2125.0999999999913,2136.399999988076,1,2136.399999988076,0,0,,Click To Continue,Continue Button,6,object-272,1i-3,_,02,1i-3_02,1,Training02,40_BURYSNAPE,ASK,.png,40_BURYSNAPE_ASK.png,ZETH,WAN,40_BURYSNAPE_ZETH_WAN.png,,ZETH WAN,20_PULLSWORD_ASK.png,20_PULLSWORD_DOTS.png,WOUX WAN,ZETH WAN,ZETH WAN,WOUX WAN,20_PULLSWORD_WOUX_WAN.png,WOUX WAN,,,,,
18,1712311605967,05/04/2024 10:06:45,1712315205967,1,05/04/2024 12:06:45,139619,19,task-eihb,,36766414,BLIND,10840319,,complete,,660fca5456e3b55da1e51bcc,computer,Desktop or Laptop,Windows 10,Edge 123.0.0.0,1280x720,1272x606,,,0,1i-3 A Training,4,,,1i-3,,,Pass,,1i-3 A Training,1i-3 A Training,4,Training02,TrainingA,34efq7,1,response,FICH WUNG,2270.9000000000087,12375.300000000017,12396.400000000023,2270.9000000000087,12375.300000000017,12396.400000000023,1,2270.9000000000087,10125.500000000015,0,,Single Text Entry,TextResponseA,4,object-97,1i-3,_,01,1i-3_01,1,Training02,04_WHEEZES,ASK,.png,04_WHEEZES_ASK.png,FICH,WUNG,04_WHEEZES_FICH_WUNG.png,,FICH WUNG,05_AUROR_ASK.png,05_AUROR_DOTS.png,FICH WUNG,ZETH WAN,FICH WUNG,ZETH WAN,05_AUROR_ZETH_WAN.png,,ZETH WAN,,,,
19,1712311613936,05/04/2024 10:06:53,1712315213936,1,05/04/2024 12:06:53,139619,19,task-eihb,,36766414,BLIND,10840319,,complete,,660fca5456e3b55da1e51bcc,computer,Desktop or Laptop,Windows 10,Edge 123.0.0.0,1280x720,1272x606,,,0,1i-3 A Training,4,,,1i-3,,,Pass,,1i-3 A Training,1i-3 A Training,4,Training02,TrainingB,2yfdu9,2,response,,7979.599999999977,7958.599999999977,7979.599999999977,7979.599999999977,7958.599999999977,7979.599999999977,1,7979.599999999977,0,0,,Click Response,Option B,5,object-246,1i-3,_,01,1i-3_01,1,Training02,04_WHEEZES,ASK,.png,04_WHEEZES_ASK.png,FICH,WUNG,04_WHEEZES_FICH_WUNG.png,,FICH WUNG,05_AUROR_ASK.png,05_AUROR_DOTS.png,FICH WUNG,ZETH WAN,FICH WUNG,ZETH WAN,05_AUROR_ZETH_WAN.png,,ZETH WAN,,,,
20,1712311617595,05/04/2024 10:06:57,1712315217595,1,05/04/2024 12:06:57,139619,19,task-eihb,,36766414,BLIND,10840319,,complete,,660fca5456e3b55da1e51bcc,computer,Desktop or Laptop,Windows 10,Edge 123.0.0.0,1280x720,1272x606,,,0,1i-3 A Training,4,,,1i-3,,,Pass,,1i-3 A Training,1i-3 A Training,4,Training02,TrainingC,1ouhhw,3,continue,,3691.3000000238535,3686.9000000000233,3691.3000000238535,3691.3000000238535,3686.9000000000233,3691.3000000238535,1,3691.3000000238535,0,0,,Click To Continue,Continue Button,6,object-272,1i-3,_,01,1i-3_01,1,Training02,04_WHEEZES,ASK,.png,04_WHEEZES_ASK.png,FICH,WUNG,04_WHEEZES_FICH_WUNG.png,,FICH WUNG,05_AUROR_ASK.png,05_AUROR_DOTS.png,FICH WUNG,ZETH WAN,FICH WUNG,ZETH WAN,05_AUROR_ZETH_WAN.png,,ZETH WAN,,,,
21,1712311628821,05/04/2024 10:07:08,1712315228821,1,05/04/2024 12:07:08,139619,19,task-eihb,,36766414,BLIND,10840319,,complete,,660fca5456e3b55da1e51bcc,computer,Desktop or Laptop,Windows 10,Edge 123.0.0.0,1280x720,1272x606,,,0,1i-3 A Training,4,,,1i-3,,,Pass,,1i-3 A Training,1i-3 A Training,5,Training02,TrainingA,34efq7,1,response,RUSP WIM,2562.5999999999767,11208.899999999994,11229.899999999994,2562.5999999999767,11208.899999999994,11229.899999999994,1,2562.5999999999767,8667.300000000017,0,,Single Text Entry,TextResponseA,4,object-97,1i-3,_,07,1i-3_07,2,Training02,34_FANLETTERS,ASK,.png,34_FANLETTERS_ASK.png,RUSP,WIM,34_FANLETTERS_RUSP_WIM.png,,RUSP WIM,34_FANLETTERS_ASK.png,34_FANLETTERS_DOTS.png,RUSP WIM,WOUX WAN,RUSP WIM,WOUX WAN,34_FANLETTERS_WOUX_WAN.png,,WOUX WAN,,,,
22,1712311635289,05/04/2024 10:07:15,1712315235289,1,05/04/2024 12:07:15,139619,19,task-eihb,,36766414,BLIND,10840319,,complete,,660fca5456e3b55da1e51bcc,computer,Desktop or Laptop,Windows 10,Edge 123.0.0.0,1280x720,1272x606,,,0,1i-3 A Training,4,,,1i-3,,,Pass,,1i-3 A Training,1i-3 A Training,5,Training02,TrainingB,2yfdu9,2,response,,6489.099999988073,6478.6999999999825,6489.099999988073,6489.099999988073,6478.6999999999825,6489.099999988073,1,6489.099999988073,0,0,,Click Response,Option A,4,object-245,1i-3,_,07,1i-3_07,2,Training02,34_FANLETTERS,ASK,.png,34_FANLETTERS_ASK.png,RUSP,WIM,34_FANLETTERS_RUSP_WIM.png,,RUSP WIM,34_FANLETTERS_ASK.png,34_FANLETTERS_DOTS.png,RUSP WIM,WOUX WAN,RUSP WIM,WOUX WAN,34_FANLETTERS_WOUX_WAN.png,,WOUX WAN,,,,
23,1712311651217,05/04/2024 10:07:31,1712315251217,1,05/04/2024 12:07:31,139619,19,task-eihb,,36766414,BLIND,10840319,,complete,,660fca5456e3b55da1e51bcc,computer,Desktop or Laptop,Windows 10,Edge 123.0.0.0,1280x720,1272x606,,,0,1i-3 A Training,4,,,1i-3,,,Pass,,1i-3 A Training,1i-3 A Training,5,Training02,TrainingC,1ouhhw,3,continue,,15939.200000000012,15937.600000000006,15939.200000000012,15939.200000000012,15937.600000000006,15939.200000000012,1,15939.200000000012,0,0,,Click To Continue,Continue Button,6,object-272,1i-3,_,07,1i-3_07,2,Training02,34_FANLETTERS,ASK,.png,34_FANLETTERS_ASK.png,RUSP,WIM,34_FANLETTERS_RUSP_WIM.png,,RUSP WIM,34_FANLETTERS_ASK.png,34_FANLETTERS_DOTS.png,RUSP WIM,WOUX WAN,RUSP WIM,WOUX WAN,34_FANLETTERS_WOUX_WAN.png,,WOUX WAN,,,,
24,1712311660217,05/04/2024 10:07:40,1712315260217,1,05/04/2024 12:07:40,139619,19,task-eihb,,36766414,BLIND,10840319,,complete,,660fca5456e3b55da1e51bcc,computer,Desktop or Laptop,Windows 10,Edge 123.0.0.0,1280x720,1272x606,,,0,1i-3 A Training,4,,,1i-3,,,Pass,,1i-3 A Training,1i-3 A Training,6,Training02,TrainingA,34efq7,1,response,WOUX WAN,3062.8000000000175,8979.200000000012,8999.900000000023,3062.8000000000175,8979.200000000012,8999.900000000023,1,3062.8000000000175,5937.100000000006,0,,Single Text Entry,TextResponseA,4,object-97,1i-3,_,08,1i-3_08,2,Training02,28_GALLEONS,ASK,.png,28_GALLEONS_ASK.png,WOUX,WAN,28_GALLEONS_WOUX_WAN.png,,WOUX WAN,39_STOPHAGRID_ASK.png,39_STOPHAGRID_DOTS.png,ZETH WAN,WOUX WAN,WOUX WAN,ZETH WAN,39_STOPHAGRID_ZETH_WAN.png,ZETH WAN,,,,,
25,1712311665875,05/04/2024 10:07:45,1712315265875,1,05/04/2024 12:07:45,139619,19,task-eihb,,36766414,BLIND,10840319,,complete,,660fca5456e3b55da1e51bcc,computer,Desktop or Laptop,Windows 10,Edge 123.0.0.0,1280x720,1272x606,,,0,1i-3 A Training,4,,,1i-3,,,Pass,,1i-3 A Training,1i-3 A Training,6,Training02,TrainingB,2yfdu9,2,response,,5680.200000011915,5666.899999999994,5680.200000011915,5680.200000011915,5666.899999999994,5680.200000011915,1,5680.200000011915,0,0,,Click Response,Option A,4,object-245,1i-3,_,08,1i-3_08,2,Training02,28_GALLEONS,ASK,.png,28_GALLEONS_ASK.png,WOUX,WAN,28_GALLEONS_WOUX_WAN.png,,WOUX WAN,39_STOPHAGRID_ASK.png,39_STOPHAGRID_DOTS.png,ZETH WAN,WOUX WAN,WOUX WAN,ZETH WAN,39_STOPHAGRID_ZETH_WAN.png,ZETH WAN,,,,,
26,1712311667034,05/04/2024 10:07:47,1712315267034,1,05/04/2024 12:07:47,139619,19,task-eihb,,36766414,BLIND,10840319,,complete,,660fca5456e3b55da1e51bcc,computer,Desktop or Laptop,Windows 10,Edge 123.0.0.0,1280x720,1272x606,,,0,1i-3 A Training,4,,,1i-3,,,Pass,,1i-3 A Training,1i-3 A Training,6,Training02,TrainingC,1ouhhw,3,continue,,1171.4000000357628,1166.3999999999942,1171.4000000357628,1171.4000000357628,1166.3999999999942,1171.4000000357628,1,1171.4000000357628,0,0,,Click To Continue,Continue Button,6,object-272,1i-3,_,08,1i-3_08,2,Training02,28_GALLEONS,ASK,.png,28_GALLEONS_ASK.png,WOUX,WAN,28_GALLEONS_WOUX_WAN.png,,WOUX WAN,39_STOPHAGRID_ASK.png,39_STOPHAGRID_DOTS.png,ZETH WAN,WOUX WAN,WOUX WAN,ZETH WAN,39_STOPHAGRID_ZETH_WAN.png,ZETH WAN,,,,,
27,1712311678041,05/04/2024 10:07:58,1712315278041,1,05/04/2024 12:07:58,139619,19,task-eihb,,36766414,BLIND,10840319,,complete,,660fca5456e3b55da1e51bcc,computer,Desktop or Laptop,Windows 10,Edge 123.0.0.0,1280x720,1272x606,,,0,1i-3 A Training,4,,,1i-3,,,Pass,,1i-3 A Training,1i-3 A Training,7,Training02,TrainingA,34efq7,1,response,ZETH WAN,4396,11000.100000000006,11012.700000023848,4396,11000.100000000006,11012.700000023848,1,4396,6616.700000023848,0,,Single Text Entry,TextResponseA,4,object-97,1i-3,_,06,1i-3_06,2,Training02,12_SKEETER,ASK,.png,12_SKEETER_ASK.png,ZETH,WAN,12_SKEETER_ZETH_WAN.png,,ZETH WAN,12_SKEETER_ASK.png,12_SKEETER_DOTS.png,FICH WUNG,ZETH WAN,ZETH WAN,FICH WUNG,12_SKEETER_FICH_WUNG.png,FICH WUNG,,,,,
28,1712311690768,05/04/2024 10:08:10,1712315290768,1,05/04/2024 12:08:10,139619,19,task-eihb,,36766414,BLIND,10840319,,complete,,660fca5456e3b55da1e51bcc,computer,Desktop or Laptop,Windows 10,Edge 123.0.0.0,1280x720,1272x606,,,0,1i-3 A Training,4,,,1i-3,,,Pass,,1i-3 A Training,1i-3 A Training,7,Training02,TrainingB,2yfdu9,2,response,,12739.5,12729.100000000006,12739.5,12739.5,12729.100000000006,12739.5,1,12739.5,0,0,,Click Response,Option B,5,object-246,1i-3,_,06,1i-3_06,2,Training02,12_SKEETER,ASK,.png,12_SKEETER_ASK.png,ZETH,WAN,12_SKEETER_ZETH_WAN.png,,ZETH WAN,12_SKEETER_ASK.png,12_SKEETER_DOTS.png,FICH WUNG,ZETH WAN,ZETH WAN,FICH WUNG,12_SKEETER_FICH_WUNG.png,FICH WUNG,,,,,
29,1712311696952,05/04/2024 10:08:16,1712315296952,1,05/04/2024 12:08:16,139619,19,task-eihb,,36766414,BLIND,10840319,,complete,,660fca5456e3b55da1e51bcc,computer,Desktop or Laptop,Windows 10,Edge 123.0.0.0,1280x720,1272x606,,,0,1i-3 A Training,4,,,1i-3,,,Pass,,1i-3 A Training,1i-3 A Training,7,Training02,TrainingC,1ouhhw,3,continue,,6194.099999988073,6187.600000000006,6194.099999988073,6194.099999988073,6187.600000000006,6194.099999988073,1,6194.099999988073,0,0,,Click To Continue,Continue Button,6,object-272,1i-3,_,06,1i-3_06,2,Training02,12_SKEETER,ASK,.png,12_SKEETER_ASK.png,ZETH,WAN,12_SKEETER_ZETH_WAN.png,,ZETH WAN,12_SKEETER_ASK.png,12_SKEETER_DOTS.png,FICH WUNG,ZETH WAN,ZETH WAN,FICH WUNG,12_SKEETER_FICH_WUNG.png,FICH WUNG,,,,,
30,1712311714345,05/04/2024 10:08:34,1712315314345,1,05/04/2024 12:08:34,139619,19,task-eihb,,36766414,BLIND,10840319,,complete,,660fca5456e3b55da1e51bcc,computer,Desktop or Laptop,Windows 10,Edge 123.0.0.0,1280x720,1272x606,,,0,1i-3 A Training,4,,,1i-3,,,Pass,,1i-3 A Training,1i-3 A Training,8,Training02,TrainingA,34efq7,1,response,FICH WUNG,3417,17396.199999999983,17399.999999988067,3417,17396.199999999983,17399.999999988067,1,3417,13982.999999988067,0,,Single Text Entry,TextResponseA,4,object-97,1i-3,_,05,1i-3_05,2,Training02,18_LIVEGODRIC,ASK,.png,18_LIVEGODRIC_ASK.png,FICH,WUNG,18_LIVEGODRIC_FICH_WUNG.png,,FICH WUNG,07_AZKABAN_ASK.png,07_AZKABAN_DOTS.png,FICH WUNG,RUSP WIM,FICH WUNG,RUSP WIM,07_AZKABAN_RUSP_WIM.png,,RUSP WIM,,,,
31,1712311722762,05/04/2024 10:08:42,1712315322762,1,05/04/2024 12:08:42,139619,19,task-eihb,,36766414,BLIND,10840319,,complete,,660fca5456e3b55da1e51bcc,computer,Desktop or Laptop,Windows 10,Edge 123.0.0.0,1280x720,1272x606,,,0,1i-3 A Training,4,,,1i-3,,,Pass,,1i-3 A Training,1i-3 A Training,8,Training02,TrainingB,2yfdu9,2,response,,8419.900000011927,8416.300000000017,8419.900000011927,8419.900000011927,8416.300000000017,8419.900000011927,1,8419.900000011927,0,0,,Click Response,Option B,5,object-246,1i-3,_,05,1i-3_05,2,Training02,18_LIVEGODRIC,ASK,.png,18_LIVEGODRIC_ASK.png,FICH,WUNG,18_LIVEGODRIC_FICH_WUNG.png,,FICH WUNG,07_AZKABAN_ASK.png,07_AZKABAN_DOTS.png,FICH WUNG,RUSP WIM,FICH WUNG,RUSP WIM,07_AZKABAN_RUSP_WIM.png,,RUSP WIM,,,,
32,1712311724254,05/04/2024 10:08:44,1712315324254,1,05/04/2024 12:08:44,139619,19,task-eihb,,36766414,BLIND,10840319,,complete,,660fca5456e3b55da1e51bcc,computer,Desktop or Laptop,Windows 10,Edge 123.0.0.0,1280x720,1272x606,,,0,1i-3 A Training,4,,,1i-3,,,Pass,,1i-3 A Training,1i-3 A Training,8,Training02,TrainingC,1ouhhw,3,continue,,1496.2000000357511,1479.1999999999825,1496.2000000357511,1496.2000000357511,1479.1999999999825,1496.2000000357511,1,1496.2000000357511,0,0,,Click To Continue,Continue Button,6,object-272,1i-3,_,05,1i-3_05,2,Training02,18_LIVEGODRIC,ASK,.png,18_LIVEGODRIC_ASK.png,FICH,WUNG,18_LIVEGODRIC_FICH_WUNG.png,,FICH WUNG,07_AZKABAN_ASK.png,07_AZKABAN_DOTS.png,FICH WUNG,RUSP WIM,FICH WUNG,RUSP WIM,07_AZKABAN_RUSP_WIM.png,,RUSP WIM,,,,
33,1712311729989,05/04/2024 10:08:49,1712315329989,1,05/04/2024 12:08:49,139619,19,task-eihb,,36766414,BLIND,10840319,,complete,,660fca5456e3b55da1e51bcc,computer,Desktop or Laptop,Windows 10,Edge 123.0.0.0,1280x720,1272x606,,,0,1i-3 A Training,4,,,1i-3,,,Pass,,1i-3 A Training,1i-3 A Training,9,Training02,TrainingA,34efq7,1,response,ZETH WAN,2708.3000000000175,5729.500000000029,5750.400000000052,2708.3000000000175,5729.500000000029,5750.400000000052,1,2708.3000000000175,3042.100000000035,0,,Single Text Entry,TextResponseA,4,object-97,1i-3,_,10,1i-3_10,3,Training02,19_BURYVOLDY,ASK,.png,19_BURYVOLDY_ASK.png,ZETH,WAN,19_BURYVOLDY_ZETH_WAN.png,,ZETH WAN,21_TEACHHOG_ASK.png,21_TEACHHOG_DOTS.png,ZETH WAN,RUSP WIM,ZETH WAN,RUSP WIM,21_TEACHHOG_RUSP_WIM.png,,RUSP WIM,,,,
34,1712311732621,05/04/2024 10:08:52,1712315332621,1,05/04/2024 12:08:52,139619,19,task-eihb,,36766414,BLIND,10840319,,complete,,660fca5456e3b55da1e51bcc,computer,Desktop or Laptop,Windows 10,Edge 123.0.0.0,1280x720,1272x606,,,0,1i-3 A Training,4,,,1i-3,,,Pass,,1i-3 A Training,1i-3 A Training,9,Training02,TrainingB,2yfdu9,2,response,,2654.7000000238186,2645.5,2654.7000000238186,2654.7000000238186,2645.5,2654.7000000238186,1,2654.7000000238186,0,0,,Click Response,Option B,5,object-246,1i-3,_,10,1i-3_10,3,Training02,19_BURYVOLDY,ASK,.png,19_BURYVOLDY_ASK.png,ZETH,WAN,19_BURYVOLDY_ZETH_WAN.png,,ZETH WAN,21_TEACHHOG_ASK.png,21_TEACHHOG_DOTS.png,ZETH WAN,RUSP WIM,ZETH WAN,RUSP WIM,21_TEACHHOG_RUSP_WIM.png,,RUSP WIM,,,,
35,1712311734056,05/04/2024 10:08:54,1712315334056,1,05/04/2024 12:08:54,139619,19,task-eihb,,36766414,BLIND,10840319,,complete,,660fca5456e3b55da1e51bcc,computer,Desktop or Laptop,Windows 10,Edge 123.0.0.0,1280x720,1272x606,,,0,1i-3 A Training,4,,,1i-3,,,Pass,,1i-3 A Training,1i-3 A Training,9,Training02,TrainingC,1ouhhw,3,continue,,1444.7000000238186,1437.5999999999767,1444.7000000238186,1444.7000000238186,1437.5999999999767,1444.7000000238186,1,1444.7000000238186,0,0,,Click To Continue,Continue Button,6,object-272,1i-3,_,10,1i-3_10,3,Training02,19_BURYVOLDY,ASK,.png,19_BURYVOLDY_ASK.png,ZETH,WAN,19_BURYVOLDY_ZETH_WAN.png,,ZETH WAN,21_TEACHHOG_ASK.png,21_TEACHHOG_DOTS.png,ZETH WAN,RUSP WIM,ZETH WAN,RUSP WIM,21_TEACHHOG_RUSP_WIM.png,,RUSP WIM,,,,
36,1712311748238,05/04/2024 10:09:08,1712315348238,1,05/04/2024 12:09:08,139619,19,task-eihb,,36766414,BLIND,10840319,,complete,,660fca5456e3b55da1e51bcc,computer,Desktop or Laptop,Windows 10,Edge 123.0.0.0,1280x720,1272x606,,,0,1i-3 A Training,4,,,1i-3,,,Pass,,1i-3 A Training,1i-3 A Training,10,Training02,TrainingA,34efq7,1,response,RUSP WIM,2354.5,14166.799999999988,14187.5,2354.5,14166.799999999988,14187.5,1,2354.5,11833,0,,Single Text Entry,TextResponseA,4,object-97,1i-3,_,11,1i-3_11,3,Training02,27_BESTSELLER,ASK,.png,27_BESTSELLER_ASK.png,RUSP,WIM,27_BESTSELLER_RUSP_WIM.png,,RUSP WIM,25_PROSECUTE_ASK.png,25_PROSECUTE_DOTS.png,ZETH WAN,RUSP WIM,RUSP WIM,ZETH WAN,25_PROSECUTE_ZETH_WAN.png,ZETH WAN,,,,,
37,1712311756490,05/04/2024 10:09:16,1712315356490,1,05/04/2024 12:09:16,139619,19,task-eihb,,36766414,BLIND,10840319,,complete,,660fca5456e3b55da1e51bcc,computer,Desktop or Laptop,Windows 10,Edge 123.0.0.0,1280x720,1272x606,,,0,1i-3 A Training,4,,,1i-3,,,Pass,,1i-3 A Training,1i-3 A Training,10,Training02,TrainingB,2yfdu9,2,response,,8274.39999998809,8270.700000000012,8274.39999998809,8274.39999998809,8270.700000000012,8274.39999998809,1,8274.39999998809,0,0,,Click Response,Option B,5,object-246,1i-3,_,11,1i-3_11,3,Training02,27_BESTSELLER,ASK,.png,27_BESTSELLER_ASK.png,RUSP,WIM,27_BESTSELLER_RUSP_WIM.png,,RUSP WIM,25_PROSECUTE_ASK.png,25_PROSECUTE_DOTS.png,ZETH WAN,RUSP WIM,RUSP WIM,ZETH WAN,25_PROSECUTE_ZETH_WAN.png,ZETH WAN,,,,,
38,1712311758598,05/04/2024 10:09:18,1712315358598,1,05/04/2024 12:09:18,139619,19,task-eihb,,36766414,BLIND,10840319,,complete,,660fca5456e3b55da1e51bcc,computer,Desktop or Laptop,Windows 10,Edge 123.0.0.0,1280x720,1272x606,,,0,1i-3 A Training,4,,,1i-3,,,Pass,,1i-3 A Training,1i-3 A Training,10,Training02,TrainingC,1ouhhw,3,continue,,2111,2104.2000000000116,2111,2111,2104.2000000000116,2111,1,2111,0,0,,Click To Continue,Continue Button,6,object-272,1i-3,_,11,1i-3_11,3,Training02,27_BESTSELLER,ASK,.png,27_BESTSELLER_ASK.png,RUSP,WIM,27_BESTSELLER_RUSP_WIM.png,,RUSP WIM,25_PROSECUTE_ASK.png,25_PROSECUTE_DOTS.png,ZETH WAN,RUSP WIM,RUSP WIM,ZETH WAN,25_PROSECUTE_ZETH_WAN.png,ZETH WAN,,,,,
39,1712311772342,05/04/2024 10:09:32,1712315372342,1,05/04/2024 12:09:32,139619,19,task-eihb,,36766414,BLIND,10840319,,complete,,660fca5456e3b55da1e51bcc,computer,Desktop or Laptop,Windows 10,Edge 123.0.0.0,1280x720,1272x606,,,0,1i-3 A Training,4,,,1i-3,,,Pass,,1i-3 A Training,1i-3 A Training,11,Training02,TrainingA,34efq7,1,response,WOUX WAN,4167.099999999977,13729.399999999965,13750.099999999919,4167.099999999977,13729.399999999965,13750.099999999919,1,4167.099999999977,9582.999999999942,0,,Single Text Entry,TextResponseA,4,object-97,1i-3,_,12,1i-3_12,3,Training02,14_MUNGOS,ASK,.png,14_MUNGOS_ASK.png,WOUX,WAN,14_MUNGOS_WOUX_WAN.png,,WOUX WAN,33_ROR_ASK.png,33_ROR_DOTS.png,FICH WUNG,WOUX WAN,WOUX WAN,FICH WUNG,33_ROR_FICH_WUNG.png,FICH WUNG,,,,,
40,1712311787679,05/04/2024 10:09:47,1712315387679,1,05/04/2024 12:09:47,139619,19,task-eihb,,36766414,BLIND,10840319,,complete,,660fca5456e3b55da1e51bcc,computer,Desktop or Laptop,Windows 10,Edge 123.0.0.0,1280x720,1272x606,,,0,1i-3 A Training,4,,,1i-3,,,Pass,,1i-3 A Training,1i-3 A Training,11,Training02,TrainingB,2yfdu9,2,response,,15358.400000000023,15354,15358.400000000023,15358.400000000023,15354,15358.400000000023,1,15358.400000000023,0,0,,Click Response,Option A,4,object-245,1i-3,_,12,1i-3_12,3,Training02,14_MUNGOS,ASK,.png,14_MUNGOS_ASK.png,WOUX,WAN,14_MUNGOS_WOUX_WAN.png,,WOUX WAN,33_ROR_ASK.png,33_ROR_DOTS.png,FICH WUNG,WOUX WAN,WOUX WAN,FICH WUNG,33_ROR_FICH_WUNG.png,FICH WUNG,,,,,
41,1712311794452,05/04/2024 10:09:54,1712315394452,1,05/04/2024 12:09:54,139619,19,task-eihb,,36766414,BLIND,10840319,,complete,,660fca5456e3b55da1e51bcc,computer,Desktop or Laptop,Windows 10,Edge 123.0.0.0,1280x720,1272x606,,,0,1i-3 A Training,4,,,1i-3,,,Pass,,1i-3 A Training,1i-3 A Training,11,Training02,TrainingC,1ouhhw,3,continue,,6777.700000011944,6771.300000000047,6777.700000011944,6777.700000011944,6771.300000000047,6777.700000011944,1,6777.700000011944,0,0,,Click To Continue,Continue Button,6,object-272,1i-3,_,12,1i-3_12,3,Training02,14_MUNGOS,ASK,.png,14_MUNGOS_ASK.png,WOUX,WAN,14_MUNGOS_WOUX_WAN.png,,WOUX WAN,33_ROR_ASK.png,33_ROR_DOTS.png,FICH WUNG,WOUX WAN,WOUX WAN,FICH WUNG,33_ROR_FICH_WUNG.png,FICH WUNG,,,,,
42,1712311803447,05/04/2024 10:10:03,1712315403447,1,05/04/2024 12:10:03,139619,19,task-eihb,,36766414,BLIND,10840319,,complete,,660fca5456e3b55da1e51bcc,computer,Desktop or Laptop,Windows 10,Edge 123.0.0.0,1280x720,1272x606,,,0,1i-3 A Training,4,,,1i-3,,,Pass,,1i-3 A Training,1i-3 A Training,12,Training02,TrainingA,34efq7,1,response,FICH WUNG,3332.899999999965,8979.099999999977,9000.199999999953,3332.899999999965,8979.099999999977,9000.199999999953,1,3332.899999999965,5667.299999999988,0,,Single Text Entry,TextResponseA,4,object-97,1i-3,_,09,1i-3_09,3,Training02,32_QWC,ASK,.png,32_QWC_ASK.png,FICH,WUNG,32_QWC_FICH_WUNG.png,,FICH WUNG,13_QUIBBLER_ASK.png,13_QUIBBLER_DOTS.png,FICH WUNG,WOUX WAN,FICH WUNG,WOUX WAN,13_QUIBBLER_WOUX_WAN.png,,WOUX WAN,,,,
43,1712311807556,05/04/2024 10:10:07,1712315407556,1,05/04/2024 12:10:07,139619,19,task-eihb,,36766414,BLIND,10840319,,complete,,660fca5456e3b55da1e51bcc,computer,Desktop or Laptop,Windows 10,Edge 123.0.0.0,1280x720,1272x606,,,0,1i-3 A Training,4,,,1i-3,,,Pass,,1i-3 A Training,1i-3 A Training,12,Training02,TrainingB,2yfdu9,2,response,,4131,4124.599999999977,4131,4131,4124.599999999977,4131,1,4131,0,0,,Click Response,Option B,5,object-246,1i-3,_,09,1i-3_09,3,Training02,32_QWC,ASK,.png,32_QWC_ASK.png,FICH,WUNG,32_QWC_FICH_WUNG.png,,FICH WUNG,13_QUIBBLER_ASK.png,13_QUIBBLER_DOTS.png,FICH WUNG,WOUX WAN,FICH WUNG,WOUX WAN,13_QUIBBLER_WOUX_WAN.png,,WOUX WAN,,,,
44,1712311809579,05/04/2024 10:10:09,1712315409579,1,05/04/2024 12:10:09,139619,19,task-eihb,,36766414,BLIND,10840319,,complete,,660fca5456e3b55da1e51bcc,computer,Desktop or Laptop,Windows 10,Edge 123.0.0.0,1280x720,1272x606,,,0,1i-3 A Training,4,,,1i-3,,,Pass,,1i-3 A Training,1i-3 A Training,12,Training02,TrainingC,1ouhhw,3,continue,,2029.7000000119442,2020.9000000000233,2029.7000000119442,2029.7000000119442,2020.9000000000233,2029.7000000119442,1,2029.7000000119442,0,0,,Click To Continue,Continue Button,6,object-272,1i-3,_,09,1i-3_09,3,Training02,32_QWC,ASK,.png,32_QWC_ASK.png,FICH,WUNG,32_QWC_FICH_WUNG.png,,FICH WUNG,13_QUIBBLER_ASK.png,13_QUIBBLER_DOTS.png,FICH WUNG,WOUX WAN,FICH WUNG,WOUX WAN,13_QUIBBLER_WOUX_WAN.png,,WOUX WAN,,,,
45,1712311816322,05/04/2024 10:10:16,1712315416322,1,05/04/2024 12:10:16,139619,19,task-eihb,,36766414,BLIND,10840319,,complete,,660fca5456e3b55da1e51bcc,computer,Desktop or Laptop,Windows 10,Edge 123.0.0.0,1280x720,1272x606,,,0,1i-3 A Training,4,,,1i-3,,,Pass,,1i-3 A Training,1i-3 A Training,13,Training02,TrainingA,34efq7,1,response,ZETH WAN,2229.5999999999767,6729.400000000023,6750.100000000035,2229.5999999999767,6729.400000000023,6750.100000000035,1,2229.5999999999767,4520.500000000058,0,,Single Text Entry,TextResponseA,4,object-97,1i-3,_,14,1i-3_14,4,Training02,33_ROR,ASK,.png,33_ROR_ASK.png,ZETH,WAN,33_ROR_ZETH_WAN.png,,ZETH WAN,19_BURYVOLDY_ASK.png,19_BURYVOLDY_DOTS.png,ZETH WAN,WOUX WAN,ZETH WAN,WOUX WAN,19_BURYVOLDY_WOUX_WAN.png,,WOUX WAN,,,,
46,1712311818752,05/04/2024 10:10:18,1712315418752,1,05/04/2024 12:10:18,139619,19,task-eihb,,36766414,BLIND,10840319,,complete,,660fca5456e3b55da1e51bcc,computer,Desktop or Laptop,Windows 10,Edge 123.0.0.0,1280x720,1272x606,,,0,1i-3 A Training,4,,,1i-3,,,Pass,,1i-3 A Training,1i-3 A Training,13,Training02,TrainingB,2yfdu9,2,response,,2452.5999999999767,2437.2999999999884,2452.5999999999767,2452.5999999999767,2437.2999999999884,2452.5999999999767,1,2452.5999999999767,0,0,,Click Response,Option A,4,object-245,1i-3,_,14,1i-3_14,4,Training02,33_ROR,ASK,.png,33_ROR_ASK.png,ZETH,WAN,33_ROR_ZETH_WAN.png,,ZETH WAN,19_BURYVOLDY_ASK.png,19_BURYVOLDY_DOTS.png,ZETH WAN,WOUX WAN,ZETH WAN,WOUX WAN,19_BURYVOLDY_WOUX_WAN.png,,WOUX WAN,,,,
47,1712311823936,05/04/2024 10:10:23,1712315423936,1,05/04/2024 12:10:23,139619,19,task-eihb,,36766414,BLIND,10840319,,complete,,660fca5456e3b55da1e51bcc,computer,Desktop or Laptop,Windows 10,Edge 123.0.0.0,1280x720,1272x606,,,0,1i-3 A Training,4,,,1i-3,,,Pass,,1i-3 A Training,1i-3 A Training,13,Training02,TrainingC,1ouhhw,3,continue,,5199.100000011909,5187.5,5199.100000011909,5199.100000011909,5187.5,5199.100000011909,1,5199.100000011909,0,0,,Click To Continue,Continue Button,6,object-272,1i-3,_,14,1i-3_14,4,Training02,33_ROR,ASK,.png,33_ROR_ASK.png,ZETH,WAN,33_ROR_ZETH_WAN.png,,ZETH WAN,19_BURYVOLDY_ASK.png,19_BURYVOLDY_DOTS.png,ZETH WAN,WOUX WAN,ZETH WAN,WOUX WAN,19_BURYVOLDY_WOUX_WAN.png,,WOUX WAN,,,,
48,1712311833010,05/04/2024 10:10:33,1712315433010,1,05/04/2024 12:10:33,139619,19,task-eihb,,36766414,BLIND,10840319,,complete,,660fca5456e3b55da1e51bcc,computer,Desktop or Laptop,Windows 10,Edge 123.0.0.0,1280x720,1272x606,,,0,1i-3 A Training,4,,,1i-3,,,Pass,,1i-3 A Training,1i-3 A Training,14,Training02,TrainingA,34efq7,1,response,FICH WUNG,2729.399999999965,9062.700000000012,9083.700000000012,2729.399999999965,9062.700000000012,9083.700000000012,1,2729.399999999965,6354.300000000047,0,,Single Text Entry,TextResponseA,4,object-97,1i-3,_,13,1i-3_13,4,Training02,11_RONWAND,ASK,.png,11_RONWAND_ASK.png,FICH,WUNG,11_RONWAND_FICH_WUNG.png,,FICH WUNG,06_MOM_ASK.png,06_MOM_DOTS.png,ZETH WAN,FICH WUNG,FICH WUNG,ZETH WAN,06_MOM_ZETH_WAN.png,ZETH WAN,,,,,
49,1712311836656,05/04/2024 10:10:36,1712315436656,1,05/04/2024 12:10:36,139619,19,task-eihb,,36766414,BLIND,10840319,,complete,,660fca5456e3b55da1e51bcc,computer,Desktop or Laptop,Windows 10,Edge 123.0.0.0,1280x720,1272x606,,,0,1i-3 A Training,4,,,1i-3,,,Pass,,1i-3 A Training,1i-3 A Training,14,Training02,TrainingB,2yfdu9,2,response,,3668.799999988056,3666.5,3668.799999988056,3668.799999988056,3666.5,3668.799999988056,1,3668.799999988056,0,0,,Click Response,Option A,4,object-245,1i-3,_,13,1i-3_13,4,Training02,11_RONWAND,ASK,.png,11_RONWAND_ASK.png,FICH,WUNG,11_RONWAND_FICH_WUNG.png,,FICH WUNG,06_MOM_ASK.png,06_MOM_DOTS.png,ZETH WAN,FICH WUNG,FICH WUNG,ZETH WAN,06_MOM_ZETH_WAN.png,ZETH WAN,,,,,
50,1712311840375,05/04/2024 10:10:40,1712315440375,1,05/04/2024 12:10:40,139619,19,task-eihb,,36766414,BLIND,10840319,,complete,,660fca5456e3b55da1e51bcc,computer,Desktop or Laptop,Windows 10,Edge 123.0.0.0,1280x720,1272x606,,,0,1i-3 A Training,4,,,1i-3,,,Pass,,1i-3 A Training,1i-3 A Training,14,Training02,TrainingC,1ouhhw,3,continue,,3721.4000000118976,3708.5,3721.4000000118976,3721.4000000118976,3708.5,3721.4000000118976,1,3721.4000000118976,0,0,,Click To Continue,Continue Button,6,object-272,1i-3,_,13,1i-3_13,4,Training02,11_RONWAND,ASK,.png,11_RONWAND_ASK.png,FICH,WUNG,11_RONWAND_FICH_WUNG.png,,FICH WUNG,06_MOM_ASK.png,06_MOM_DOTS.png,ZETH WAN,FICH WUNG,FICH WUNG,ZETH WAN,06_MOM_ZETH_WAN.png,ZETH WAN,,,,,
51,1712311846927,05/04/2024 10:10:46,1712315446927,1,05/04/2024 12:10:46,139619,19,task-eihb,,36766414,BLIND,10840319,,complete,,660fca5456e3b55da1e51bcc,computer,Desktop or Laptop,Windows 10,Edge 123.0.0.0,1280x720,1272x606,,,0,1i-3 A Training,4,,,1i-3,,,Pass,,1i-3 A Training,1i-3 A Training,15,Training02,TrainingA,34efq7,1,response,WOUX WAN,2062.399999999965,6541.799999999988,6562.900000000023,2062.399999999965,6541.799999999988,6562.900000000023,1,2062.399999999965,4500.500000000058,0,,Single Text Entry,TextResponseA,4,object-97,1i-3,_,16,1i-3_16,4,Training02,42_ENGLAND,ASK,.png,42_ENGLAND_ASK.png,WOUX,WAN,42_ENGLAND_WOUX_WAN.png,,WOUX WAN,41_PIXIE_ASK.png,41_PIXIE_DOTS.png,RUSP WIM,WOUX WAN,WOUX WAN,RUSP WIM,41_PIXIE_RUSP_WIM.png,RUSP WIM,,,,,
52,1712311857436,05/04/2024 10:10:57,1712315457436,1,05/04/2024 12:10:57,139619,19,task-eihb,,36766414,BLIND,10840319,,complete,,660fca5456e3b55da1e51bcc,computer,Desktop or Laptop,Windows 10,Edge 123.0.0.0,1280x720,1272x606,,,0,1i-3 A Training,4,,,1i-3,,,Pass,,1i-3 A Training,1i-3 A Training,15,Training02,TrainingB,2yfdu9,2,response,,10531.999999988067,10520.5,10531.999999988067,10531.999999988067,10520.5,10531.999999988067,1,10531.999999988067,0,0,,Click Response,Option A,4,object-245,1i-3,_,16,1i-3_16,4,Training02,42_ENGLAND,ASK,.png,42_ENGLAND_ASK.png,WOUX,WAN,42_ENGLAND_WOUX_WAN.png,,WOUX WAN,41_PIXIE_ASK.png,41_PIXIE_DOTS.png,RUSP WIM,WOUX WAN,WOUX WAN,RUSP WIM,41_PIXIE_RUSP_WIM.png,RUSP WIM,,,,,
53,1712311862651,05/04/2024 10:11:02,1712315462651,1,05/04/2024 12:11:02,139619,19,task-eihb,,36766414,BLIND,10840319,,complete,,660fca5456e3b55da1e51bcc,computer,Desktop or Laptop,Windows 10,Edge 123.0.0.0,1280x720,1272x606,,,0,1i-3 A Training,4,,,1i-3,,,Pass,,1i-3 A Training,1i-3 A Training,15,Training02,TrainingC,1ouhhw,3,continue,,5225.600000011909,5208.399999999965,5225.600000011909,5225.600000011909,5208.399999999965,5225.600000011909,1,5225.600000011909,0,0,,Click To Continue,Continue Button,6,object-272,1i-3,_,16,1i-3_16,4,Training02,42_ENGLAND,ASK,.png,42_ENGLAND_ASK.png,WOUX,WAN,42_ENGLAND_WOUX_WAN.png,,WOUX WAN,41_PIXIE_ASK.png,41_PIXIE_DOTS.png,RUSP WIM,WOUX WAN,WOUX WAN,RUSP WIM,41_PIXIE_RUSP_WIM.png,RUSP WIM,,,,,
54,1712311869656,05/04/2024 10:11:09,1712315469656,1,05/04/2024 12:11:09,139619,19,task-eihb,,36766414,BLIND,10840319,,complete,,660fca5456e3b55da1e51bcc,computer,Desktop or Laptop,Windows 10,Edge 123.0.0.0,1280x720,1272x606,,,0,1i-3 A Training,4,,,1i-3,,,Pass,,1i-3 A Training,1i-3 A Training,16,Training02,TrainingA,34efq7,1,response,RUSP WIM,2916.600000000035,7000.300000000047,7021.20000000007,2916.600000000035,7000.300000000047,7021.20000000007,1,2916.600000000035,4104.600000000035,0,,Single Text Entry,TextResponseA,4,object-97,1i-3,_,15,1i-3_15,4,Training02,06_MOM,ASK,.png,06_MOM_ASK.png,RUSP,WIM,06_MOM_RUSP_WIM.png,,RUSP WIM,26_ERISED_ASK.png,26_ERISED_DOTS.png,RUSP WIM,FICH WUNG,RUSP WIM,FICH WUNG,26_ERISED_FICH_WUNG.png,,FICH WUNG,,,,
55,1712311873454,05/04/2024 10:11:13,1712315473454,1,05/04/2024 12:11:13,139619,19,task-eihb,,36766414,BLIND,10840319,,complete,,660fca5456e3b55da1e51bcc,computer,Desktop or Laptop,Windows 10,Edge 123.0.0.0,1280x720,1272x606,,,0,1i-3 A Training,4,,,1i-3,,,Pass,,1i-3 A Training,1i-3 A Training,16,Training02,TrainingB,2yfdu9,2,response,,3820.0000000357395,3812.5999999999767,3820.0000000357395,3820.0000000357395,3812.5999999999767,3820.0000000357395,1,3820.0000000357395,0,0,,Click Response,Option B,5,object-246,1i-3,_,15,1i-3_15,4,Training02,06_MOM,ASK,.png,06_MOM_ASK.png,RUSP,WIM,06_MOM_RUSP_WIM.png,,RUSP WIM,26_ERISED_ASK.png,26_ERISED_DOTS.png,RUSP WIM,FICH WUNG,RUSP WIM,FICH WUNG,26_ERISED_FICH_WUNG.png,,FICH WUNG,,,,
56,1712311874726,05/04/2024 10:11:14,1712315474726,1,05/04/2024 12:11:14,139619,19,task-eihb,,36766414,BLIND,10840319,,complete,,660fca5456e3b55da1e51bcc,computer,Desktop or Laptop,Windows 10,Edge 123.0.0.0,1280x720,1272x606,,,0,1i-3 A Training,4,,,1i-3,,,Pass,,1i-3 A Training,1i-3 A Training,16,Training02,TrainingC,1ouhhw,3,continue,,1279.9000000357628,1270.7000000000116,1279.9000000357628,1279.9000000357628,1270.7000000000116,1279.9000000357628,1,1279.9000000357628,0,0,,Click To Continue,Continue Button,6,object-272,1i-3,_,15,1i-3_15,4,Training02,06_MOM,ASK,.png,06_MOM_ASK.png,RUSP,WIM,06_MOM_RUSP_WIM.png,,RUSP WIM,26_ERISED_ASK.png,26_ERISED_DOTS.png,RUSP WIM,FICH WUNG,RUSP WIM,FICH WUNG,26_ERISED_FICH_WUNG.png,,FICH WUNG,,,,
57,1712311880986,05/04/2024 10:11:20,1712315480986,1,05/04/2024 12:11:20,139619,19,task-eihb,,36766414,BLIND,10840319,,complete,,660fca5456e3b55da1e51bcc,computer,Desktop or Laptop,Windows 10,Edge 123.0.0.0,1280x720,1272x606,,,0,1i-3 A Training,4,,,1i-3,,,Pass,,1i-3 A Training,1i-3 A Training,17,Training02,TrainingA,34efq7,1,response,FICH WUNG,2604.2000000000116,6249.700000000012,6268.799999999988,2604.2000000000116,6249.700000000012,6268.799999999988,1,2604.2000000000116,3664.5999999999767,0,,Single Text Entry,TextResponseA,4,object-97,1i-3,_,17,1i-3_17,5,Training02,25_PROSECUTE,ASK,.png,25_PROSECUTE_ASK.png,FICH,WUNG,25_PROSECUTE_FICH_WUNG.png,,FICH WUNG,04_WHEEZES_ASK.png,04_WHEEZES_DOTS.png,RUSP WIM,FICH WUNG,FICH WUNG,RUSP WIM,04_WHEEZES_RUSP_WIM.png,RUSP WIM,,,,,
58,1712311892514,05/04/2024 10:11:32,1712315492514,1,05/04/2024 12:11:32,139619,19,task-eihb,,36766414,BLIND,10840319,,complete,,660fca5456e3b55da1e51bcc,computer,Desktop or Laptop,Windows 10,Edge 123.0.0.0,1280x720,1272x606,,,0,1i-3 A Training,4,,,1i-3,,,Pass,,1i-3 A Training,1i-3 A Training,17,Training02,TrainingB,2yfdu9,2,response,,11547.299999988056,11541.699999999953,11547.299999988056,11547.299999988056,11541.699999999953,11547.299999988056,1,11547.299999988056,0,0,,Click Response,Option A,4,object-245,1i-3,_,17,1i-3_17,5,Training02,25_PROSECUTE,ASK,.png,25_PROSECUTE_ASK.png,FICH,WUNG,25_PROSECUTE_FICH_WUNG.png,,FICH WUNG,04_WHEEZES_ASK.png,04_WHEEZES_DOTS.png,RUSP WIM,FICH WUNG,FICH WUNG,RUSP WIM,04_WHEEZES_RUSP_WIM.png,RUSP WIM,,,,,
59,1712311902846,05/04/2024 10:11:42,1712315502846,1,05/04/2024 12:11:42,139619,19,task-eihb,,36766414,BLIND,10840319,,complete,,660fca5456e3b55da1e51bcc,computer,Desktop or Laptop,Windows 10,Edge 123.0.0.0,1280x720,1272x606,,,0,1i-3 A Training,4,,,1i-3,,,Pass,,1i-3 A Training,1i-3 A Training,17,Training02,TrainingC,1ouhhw,3,continue,,10338.099999988102,10333.5,10338.099999988102,10338.099999988102,10333.5,10338.099999988102,1,10338.099999988102,0,0,,Click To Continue,Continue Button,6,object-272,1i-3,_,17,1i-3_17,5,Training02,25_PROSECUTE,ASK,.png,25_PROSECUTE_ASK.png,FICH,WUNG,25_PROSECUTE_FICH_WUNG.png,,FICH WUNG,04_WHEEZES_ASK.png,04_WHEEZES_DOTS.png,RUSP WIM,FICH WUNG,FICH WUNG,RUSP WIM,04_WHEEZES_RUSP_WIM.png,RUSP WIM,,,,,
60,1712311909007,05/04/2024 10:11:49,1712315509007,1,05/04/2024 12:11:49,139619,19,task-eihb,,36766414,BLIND,10840319,,complete,,660fca5456e3b55da1e51bcc,computer,Desktop or Laptop,Windows 10,Edge 123.0.0.0,1280x720,1272x606,,,0,1i-3 A Training,4,,,1i-3,,,Pass,,1i-3 A Training,1i-3 A Training,18,Training02,TrainingA,34efq7,1,response,ZETH WAN,2270.8000000000466,6145.800000000047,6163.800000035786,2270.8000000000466,6145.800000000047,6163.800000035786,1,2270.8000000000466,3893.0000000357395,0,,Single Text Entry,TextResponseA,4,object-97,1i-3,_,18,1i-3_18,5,Training02,05_AUROR,ASK,.png,05_AUROR_ASK.png,ZETH,WAN,05_AUROR_ZETH_WAN.png,,ZETH WAN,11_RONWAND_ASK.png,11_RONWAND_DOTS.png,ZETH WAN,FICH WUNG,ZETH WAN,FICH WUNG,11_RONWAND_FICH_WUNG.png,,FICH WUNG,,,,
61,1712311921079,05/04/2024 10:12:01,1712315521079,1,05/04/2024 12:12:01,139619,19,task-eihb,,36766414,BLIND,10840319,,complete,,660fca5456e3b55da1e51bcc,computer,Desktop or Laptop,Windows 10,Edge 123.0.0.0,1280x720,1272x606,,,0,1i-3 A Training,4,,,1i-3,,,Pass,,1i-3 A Training,1i-3 A Training,18,Training02,TrainingB,2yfdu9,2,response,,12090.099999999977,12083.299999999988,12090.099999999977,12090.099999999977,12083.299999999988,12090.099999999977,1,12090.099999999977,0,0,,Click Response,Option B,5,object-246,1i-3,_,18,1i-3_18,5,Training02,05_AUROR,ASK,.png,05_AUROR_ASK.png,ZETH,WAN,05_AUROR_ZETH_WAN.png,,ZETH WAN,11_RONWAND_ASK.png,11_RONWAND_DOTS.png,ZETH WAN,FICH WUNG,ZETH WAN,FICH WUNG,11_RONWAND_FICH_WUNG.png,,FICH WUNG,,,,
62,1712311922432,05/04/2024 10:12:02,1712315522432,1,05/04/2024 12:12:02,139619,19,task-eihb,,36766414,BLIND,10840319,,complete,,660fca5456e3b55da1e51bcc,computer,Desktop or Laptop,Windows 10,Edge 123.0.0.0,1280x720,1272x606,,,0,1i-3 A Training,4,,,1i-3,,,Pass,,1i-3 A Training,1i-3 A Training,18,Training02,TrainingC,1ouhhw,3,continue,,1359.9999999880674,1354.2000000000116,1359.9999999880674,1359.9999999880674,1354.2000000000116,1359.9999999880674,1,1359.9999999880674,0,0,,Click To Continue,Continue Button,6,object-272,1i-3,_,18,1i-3_18,5,Training02,05_AUROR,ASK,.png,05_AUROR_ASK.png,ZETH,WAN,05_AUROR_ZETH_WAN.png,,ZETH WAN,11_RONWAND_ASK.png,11_RONWAND_DOTS.png,ZETH WAN,FICH WUNG,ZETH WAN,FICH WUNG,11_RONWAND_FICH_WUNG.png,,FICH WUNG,,,,
63,1712311931820,05/04/2024 10:12:11,1712315531820,1,05/04/2024 12:12:11,139619,19,task-eihb,,36766414,BLIND,10840319,,complete,,660fca5456e3b55da1e51bcc,computer,Desktop or Laptop,Windows 10,Edge 123.0.0.0,1280x720,1272x606,,,0,1i-3 A Training,4,,,1i-3,,,Pass,,1i-3 A Training,1i-3 A Training,19,Training02,TrainingA,34efq7,1,response,RUSP WIM,2229.1999999999534,9375,9393.799999988056,2229.1999999999534,9375,9393.799999988056,1,2229.1999999999534,7164.599999988102,0,,Single Text Entry,TextResponseA,4,object-97,1i-3,_,19,1i-3_19,5,Training02,41_PIXIE,ASK,.png,41_PIXIE_ASK.png,RUSP,WIM,41_PIXIE_RUSP_WIM.png,,RUSP WIM,35_PROPHET_ASK.png,35_PROPHET_DOTS.png,WOUX WAN,RUSP WIM,RUSP WIM,WOUX WAN,35_PROPHET_WOUX_WAN.png,WOUX WAN,,,,,
64,1712311935322,05/04/2024 10:12:15,1712315535322,1,05/04/2024 12:12:15,139619,19,task-eihb,,36766414,BLIND,10840319,,complete,,660fca5456e3b55da1e51bcc,computer,Desktop or Laptop,Windows 10,Edge 123.0.0.0,1280x720,1272x606,,,0,1i-3 A Training,4,,,1i-3,,,Pass,,1i-3 A Training,1i-3 A Training,19,Training02,TrainingB,2yfdu9,2,response,,3520.8000000000466,3500,3520.8000000000466,3520.8000000000466,3500,3520.8000000000466,1,3520.8000000000466,0,0,,Click Response,Option A,4,object-245,1i-3,_,19,1i-3_19,5,Training02,41_PIXIE,ASK,.png,41_PIXIE_ASK.png,RUSP,WIM,41_PIXIE_RUSP_WIM.png,,RUSP WIM,35_PROPHET_ASK.png,35_PROPHET_DOTS.png,WOUX WAN,RUSP WIM,RUSP WIM,WOUX WAN,35_PROPHET_WOUX_WAN.png,WOUX WAN,,,,,
65,1712311936540,05/04/2024 10:12:16,1712315536540,1,05/04/2024 12:12:16,139619,19,task-eihb,,36766414,BLIND,10840319,,complete,,660fca5456e3b55da1e51bcc,computer,Desktop or Laptop,Windows 10,Edge 123.0.0.0,1280x720,1272x606,,,0,1i-3 A Training,4,,,1i-3,,,Pass,,1i-3 A Training,1i-3 A Training,19,Training02,TrainingC,1ouhhw,3,continue,,1239.2000000238186,1229.2999999999884,1239.2000000238186,1239.2000000238186,1229.2999999999884,1239.2000000238186,1,1239.2000000238186,0,0,,Click To Continue,Continue Button,6,object-272,1i-3,_,19,1i-3_19,5,Training02,41_PIXIE,ASK,.png,41_PIXIE_ASK.png,RUSP,WIM,41_PIXIE_RUSP_WIM.png,,RUSP WIM,35_PROPHET_ASK.png,35_PROPHET_DOTS.png,WOUX WAN,RUSP WIM,RUSP WIM,WOUX WAN,35_PROPHET_WOUX_WAN.png,WOUX WAN,,,,,
66,1712311942916,05/04/2024 10:12:22,1712315542916,1,05/04/2024 12:12:22,139619,19,task-eihb,,36766414,BLIND,10840319,,complete,,660fca5456e3b55da1e51bcc,computer,Desktop or Laptop,Windows 10,Edge 123.0.0.0,1280x720,1272x606,,,0,1i-3 A Training,4,,,1i-3,,,Pass,,1i-3 A Training,1i-3 A Training,20,Training02,TrainingA,34efq7,1,response,WOUX WAN,1770.7999999999884,6374.899999999965,6385.499999988067,1770.7999999999884,6374.899999999965,6385.499999988067,1,1770.7999999999884,4614.699999988079,0,,Single Text Entry,TextResponseA,4,object-97,1i-3,_,20,1i-3_20,5,Training02,21_TEACHHOG,ASK,.png,21_TEACHHOG_ASK.png,WOUX,WAN,21_TEACHHOG_WOUX_WAN.png,,WOUX WAN,42_ENGLAND_ASK.png,42_ENGLAND_DOTS.png,WOUX WAN,ZETH WAN,WOUX WAN,ZETH WAN,42_ENGLAND_ZETH_WAN.png,,ZETH WAN,,,,
67,1712311947046,05/04/2024 10:12:27,1712315547046,1,05/04/2024 12:12:27,139619,19,task-eihb,,36766414,BLIND,10840319,,complete,,660fca5456e3b55da1e51bcc,computer,Desktop or Laptop,Windows 10,Edge 123.0.0.0,1280x720,1272x606,,,0,1i-3 A Training,4,,,1i-3,,,Pass,,1i-3 A Training,1i-3 A Training,20,Training02,TrainingB,2yfdu9,2,response,,4140.700000011944,4125.300000000047,4140.700000011944,4140.700000011944,4125.300000000047,4140.700000011944,1,4140.700000011944,0,0,,Click Response,Option A,4,object-245,1i-3,_,20,1i-3_20,5,Training02,21_TEACHHOG,ASK,.png,21_TEACHHOG_ASK.png,WOUX,WAN,21_TEACHHOG_WOUX_WAN.png,,WOUX WAN,42_ENGLAND_ASK.png,42_ENGLAND_DOTS.png,WOUX WAN,ZETH WAN,WOUX WAN,ZETH WAN,42_ENGLAND_ZETH_WAN.png,,ZETH WAN,,,,
68,1712311953769,05/04/2024 10:12:33,1712315553769,1,05/04/2024 12:12:33,139619,19,task-eihb,,36766414,BLIND,10840319,,complete,,660fca5456e3b55da1e51bcc,computer,Desktop or Laptop,Windows 10,Edge 123.0.0.0,1280x720,1272x606,,,0,1i-3 A Training,4,,,1i-3,,,Pass,,1i-3 A Training,1i-3 A Training,20,Training02,TrainingC,1ouhhw,3,continue,,6738.200000023819,6729,6738.200000023819,6738.200000023819,6729,6738.200000023819,1,6738.200000023819,0,0,,Click To Continue,Continue Button,6,object-272,1i-3,_,20,1i-3_20,5,Training02,21_TEACHHOG,ASK,.png,21_TEACHHOG_ASK.png,WOUX,WAN,21_TEACHHOG_WOUX_WAN.png,,WOUX WAN,42_ENGLAND_ASK.png,42_ENGLAND_DOTS.png,WOUX WAN,ZETH WAN,WOUX WAN,ZETH WAN,42_ENGLAND_ZETH_WAN.png,,ZETH WAN,,,,
69,1712311965198,05/04/2024 10:12:45,1712315565198,1,05/04/2024 12:12:45,139619,19,task-eihb,,36766414,BLIND,10840319,,complete,,660fca5456e3b55da1e51bcc,computer,Desktop or Laptop,Windows 10,Edge 123.0.0.0,1280x720,1272x606,,,0,1i-3 A Training,4,,,1i-3,,,Pass,,1i-3 A Training,1i-3 A Training,21,Training02,TrainingA,34efq7,1,response,FICH WUNG,5729.399999999965,11416.699999999953,11437.29999999993,5729.399999999965,11416.699999999953,11437.29999999993,1,5729.399999999965,5707.899999999965,0,,Single Text Entry,TextResponseA,4,object-97,1i-3,_,21,1i-3_21,6,Training02,39_STOPHAGRID,ASK,.png,39_STOPHAGRID_ASK.png,FICH,WUNG,39_STOPHAGRID_FICH_WUNG.png,,FICH WUNG,14_MUNGOS_ASK.png,14_MUNGOS_DOTS.png,WOUX WAN,FICH WUNG,FICH WUNG,WOUX WAN,14_MUNGOS_WOUX_WAN.png,WOUX WAN,,,,,
70,1712311969149,05/04/2024 10:12:49,1712315569149,1,05/04/2024 12:12:49,139619,19,task-eihb,,36766414,BLIND,10840319,,complete,,660fca5456e3b55da1e51bcc,computer,Desktop or Laptop,Windows 10,Edge 123.0.0.0,1280x720,1272x606,,,0,1i-3 A Training,4,,,1i-3,,,Pass,,1i-3 A Training,1i-3 A Training,21,Training02,TrainingB,2yfdu9,2,response,,3959.1999999999534,3938,3959.1999999999534,3959.1999999999534,3938,3959.1999999999534,1,3959.1999999999534,0,0,,Click Response,Option A,4,object-245,1i-3,_,21,1i-3_21,6,Training02,39_STOPHAGRID,ASK,.png,39_STOPHAGRID_ASK.png,FICH,WUNG,39_STOPHAGRID_FICH_WUNG.png,,FICH WUNG,14_MUNGOS_ASK.png,14_MUNGOS_DOTS.png,WOUX WAN,FICH WUNG,FICH WUNG,WOUX WAN,14_MUNGOS_WOUX_WAN.png,WOUX WAN,,,,,
71,1712311971560,05/04/2024 10:12:51,1712315571560,1,05/04/2024 12:12:51,139619,19,task-eihb,,36766414,BLIND,10840319,,complete,,660fca5456e3b55da1e51bcc,computer,Desktop or Laptop,Windows 10,Edge 123.0.0.0,1280x720,1272x606,,,0,1i-3 A Training,4,,,1i-3,,,Pass,,1i-3 A Training,1i-3 A Training,21,Training02,TrainingC,1ouhhw,3,continue,,2442.300000035786,2436.9000000000233,2442.300000035786,2442.300000035786,2436.9000000000233,2442.300000035786,1,2442.300000035786,0,0,,Click To Continue,Continue Button,6,object-272,1i-3,_,21,1i-3_21,6,Training02,39_STOPHAGRID,ASK,.png,39_STOPHAGRID_ASK.png,FICH,WUNG,39_STOPHAGRID_FICH_WUNG.png,,FICH WUNG,14_MUNGOS_ASK.png,14_MUNGOS_DOTS.png,WOUX WAN,FICH WUNG,FICH WUNG,WOUX WAN,14_MUNGOS_WOUX_WAN.png,WOUX WAN,,,,,
72,1712311982598,05/04/2024 10:13:02,1712315582598,1,05/04/2024 12:13:02,139619,19,task-eihb,,36766414,BLIND,10840319,,complete,,660fca5456e3b55da1e51bcc,computer,Desktop or Laptop,Windows 10,Edge 123.0.0.0,1280x720,1272x606,,,0,1i-3 A Training,4,,,1i-3,,,Pass,,1i-3 A Training,1i-3 A Training,22,Training02,TrainingA,34efq7,1,response,RUSP WIM,3042.0999999999767,11021.099999999977,11041.999999999942,3042.0999999999767,11021.099999999977,11041.999999999942,1,3042.0999999999767,7999.899999999965,0,,Single Text Entry,TextResponseA,4,object-97,1i-3,_,23,1i-3_23,6,Training02,20_PULLSWORD,ASK,.png,20_PULLSWORD_ASK.png,RUSP,WIM,20_PULLSWORD_RUSP_WIM.png,,RUSP WIM,28_GALLEONS_ASK.png,28_GALLEONS_DOTS.png,RUSP WIM,ZETH WAN,RUSP WIM,ZETH WAN,28_GALLEONS_ZETH_WAN.png,,ZETH WAN,,,,
73,1712311988069,05/04/2024 10:13:08,1712315588069,1,05/04/2024 12:13:08,139619,19,task-eihb,,36766414,BLIND,10840319,,complete,,660fca5456e3b55da1e51bcc,computer,Desktop or Laptop,Windows 10,Edge 123.0.0.0,1280x720,1272x606,,,0,1i-3 A Training,4,,,1i-3,,,Pass,,1i-3 A Training,1i-3 A Training,22,Training02,TrainingB,2yfdu9,2,response,,5493.500000023865,5479.300000000047,5493.500000023865,5493.500000023865,5479.300000000047,5493.500000023865,1,5493.500000023865,0,0,,Click Response,Option B,5,object-246,1i-3,_,23,1i-3_23,6,Training02,20_PULLSWORD,ASK,.png,20_PULLSWORD_ASK.png,RUSP,WIM,20_PULLSWORD_RUSP_WIM.png,,RUSP WIM,28_GALLEONS_ASK.png,28_GALLEONS_DOTS.png,RUSP WIM,ZETH WAN,RUSP WIM,ZETH WAN,28_GALLEONS_ZETH_WAN.png,,ZETH WAN,,,,
74,1712311989561,05/04/2024 10:13:09,1712315589561,1,05/04/2024 12:13:09,139619,19,task-eihb,,36766414,BLIND,10840319,,complete,,660fca5456e3b55da1e51bcc,computer,Desktop or Laptop,Windows 10,Edge 123.0.0.0,1280x720,1272x606,,,0,1i-3 A Training,4,,,1i-3,,,Pass,,1i-3 A Training,1i-3 A Training,22,Training02,TrainingC,1ouhhw,3,continue,,1506.0999999999767,1499.6999999999534,1506.0999999999767,1506.0999999999767,1499.6999999999534,1506.0999999999767,1,1506.0999999999767,0,0,,Click To Continue,Continue Button,6,object-272,1i-3,_,23,1i-3_23,6,Training02,20_PULLSWORD,ASK,.png,20_PULLSWORD_ASK.png,RUSP,WIM,20_PULLSWORD_RUSP_WIM.png,,RUSP WIM,28_GALLEONS_ASK.png,28_GALLEONS_DOTS.png,RUSP WIM,ZETH WAN,RUSP WIM,ZETH WAN,28_GALLEONS_ZETH_WAN.png,,ZETH WAN,,,,
75,1712311999368,05/04/2024 10:13:19,1712315599368,1,05/04/2024 12:13:19,139619,19,task-eihb,,36766414,BLIND,10840319,,complete,,660fca5456e3b55da1e51bcc,computer,Desktop or Laptop,Windows 10,Edge 123.0.0.0,1280x720,1272x606,,,0,1i-3 A Training,4,,,1i-3,,,Pass,,1i-3 A Training,1i-3 A Training,23,Training02,TrainingA,34efq7,1,response,WOUX WAN,4396.20000000007,9791.70000000007,9812.500000000116,4396.20000000007,9791.70000000007,9812.500000000116,1,4396.20000000007,5416.300000000047,0,,Single Text Entry,TextResponseA,4,object-97,1i-3,_,24,1i-3_24,6,Training02,07_AZKABAN,ASK,.png,07_AZKABAN_ASK.png,WOUX,WAN,07_AZKABAN_WOUX_WAN.png,,WOUX WAN,32_QWC_ASK.png,32_QWC_DOTS.png,WOUX WAN,FICH WUNG,WOUX WAN,FICH WUNG,32_QWC_FICH_WUNG.png,,FICH WUNG,,,,
76,1712312001604,05/04/2024 10:13:21,1712315601604,1,05/04/2024 12:13:21,139619,19,task-eihb,,36766414,BLIND,10840319,,complete,,660fca5456e3b55da1e51bcc,computer,Desktop or Laptop,Windows 10,Edge 123.0.0.0,1280x720,1272x606,,,0,1i-3 A Training,4,,,1i-3,,,Pass,,1i-3 A Training,1i-3 A Training,23,Training02,TrainingB,2yfdu9,2,response,,2257.5000000118744,2250.1999999999534,2257.5000000118744,2257.5000000118744,2250.1999999999534,2257.5000000118744,1,2257.5000000118744,0,0,,Click Response,Option B,5,object-246,1i-3,_,24,1i-3_24,6,Training02,07_AZKABAN,ASK,.png,07_AZKABAN_ASK.png,WOUX,WAN,07_AZKABAN_WOUX_WAN.png,,WOUX WAN,32_QWC_ASK.png,32_QWC_DOTS.png,WOUX WAN,FICH WUNG,WOUX WAN,FICH WUNG,32_QWC_FICH_WUNG.png,,FICH WUNG,,,,
77,1712312006957,05/04/2024 10:13:26,1712315606957,1,05/04/2024 12:13:26,139619,19,task-eihb,,36766414,BLIND,10840319,,complete,,660fca5456e3b55da1e51bcc,computer,Desktop or Laptop,Windows 10,Edge 123.0.0.0,1280x720,1272x606,,,0,1i-3 A Training,4,,,1i-3,,,Pass,,1i-3 A Training,1i-3 A Training,23,Training02,TrainingC,1ouhhw,3,continue,,5361.199999988079,5354.099999999977,5361.199999988079,5361.199999988079,5354.099999999977,5361.199999988079,1,5361.199999988079,0,0,,Click To Continue,Continue Button,6,object-272,1i-3,_,24,1i-3_24,6,Training02,07_AZKABAN,ASK,.png,07_AZKABAN_ASK.png,WOUX,WAN,07_AZKABAN_WOUX_WAN.png,,WOUX WAN,32_QWC_ASK.png,32_QWC_DOTS.png,WOUX WAN,FICH WUNG,WOUX WAN,FICH WUNG,32_QWC_FICH_WUNG.png,,FICH WUNG,,,,
78,1712312012847,05/04/2024 10:13:32,1712315612847,1,05/04/2024 12:13:32,139619,19,task-eihb,,36766414,BLIND,10840319,,complete,,660fca5456e3b55da1e51bcc,computer,Desktop or Laptop,Windows 10,Edge 123.0.0.0,1280x720,1272x606,,,0,1i-3 A Training,4,,,1i-3,,,Pass,,1i-3 A Training,1i-3 A Training,24,Training02,TrainingA,34efq7,1,response,ZETH WAN,1812.8000000000466,5875.20000000007,5896.20000000007,1812.8000000000466,5875.20000000007,5896.20000000007,1,1812.8000000000466,4083.4000000000233,0,,Single Text Entry,TextResponseA,4,object-97,1i-3,_,22,1i-3_22,6,Training02,26_ERISED,ASK,.png,26_ERISED_ASK.png,ZETH,WAN,26_ERISED_ZETH_WAN.png,,ZETH WAN,18_LIVEGODRIC_ASK.png,18_LIVEGODRIC_DOTS.png,RUSP WIM,ZETH WAN,ZETH WAN,RUSP WIM,18_LIVEGODRIC_RUSP_WIM.png,RUSP WIM,,,,,
79,1712312017571,05/04/2024 10:13:37,1712315617571,1,05/04/2024 12:13:37,139619,19,task-eihb,,36766414,BLIND,10840319,,complete,,660fca5456e3b55da1e51bcc,computer,Desktop or Laptop,Windows 10,Edge 123.0.0.0,1280x720,1272x606,,,0,1i-3 A Training,4,,,1i-3,,,Pass,,1i-3 A Training,1i-3 A Training,24,Training02,TrainingB,2yfdu9,2,response,,4745.300000023795,4728.899999999907,4745.300000023795,4745.300000023795,4728.899999999907,4745.300000023795,1,4745.300000023795,0,0,,Click Response,Option A,4,object-245,1i-3,_,22,1i-3_22,6,Training02,26_ERISED,ASK,.png,26_ERISED_ASK.png,ZETH,WAN,26_ERISED_ZETH_WAN.png,,ZETH WAN,18_LIVEGODRIC_ASK.png,18_LIVEGODRIC_DOTS.png,RUSP WIM,ZETH WAN,ZETH WAN,RUSP WIM,18_LIVEGODRIC_RUSP_WIM.png,RUSP WIM,,,,,
80,1712312018816,05/04/2024 10:13:38,1712315618816,1,05/04/2024 12:13:38,139619,19,task-eihb,,36766414,BLIND,10840319,,complete,,660fca5456e3b55da1e51bcc,computer,Desktop or Laptop,Windows 10,Edge 123.0.0.0,1280x720,1272x606,,,0,1i-3 A Training,4,,,1i-3,,,Pass,,1i-3 A Training,1i-3 A Training,24,Training02,TrainingC,1ouhhw,3,continue,,1261.2000000358094,1250.3000000000466,1261.2000000358094,1261.2000000358094,1250.3000000000466,1261.2000000358094,1,1261.2000000358094,0,0,,Click To Continue,Continue Button,6,object-272,1i-3,_,22,1i-3_22,6,Training02,26_ERISED,ASK,.png,26_ERISED_ASK.png,ZETH,WAN,26_ERISED_ZETH_WAN.png,,ZETH WAN,18_LIVEGODRIC_ASK.png,18_LIVEGODRIC_DOTS.png,RUSP WIM,ZETH WAN,ZETH WAN,RUSP WIM,18_LIVEGODRIC_RUSP_WIM.png,RUSP WIM,,,,,
81,1712312018825,05/04/2024 10:13:38,1712315618825,1,05/04/2024 12:13:38,139619,19,task-eihb,,36766414,BLIND,10840319,,complete,,660fca5456e3b55da1e51bcc,computer,Desktop or Laptop,Windows 10,Edge 123.0.0.0,1280x720,1272x606,,,0,1i-3 A Training,4,,,1i-3,,,Pass,,1i-3 A Training,1i-3 A Training,,,,,,5,END,,,,,,,0,,,,,,,,,,,,,,,,,,,,,,,,,,,,,,,,,,,,
1,1712311997793,05/04/2024 10:13:17,1712315597793,1,05/04/2024 12:13:17,139619,19,task-eihb,,36766696,BLIND,10840380,,complete,,660fcbcf9fa5ff39ab49a166,computer,Desktop or Laptop,Windows 10,Chrome 123.0.0.0,1536x960,1536x791,,,0,1i-3 A Training,4,,,1i-3,,,Pass,,1i-3 A Training,1i-3 A Training,,,,,,5,BEGIN,,,,,,,0,,,,,,,,,,,,,,,,,,,,,,,,,,,,,,,,,,,,
2,1712312001805,05/04/2024 10:13:21,1712315601805,1,05/04/2024 12:13:21,139619,19,task-eihb,,36766696,BLIND,10840380,,complete,,660fcbcf9fa5ff39ab49a166,computer,Desktop or Laptop,Windows 10,Chrome 123.0.0.0,1536x960,1536x791,,,0,1i-3 A Training,4,,,1i-3,,,Pass,,1i-3 A Training,1i-3 A Training,1,Instructions,Attention Check 5,4xnmv6,1,continue,,3887.2999999996273,3866.8999999999996,3887.2999999996273,3887.2999999996273,3866.8999999999996,3887.2999999996273,1,3887.2999999996273,0,0,,Click To Continue,Continue Button,4,object-285,,,,,,Instructions,,,,,,,,,,,,,,,,,,,,,,
3,1712312001806,05/04/2024 10:13:21,1712315601806,1,05/04/2024 12:13:21,139619,19,task-eihb,,36766696,BLIND,10840380,,complete,,660fcbcf9fa5ff39ab49a166,computer,Desktop or Laptop,Windows 10,Chrome 123.0.0.0,1536x960,1536x791,,,0,1i-3 A Training,4,,,1i-3,,,Pass,,1i-3 A Training,1i-3 A Training,1,Instructions,Attention Check 5,4xnmv6,1,response,Accio!,3200.3,3866.8999999999996,3888.500000000745,3200.3,3866.8999999999996,3888.500000000745,1,3200.3,688.2000000007447,0,,Dropdown,Dropdown5,3,object-284,,,,,,Instructions,,,,,,,,,,,,,,,,,,,,,,
4,1712312007944,05/04/2024 10:13:27,1712315607944,1,05/04/2024 12:13:27,139619,19,task-eihb,,36766696,BLIND,10840380,,complete,,660fcbcf9fa5ff39ab49a166,computer,Desktop or Laptop,Windows 10,Chrome 123.0.0.0,1536x960,1536x791,,,0,1i-3 A Training,4,,,1i-3,,,Pass,,1i-3 A Training,1i-3 A Training,1,Instructions,Attention Check 6,wf497f,2,continue,,6159.899999999628,6132.599999999999,6159.899999999628,6159.899999999628,6132.599999999999,6159.899999999628,1,6159.899999999628,0,0,,Click To Continue,Continue Button,4,object-292,,,,,,Instructions,,,,,,,,,,,,,,,,,,,,,,
5,1712312007946,05/04/2024 10:13:27,1712315607946,1,05/04/2024 12:13:27,139619,19,task-eihb,,36766696,BLIND,10840380,,complete,,660fcbcf9fa5ff39ab49a166,computer,Desktop or Laptop,Windows 10,Chrome 123.0.0.0,1536x960,1536x791,,,0,1i-3 A Training,4,,,1i-3,,,Pass,,1i-3 A Training,1i-3 A Training,1,Instructions,Attention Check 6,wf497f,2,response,The Invisibility Cloak,5065.900000000001,6132.599999999999,6162.600000000745,5065.900000000001,6132.599999999999,6162.600000000745,1,5065.900000000001,1096.7000000007447,0,,Dropdown,Dropdown6,3,object-291,,,,,,Instructions,,,,,,,,,,,,,,,,,,,,,,
6,1712312010193,05/04/2024 10:13:30,1712315610193,1,05/04/2024 12:13:30,139619,19,task-eihb,,36766696,BLIND,10840380,,complete,,660fcbcf9fa5ff39ab49a166,computer,Desktop or Laptop,Windows 10,Chrome 123.0.0.0,1536x960,1536x791,,,0,1i-3 A Training,4,,,1i-3,,,Pass,,1i-3 A Training,1i-3 A Training,1,Instructions,Screen 22,3y4guk,3,continue,,2277.000000000746,2267,2277.000000000746,2277.000000000746,2267,2277.000000000746,1,2277.000000000746,0,0,,Click To Continue,Continue Button,3,object-297,,,,,,Instructions,,,,,,,,,,,,,,,,,,,,,,
7,1712312041413,05/04/2024 10:14:01,1712315641413,1,05/04/2024 12:14:01,139619,19,task-eihb,,36766696,BLIND,10840380,,complete,,660fcbcf9fa5ff39ab49a166,computer,Desktop or Laptop,Windows 10,Chrome 123.0.0.0,1536x960,1536x791,,,0,1i-3 A Training,4,,,1i-3,,,Pass,,1i-3 A Training,1i-3 A Training,1,Instructions,Instructions 02,q3gk2e,4,continue,,31230.79999999963,31199.100000000002,31230.79999999963,31230.79999999963,31199.100000000002,31230.79999999963,1,31230.79999999963,0,0,,Click To Continue,Continue Button,2,object-75,,,,,,Instructions,,,,,,,,,,,,,,,,,,,,,,
8,1712312043604,05/04/2024 10:14:03,1712315643604,1,05/04/2024 12:14:03,139619,19,task-eihb,,36766696,BLIND,10840380,,complete,,660fcbcf9fa5ff39ab49a166,computer,Desktop or Laptop,Windows 10,Chrome 123.0.0.0,1536x960,1536x791,,,0,1i-3 A Training,4,,,1i-3,,,Pass,,1i-3 A Training,1i-3 A Training,1,Instructions,Instructions 03,gxa3vr,5,continue,,2222.699999999626,2199.699999999997,2222.699999999626,2222.699999999626,2199.699999999997,2222.699999999626,1,2222.699999999626,0,0,,Click To Continue,Continue Button,1,object-165,,,,,,Instructions,,,,,,,,,,,,,,,,,,,,,,
9,1712312056875,05/04/2024 10:14:16,1712315656875,1,05/04/2024 12:14:16,139619,19,task-eihb,,36766696,BLIND,10840380,,complete,,660fcbcf9fa5ff39ab49a166,computer,Desktop or Laptop,Windows 10,Chrome 123.0.0.0,1536x960,1536x791,,,0,1i-3 A Training,4,,,1i-3,,,Pass,,1i-3 A Training,1i-3 A Training,1,Training02,TrainingA,34efq7,1,response,RUSP WIM,8098.5999999999985,13265.900000000001,13293.700000000747,8098.5999999999985,13265.900000000001,13293.700000000747,1,8098.5999999999985,5195.100000000748,0,,Single Text Entry,TextResponseA,4,object-97,1i-3,_,03,1i-3_03,1,Training02,13_QUIBBLER,ASK,.png,13_QUIBBLER_ASK.png,RUSP,WIM,13_QUIBBLER_RUSP_WIM.png,,RUSP WIM,27_BESTSELLER_ASK.png,27_BESTSELLER_DOTS.png,FICH WUNG,RUSP WIM,RUSP WIM,FICH WUNG,27_BESTSELLER_FICH_WUNG.png,FICH WUNG,,,,,
10,1712312067509,05/04/2024 10:14:27,1712315667509,1,05/04/2024 12:14:27,139619,19,task-eihb,,36766696,BLIND,10840380,,complete,,660fcbcf9fa5ff39ab49a166,computer,Desktop or Laptop,Windows 10,Chrome 123.0.0.0,1536x960,1536x791,,,0,1i-3 A Training,4,,,1i-3,,,Pass,,1i-3 A Training,1i-3 A Training,1,Training02,TrainingB,2yfdu9,2,response,,10662,10632.300000000003,10662,10662,10632.300000000003,10662,1,10662,0,0,,Click Response,Option B,5,object-246,1i-3,_,03,1i-3_03,1,Training02,13_QUIBBLER,ASK,.png,13_QUIBBLER_ASK.png,RUSP,WIM,13_QUIBBLER_RUSP_WIM.png,,RUSP WIM,27_BESTSELLER_ASK.png,27_BESTSELLER_DOTS.png,FICH WUNG,RUSP WIM,RUSP WIM,FICH WUNG,27_BESTSELLER_FICH_WUNG.png,FICH WUNG,,,,,
11,1712312075943,05/04/2024 10:14:35,1712315675943,1,05/04/2024 12:14:35,139619,19,task-eihb,,36766696,BLIND,10840380,,complete,,660fcbcf9fa5ff39ab49a166,computer,Desktop or Laptop,Windows 10,Chrome 123.0.0.0,1536x960,1536x791,,,0,1i-3 A Training,4,,,1i-3,,,Pass,,1i-3 A Training,1i-3 A Training,1,Training02,TrainingC,1ouhhw,3,continue,,8462.400000001115,8432.5,8462.400000001115,8462.400000001115,8432.5,8462.400000001115,1,8462.400000001115,0,0,,Click To Continue,Continue Button,6,object-272,1i-3,_,03,1i-3_03,1,Training02,13_QUIBBLER,ASK,.png,13_QUIBBLER_ASK.png,RUSP,WIM,13_QUIBBLER_RUSP_WIM.png,,RUSP WIM,27_BESTSELLER_ASK.png,27_BESTSELLER_DOTS.png,FICH WUNG,RUSP WIM,RUSP WIM,FICH WUNG,27_BESTSELLER_FICH_WUNG.png,FICH WUNG,,,,,
12,1712312093566,05/04/2024 10:14:53,1712315693566,1,05/04/2024 12:14:53,139619,19,task-eihb,,36766696,BLIND,10840380,,complete,,660fcbcf9fa5ff39ab49a166,computer,Desktop or Laptop,Windows 10,Chrome 123.0.0.0,1536x960,1536x791,,,0,1i-3 A Training,4,,,1i-3,,,Pass,,1i-3 A Training,1i-3 A Training,2,Training02,TrainingA,34efq7,1,response,FICH WUNG,12316.099999999991,17616.59999999999,17649.999999999985,12316.099999999991,17616.59999999999,17649.999999999985,1,12316.099999999991,5333.899999999994,0,,Single Text Entry,TextResponseA,4,object-97,1i-3,_,01,1i-3_01,1,Training02,04_WHEEZES,ASK,.png,04_WHEEZES_ASK.png,FICH,WUNG,04_WHEEZES_FICH_WUNG.png,,FICH WUNG,05_AUROR_ASK.png,05_AUROR_DOTS.png,FICH WUNG,ZETH WAN,FICH WUNG,ZETH WAN,05_AUROR_ZETH_WAN.png,,ZETH WAN,,,,
13,1712312101037,05/04/2024 10:15:01,1712315701037,1,05/04/2024 12:15:01,139619,19,task-eihb,,36766696,BLIND,10840380,,complete,,660fcbcf9fa5ff39ab49a166,computer,Desktop or Laptop,Windows 10,Chrome 123.0.0.0,1536x960,1536x791,,,0,1i-3 A Training,4,,,1i-3,,,Pass,,1i-3 A Training,1i-3 A Training,2,Training02,TrainingB,2yfdu9,2,response,,7499,7466,7499,7499,7466,7499,1,7499,0,0,,Click Response,Option B,5,object-246,1i-3,_,01,1i-3_01,1,Training02,04_WHEEZES,ASK,.png,04_WHEEZES_ASK.png,FICH,WUNG,04_WHEEZES_FICH_WUNG.png,,FICH WUNG,05_AUROR_ASK.png,05_AUROR_DOTS.png,FICH WUNG,ZETH WAN,FICH WUNG,ZETH WAN,05_AUROR_ZETH_WAN.png,,ZETH WAN,,,,
14,1712312104536,05/04/2024 10:15:04,1712315704536,1,05/04/2024 12:15:04,139619,19,task-eihb,,36766696,BLIND,10840380,,complete,,660fcbcf9fa5ff39ab49a166,computer,Desktop or Laptop,Windows 10,Chrome 123.0.0.0,1536x960,1536x791,,,0,1i-3 A Training,4,,,1i-3,,,Pass,,1i-3 A Training,1i-3 A Training,2,Training02,TrainingC,1ouhhw,3,continue,,3534.600000000006,3500.600000000006,3534.600000000006,3534.600000000006,3500.600000000006,3534.600000000006,1,3534.600000000006,0,0,,Click To Continue,Continue Button,6,object-272,1i-3,_,01,1i-3_01,1,Training02,04_WHEEZES,ASK,.png,04_WHEEZES_ASK.png,FICH,WUNG,04_WHEEZES_FICH_WUNG.png,,FICH WUNG,05_AUROR_ASK.png,05_AUROR_DOTS.png,FICH WUNG,ZETH WAN,FICH WUNG,ZETH WAN,05_AUROR_ZETH_WAN.png,,ZETH WAN,,,,
15,1712312111584,05/04/2024 10:15:11,1712315711584,1,05/04/2024 12:15:11,139619,19,task-eihb,,36766696,BLIND,10840380,,complete,,660fcbcf9fa5ff39ab49a166,computer,Desktop or Laptop,Windows 10,Chrome 123.0.0.0,1536x960,1536x791,,,0,1i-3 A Training,4,,,1i-3,,,Pass,,1i-3 A Training,1i-3 A Training,3,Training02,TrainingA,34efq7,1,response,WOUX WAN,3665.199999999997,7065.699999999997,7087.0999999996275,3665.199999999997,7065.699999999997,7087.0999999996275,1,3665.199999999997,3421.8999999996304,0,,Single Text Entry,TextResponseA,4,object-97,1i-3,_,04,1i-3_04,1,Training02,35_PROPHET,ASK,.png,35_PROPHET_ASK.png,WOUX,WAN,35_PROPHET_WOUX_WAN.png,,WOUX WAN,40_BURYSNAPE_ASK.png,40_BURYSNAPE_DOTS.png,WOUX WAN,RUSP WIM,WOUX WAN,RUSP WIM,40_BURYSNAPE_RUSP_WIM.png,,RUSP WIM,,,,
16,1712312120164,05/04/2024 10:15:20,1712315720164,1,05/04/2024 12:15:20,139619,19,task-eihb,,36766696,BLIND,10840380,,complete,,660fcbcf9fa5ff39ab49a166,computer,Desktop or Laptop,Windows 10,Chrome 123.0.0.0,1536x960,1536x791,,,0,1i-3 A Training,4,,,1i-3,,,Pass,,1i-3 A Training,1i-3 A Training,3,Training02,TrainingB,2yfdu9,2,response,,8601.89999999963,8582.300000000003,8601.89999999963,8601.89999999963,8582.300000000003,8601.89999999963,1,8601.89999999963,0,0,,Click Response,Option A,4,object-245,1i-3,_,04,1i-3_04,1,Training02,35_PROPHET,ASK,.png,35_PROPHET_ASK.png,WOUX,WAN,35_PROPHET_WOUX_WAN.png,,WOUX WAN,40_BURYSNAPE_ASK.png,40_BURYSNAPE_DOTS.png,WOUX WAN,RUSP WIM,WOUX WAN,RUSP WIM,40_BURYSNAPE_RUSP_WIM.png,,RUSP WIM,,,,
17,1712312122732,05/04/2024 10:15:22,1712315722732,1,05/04/2024 12:15:22,139619,19,task-eihb,,36766696,BLIND,10840380,,complete,,660fcbcf9fa5ff39ab49a166,computer,Desktop or Laptop,Windows 10,Chrome 123.0.0.0,1536x960,1536x791,,,0,1i-3 A Training,4,,,1i-3,,,Pass,,1i-3 A Training,1i-3 A Training,3,Training02,TrainingC,1ouhhw,3,continue,,2587.7000000011176,2566.5,2587.7000000011176,2587.7000000011176,2566.5,2587.7000000011176,1,2587.7000000011176,0,0,,Click To Continue,Continue Button,6,object-272,1i-3,_,04,1i-3_04,1,Training02,35_PROPHET,ASK,.png,35_PROPHET_ASK.png,WOUX,WAN,35_PROPHET_WOUX_WAN.png,,WOUX WAN,40_BURYSNAPE_ASK.png,40_BURYSNAPE_DOTS.png,WOUX WAN,RUSP WIM,WOUX WAN,RUSP WIM,40_BURYSNAPE_RUSP_WIM.png,,RUSP WIM,,,,
18,1712312135377,05/04/2024 10:15:35,1712315735377,1,05/04/2024 12:15:35,139619,19,task-eihb,,36766696,BLIND,10840380,,complete,,660fcbcf9fa5ff39ab49a166,computer,Desktop or Laptop,Windows 10,Chrome 123.0.0.0,1536x960,1536x791,,,0,1i-3 A Training,4,,,1i-3,,,Pass,,1i-3 A Training,1i-3 A Training,4,Training02,TrainingA,34efq7,1,response,ZETH WAN,2633.899999999994,12633.100000000006,12666.5,2633.899999999994,12633.100000000006,12666.5,1,2633.899999999994,10032.600000000006,0,,Single Text Entry,TextResponseA,4,object-97,1i-3,_,02,1i-3_02,1,Training02,40_BURYSNAPE,ASK,.png,40_BURYSNAPE_ASK.png,ZETH,WAN,40_BURYSNAPE_ZETH_WAN.png,,ZETH WAN,20_PULLSWORD_ASK.png,20_PULLSWORD_DOTS.png,WOUX WAN,ZETH WAN,ZETH WAN,WOUX WAN,20_PULLSWORD_WOUX_WAN.png,WOUX WAN,,,,,
19,1712312151245,05/04/2024 10:15:51,1712315751245,1,05/04/2024 12:15:51,139619,19,task-eihb,,36766696,BLIND,10840380,,complete,,660fcbcf9fa5ff39ab49a166,computer,Desktop or Laptop,Windows 10,Chrome 123.0.0.0,1536x960,1536x791,,,0,1i-3 A Training,4,,,1i-3,,,Pass,,1i-3 A Training,1i-3 A Training,4,Training02,TrainingB,2yfdu9,2,response,,15899.699999999983,15866.199999999983,15899.699999999983,15899.699999999983,15866.199999999983,15899.699999999983,1,15899.699999999983,0,0,,Click Response,Option B,5,object-246,1i-3,_,02,1i-3_02,1,Training02,40_BURYSNAPE,ASK,.png,40_BURYSNAPE_ASK.png,ZETH,WAN,40_BURYSNAPE_ZETH_WAN.png,,ZETH WAN,20_PULLSWORD_ASK.png,20_PULLSWORD_DOTS.png,WOUX WAN,ZETH WAN,ZETH WAN,WOUX WAN,20_PULLSWORD_WOUX_WAN.png,WOUX WAN,,,,,
20,1712312155486,05/04/2024 10:15:55,1712315755486,1,05/04/2024 12:15:55,139619,19,task-eihb,,36766696,BLIND,10840380,,complete,,660fcbcf9fa5ff39ab49a166,computer,Desktop or Laptop,Windows 10,Chrome 123.0.0.0,1536x960,1536x791,,,0,1i-3 A Training,4,,,1i-3,,,Pass,,1i-3 A Training,1i-3 A Training,4,Training02,TrainingC,1ouhhw,3,continue,,4276.299999999639,4266.700000000012,4276.299999999639,4276.299999999639,4266.700000000012,4276.299999999639,1,4276.299999999639,0,0,,Click To Continue,Continue Button,6,object-272,1i-3,_,02,1i-3_02,1,Training02,40_BURYSNAPE,ASK,.png,40_BURYSNAPE_ASK.png,ZETH,WAN,40_BURYSNAPE_ZETH_WAN.png,,ZETH WAN,20_PULLSWORD_ASK.png,20_PULLSWORD_DOTS.png,WOUX WAN,ZETH WAN,ZETH WAN,WOUX WAN,20_PULLSWORD_WOUX_WAN.png,WOUX WAN,,,,,
21,1712312162666,05/04/2024 10:16:02,1712315762666,1,05/04/2024 12:16:02,139619,19,task-eihb,,36766696,BLIND,10840380,,complete,,660fcbcf9fa5ff39ab49a166,computer,Desktop or Laptop,Windows 10,Chrome 123.0.0.0,1536x960,1536x791,,,0,1i-3 A Training,4,,,1i-3,,,Pass,,1i-3 A Training,1i-3 A Training,5,Training02,TrainingA,34efq7,1,response,ZETH WAN,4200.399999999994,7165.399999999994,7189.700000001118,4200.399999999994,7165.399999999994,7189.700000001118,1,4200.399999999994,2989.3000000011234,0,,Single Text Entry,TextResponseA,4,object-97,1i-3,_,06,1i-3_06,2,Training02,12_SKEETER,ASK,.png,12_SKEETER_ASK.png,ZETH,WAN,12_SKEETER_ZETH_WAN.png,,ZETH WAN,12_SKEETER_ASK.png,12_SKEETER_DOTS.png,FICH WUNG,ZETH WAN,ZETH WAN,FICH WUNG,12_SKEETER_FICH_WUNG.png,FICH WUNG,,,,,
22,1712312168554,05/04/2024 10:16:08,1712315768554,1,05/04/2024 12:16:08,139619,19,task-eihb,,36766696,BLIND,10840380,,complete,,660fcbcf9fa5ff39ab49a166,computer,Desktop or Laptop,Windows 10,Chrome 123.0.0.0,1536x960,1536x791,,,0,1i-3 A Training,4,,,1i-3,,,Pass,,1i-3 A Training,1i-3 A Training,5,Training02,TrainingB,2yfdu9,2,response,,5912.000000000378,5900.3000000000175,5912.000000000378,5912.000000000378,5900.3000000000175,5912.000000000378,1,5912.000000000378,0,0,,Click Response,Option B,5,object-246,1i-3,_,06,1i-3_06,2,Training02,12_SKEETER,ASK,.png,12_SKEETER_ASK.png,ZETH,WAN,12_SKEETER_ZETH_WAN.png,,ZETH WAN,12_SKEETER_ASK.png,12_SKEETER_DOTS.png,FICH WUNG,ZETH WAN,ZETH WAN,FICH WUNG,12_SKEETER_FICH_WUNG.png,FICH WUNG,,,,,
23,1712312172968,05/04/2024 10:16:12,1712315772968,1,05/04/2024 12:16:12,139619,19,task-eihb,,36766696,BLIND,10840380,,complete,,660fcbcf9fa5ff39ab49a166,computer,Desktop or Laptop,Windows 10,Chrome 123.0.0.0,1536x960,1536x791,,,0,1i-3 A Training,4,,,1i-3,,,Pass,,1i-3 A Training,1i-3 A Training,5,Training02,TrainingC,1ouhhw,3,continue,,4425.600000000733,4399.299999999988,4425.600000000733,4425.600000000733,4399.299999999988,4425.600000000733,1,4425.600000000733,0,0,,Click To Continue,Continue Button,6,object-272,1i-3,_,06,1i-3_06,2,Training02,12_SKEETER,ASK,.png,12_SKEETER_ASK.png,ZETH,WAN,12_SKEETER_ZETH_WAN.png,,ZETH WAN,12_SKEETER_ASK.png,12_SKEETER_DOTS.png,FICH WUNG,ZETH WAN,ZETH WAN,FICH WUNG,12_SKEETER_FICH_WUNG.png,FICH WUNG,,,,,
24,1712312181132,05/04/2024 10:16:21,1712315781132,1,05/04/2024 12:16:21,139619,19,task-eihb,,36766696,BLIND,10840380,,complete,,660fcbcf9fa5ff39ab49a166,computer,Desktop or Laptop,Windows 10,Chrome 123.0.0.0,1536x960,1536x791,,,0,1i-3 A Training,4,,,1i-3,,,Pass,,1i-3 A Training,1i-3 A Training,6,Training02,TrainingA,34efq7,1,response,WOUX WAN,5700.200000000012,8166.399999999994,8190,5700.200000000012,8166.399999999994,8190,1,5700.200000000012,2489.7999999999884,0,,Single Text Entry,TextResponseA,4,object-97,1i-3,_,08,1i-3_08,2,Training02,28_GALLEONS,ASK,.png,28_GALLEONS_ASK.png,WOUX,WAN,28_GALLEONS_WOUX_WAN.png,,WOUX WAN,39_STOPHAGRID_ASK.png,39_STOPHAGRID_DOTS.png,ZETH WAN,WOUX WAN,WOUX WAN,ZETH WAN,39_STOPHAGRID_ZETH_WAN.png,ZETH WAN,,,,,
25,1712312187082,05/04/2024 10:16:27,1712315787082,1,05/04/2024 12:16:27,139619,19,task-eihb,,36766696,BLIND,10840380,,complete,,660fcbcf9fa5ff39ab49a166,computer,Desktop or Laptop,Windows 10,Chrome 123.0.0.0,1536x960,1536x791,,,0,1i-3 A Training,4,,,1i-3,,,Pass,,1i-3 A Training,1i-3 A Training,6,Training02,TrainingB,2yfdu9,2,response,,5973.800000001123,5949.5,5973.800000001123,5973.800000001123,5949.5,5973.800000001123,1,5973.800000001123,0,0,,Click Response,Option A,4,object-245,1i-3,_,08,1i-3_08,2,Training02,28_GALLEONS,ASK,.png,28_GALLEONS_ASK.png,WOUX,WAN,28_GALLEONS_WOUX_WAN.png,,WOUX WAN,39_STOPHAGRID_ASK.png,39_STOPHAGRID_DOTS.png,ZETH WAN,WOUX WAN,WOUX WAN,ZETH WAN,39_STOPHAGRID_ZETH_WAN.png,ZETH WAN,,,,,
26,1712312188836,05/04/2024 10:16:28,1712315788836,1,05/04/2024 12:16:28,139619,19,task-eihb,,36766696,BLIND,10840380,,complete,,660fcbcf9fa5ff39ab49a166,computer,Desktop or Laptop,Windows 10,Chrome 123.0.0.0,1536x960,1536x791,,,0,1i-3 A Training,4,,,1i-3,,,Pass,,1i-3 A Training,1i-3 A Training,6,Training02,TrainingC,1ouhhw,3,continue,,1778.8000000011234,1767.7000000000116,1778.8000000011234,1778.8000000011234,1767.7000000000116,1778.8000000011234,1,1778.8000000011234,0,0,,Click To Continue,Continue Button,6,object-272,1i-3,_,08,1i-3_08,2,Training02,28_GALLEONS,ASK,.png,28_GALLEONS_ASK.png,WOUX,WAN,28_GALLEONS_WOUX_WAN.png,,WOUX WAN,39_STOPHAGRID_ASK.png,39_STOPHAGRID_DOTS.png,ZETH WAN,WOUX WAN,WOUX WAN,ZETH WAN,39_STOPHAGRID_ZETH_WAN.png,ZETH WAN,,,,,
27,1712312200652,05/04/2024 10:16:40,1712315800652,1,05/04/2024 12:16:40,139619,19,task-eihb,,36766696,BLIND,10840380,,complete,,660fcbcf9fa5ff39ab49a166,computer,Desktop or Laptop,Windows 10,Chrome 123.0.0.0,1536x960,1536x791,,,0,1i-3 A Training,4,,,1i-3,,,Pass,,1i-3 A Training,1i-3 A Training,7,Training02,TrainingA,34efq7,1,response,RUSP WIM,3798.899999999994,11799,11826.999999999622,3798.899999999994,11799,11826.999999999622,1,3798.899999999994,8028.0999999996275,0,,Single Text Entry,TextResponseA,4,object-97,1i-3,_,07,1i-3_07,2,Training02,34_FANLETTERS,ASK,.png,34_FANLETTERS_ASK.png,RUSP,WIM,34_FANLETTERS_RUSP_WIM.png,,RUSP WIM,34_FANLETTERS_ASK.png,34_FANLETTERS_DOTS.png,RUSP WIM,WOUX WAN,RUSP WIM,WOUX WAN,34_FANLETTERS_WOUX_WAN.png,,WOUX WAN,,,,
28,1712312204241,05/04/2024 10:16:44,1712315804241,1,05/04/2024 12:16:44,139619,19,task-eihb,,36766696,BLIND,10840380,,complete,,660fcbcf9fa5ff39ab49a166,computer,Desktop or Laptop,Windows 10,Chrome 123.0.0.0,1536x960,1536x791,,,0,1i-3 A Training,4,,,1i-3,,,Pass,,1i-3 A Training,1i-3 A Training,7,Training02,TrainingB,2yfdu9,2,response,,3617.1000000011118,3599.2999999999884,3617.1000000011118,3617.1000000011118,3599.2999999999884,3617.1000000011118,1,3617.1000000011118,0,0,,Click Response,Option A,4,object-245,1i-3,_,07,1i-3_07,2,Training02,34_FANLETTERS,ASK,.png,34_FANLETTERS_ASK.png,RUSP,WIM,34_FANLETTERS_RUSP_WIM.png,,RUSP WIM,34_FANLETTERS_ASK.png,34_FANLETTERS_DOTS.png,RUSP WIM,WOUX WAN,RUSP WIM,WOUX WAN,34_FANLETTERS_WOUX_WAN.png,,WOUX WAN,,,,
29,1712312210045,05/04/2024 10:16:50,1712315810045,1,05/04/2024 12:16:50,139619,19,task-eihb,,36766696,BLIND,10840380,,complete,,660fcbcf9fa5ff39ab49a166,computer,Desktop or Laptop,Windows 10,Chrome 123.0.0.0,1536x960,1536x791,,,0,1i-3 A Training,4,,,1i-3,,,Pass,,1i-3 A Training,1i-3 A Training,7,Training02,TrainingC,1ouhhw,3,continue,,5821.800000001123,5799.5,5821.800000001123,5821.800000001123,5799.5,5821.800000001123,1,5821.800000001123,0,0,,Click To Continue,Continue Button,6,object-272,1i-3,_,07,1i-3_07,2,Training02,34_FANLETTERS,ASK,.png,34_FANLETTERS_ASK.png,RUSP,WIM,34_FANLETTERS_RUSP_WIM.png,,RUSP WIM,34_FANLETTERS_ASK.png,34_FANLETTERS_DOTS.png,RUSP WIM,WOUX WAN,RUSP WIM,WOUX WAN,34_FANLETTERS_WOUX_WAN.png,,WOUX WAN,,,,
30,1712312222444,05/04/2024 10:17:02,1712315822444,1,05/04/2024 12:17:02,139619,19,task-eihb,,36766696,BLIND,10840380,,complete,,660fcbcf9fa5ff39ab49a166,computer,Desktop or Laptop,Windows 10,Chrome 123.0.0.0,1536x960,1536x791,,,0,1i-3 A Training,4,,,1i-3,,,Pass,,1i-3 A Training,1i-3 A Training,8,Training02,TrainingA,34efq7,1,response,FICH WUNG,4966.8000000000175,12383.300000000017,12416.800000000017,4966.8000000000175,12383.300000000017,12416.800000000017,1,4966.8000000000175,7450,0,,Single Text Entry,TextResponseA,4,object-97,1i-3,_,05,1i-3_05,2,Training02,18_LIVEGODRIC,ASK,.png,18_LIVEGODRIC_ASK.png,FICH,WUNG,18_LIVEGODRIC_FICH_WUNG.png,,FICH WUNG,07_AZKABAN_ASK.png,07_AZKABAN_DOTS.png,FICH WUNG,RUSP WIM,FICH WUNG,RUSP WIM,07_AZKABAN_RUSP_WIM.png,,RUSP WIM,,,,
31,1712312231909,05/04/2024 10:17:11,1712315831909,1,05/04/2024 12:17:11,139619,19,task-eihb,,36766696,BLIND,10840380,,complete,,660fcbcf9fa5ff39ab49a166,computer,Desktop or Laptop,Windows 10,Chrome 123.0.0.0,1536x960,1536x791,,,0,1i-3 A Training,4,,,1i-3,,,Pass,,1i-3 A Training,1i-3 A Training,8,Training02,TrainingB,2yfdu9,2,response,,9498.799999999988,9465.699999999983,9498.799999999988,9498.799999999988,9465.699999999983,9498.799999999988,1,9498.799999999988,0,0,,Click Response,Option B,5,object-246,1i-3,_,05,1i-3_05,2,Training02,18_LIVEGODRIC,ASK,.png,18_LIVEGODRIC_ASK.png,FICH,WUNG,18_LIVEGODRIC_FICH_WUNG.png,,FICH WUNG,07_AZKABAN_ASK.png,07_AZKABAN_DOTS.png,FICH WUNG,RUSP WIM,FICH WUNG,RUSP WIM,07_AZKABAN_RUSP_WIM.png,,RUSP WIM,,,,
32,1712312238958,05/04/2024 10:17:18,1712315838958,1,05/04/2024 12:17:18,139619,19,task-eihb,,36766696,BLIND,10840380,,complete,,660fcbcf9fa5ff39ab49a166,computer,Desktop or Laptop,Windows 10,Chrome 123.0.0.0,1536x960,1536x791,,,0,1i-3 A Training,4,,,1i-3,,,Pass,,1i-3 A Training,1i-3 A Training,8,Training02,TrainingC,1ouhhw,3,continue,,7086.699999999633,7066.700000000012,7086.699999999633,7086.699999999633,7066.700000000012,7086.699999999633,1,7086.699999999633,0,0,,Click To Continue,Continue Button,6,object-272,1i-3,_,05,1i-3_05,2,Training02,18_LIVEGODRIC,ASK,.png,18_LIVEGODRIC_ASK.png,FICH,WUNG,18_LIVEGODRIC_FICH_WUNG.png,,FICH WUNG,07_AZKABAN_ASK.png,07_AZKABAN_DOTS.png,FICH WUNG,RUSP WIM,FICH WUNG,RUSP WIM,07_AZKABAN_RUSP_WIM.png,,RUSP WIM,,,,
33,1712312255616,05/04/2024 10:17:35,1712315855616,1,05/04/2024 12:17:35,139619,19,task-eihb,,36766696,BLIND,10840380,,complete,,660fcbcf9fa5ff39ab49a166,computer,Desktop or Laptop,Windows 10,Chrome 123.0.0.0,1536x960,1536x791,,,0,1i-3 A Training,4,,,1i-3,,,Pass,,1i-3 A Training,1i-3 A Training,9,Training02,TrainingA,34efq7,1,response,FICH WUNG,4199.5,16665.899999999994,16677.10000000111,4199.5,16665.899999999994,16677.10000000111,1,4199.5,12477.600000001112,0,,Single Text Entry,TextResponseA,4,object-97,1i-3,_,09,1i-3_09,3,Training02,32_QWC,ASK,.png,32_QWC_ASK.png,FICH,WUNG,32_QWC_FICH_WUNG.png,,FICH WUNG,13_QUIBBLER_ASK.png,13_QUIBBLER_DOTS.png,FICH WUNG,WOUX WAN,FICH WUNG,WOUX WAN,13_QUIBBLER_WOUX_WAN.png,,WOUX WAN,,,,
34,1712312263254,05/04/2024 10:17:43,1712315863254,1,05/04/2024 12:17:43,139619,19,task-eihb,,36766696,BLIND,10840380,,complete,,660fcbcf9fa5ff39ab49a166,computer,Desktop or Laptop,Windows 10,Chrome 123.0.0.0,1536x960,1536x791,,,0,1i-3 A Training,4,,,1i-3,,,Pass,,1i-3 A Training,1i-3 A Training,9,Training02,TrainingB,2yfdu9,2,response,,7649.4000000003725,7633.5,7649.4000000003725,7649.4000000003725,7633.5,7649.4000000003725,1,7649.4000000003725,0,0,,Click Response,Option B,5,object-246,1i-3,_,09,1i-3_09,3,Training02,32_QWC,ASK,.png,32_QWC_ASK.png,FICH,WUNG,32_QWC_FICH_WUNG.png,,FICH WUNG,13_QUIBBLER_ASK.png,13_QUIBBLER_DOTS.png,FICH WUNG,WOUX WAN,FICH WUNG,WOUX WAN,13_QUIBBLER_WOUX_WAN.png,,WOUX WAN,,,,
35,1712312269801,05/04/2024 10:17:49,1712315869801,1,05/04/2024 12:17:49,139619,19,task-eihb,,36766696,BLIND,10840380,,complete,,660fcbcf9fa5ff39ab49a166,computer,Desktop or Laptop,Windows 10,Chrome 123.0.0.0,1536x960,1536x791,,,0,1i-3 A Training,4,,,1i-3,,,Pass,,1i-3 A Training,1i-3 A Training,9,Training02,TrainingC,1ouhhw,3,continue,,6562.800000000745,6532,6562.800000000745,6562.800000000745,6532,6562.800000000745,1,6562.800000000745,0,0,,Click To Continue,Continue Button,6,object-272,1i-3,_,09,1i-3_09,3,Training02,32_QWC,ASK,.png,32_QWC_ASK.png,FICH,WUNG,32_QWC_FICH_WUNG.png,,FICH WUNG,13_QUIBBLER_ASK.png,13_QUIBBLER_DOTS.png,FICH WUNG,WOUX WAN,FICH WUNG,WOUX WAN,13_QUIBBLER_WOUX_WAN.png,,WOUX WAN,,,,
36,1712312280162,05/04/2024 10:18:00,1712315880162,1,05/04/2024 12:18:00,139619,19,task-eihb,,36766696,BLIND,10840380,,complete,,660fcbcf9fa5ff39ab49a166,computer,Desktop or Laptop,Windows 10,Chrome 123.0.0.0,1536x960,1536x791,,,0,1i-3 A Training,4,,,1i-3,,,Pass,,1i-3 A Training,1i-3 A Training,10,Training02,TrainingA,34efq7,1,response,ZETH WAN,3999.9000000000233,10366.200000000012,10392.099999999627,3999.9000000000233,10366.200000000012,10392.099999999627,1,3999.9000000000233,6392.199999999604,0,,Single Text Entry,TextResponseA,4,object-97,1i-3,_,10,1i-3_10,3,Training02,19_BURYVOLDY,ASK,.png,19_BURYVOLDY_ASK.png,ZETH,WAN,19_BURYVOLDY_ZETH_WAN.png,,ZETH WAN,21_TEACHHOG_ASK.png,21_TEACHHOG_DOTS.png,ZETH WAN,RUSP WIM,ZETH WAN,RUSP WIM,21_TEACHHOG_RUSP_WIM.png,,RUSP WIM,,,,
37,1712312286763,05/04/2024 10:18:06,1712315886763,1,05/04/2024 12:18:06,139619,19,task-eihb,,36766696,BLIND,10840380,,complete,,660fcbcf9fa5ff39ab49a166,computer,Desktop or Laptop,Windows 10,Chrome 123.0.0.0,1536x960,1536x791,,,0,1i-3 A Training,4,,,1i-3,,,Pass,,1i-3 A Training,1i-3 A Training,10,Training02,TrainingB,2yfdu9,2,response,,6626.299999999988,6599.599999999977,6626.299999999988,6626.299999999988,6599.599999999977,6626.299999999988,1,6626.299999999988,0,0,,Click Response,Option B,5,object-246,1i-3,_,10,1i-3_10,3,Training02,19_BURYVOLDY,ASK,.png,19_BURYVOLDY_ASK.png,ZETH,WAN,19_BURYVOLDY_ZETH_WAN.png,,ZETH WAN,21_TEACHHOG_ASK.png,21_TEACHHOG_DOTS.png,ZETH WAN,RUSP WIM,ZETH WAN,RUSP WIM,21_TEACHHOG_RUSP_WIM.png,,RUSP WIM,,,,
38,1712312293634,05/04/2024 10:18:13,1712315893634,1,05/04/2024 12:18:13,139619,19,task-eihb,,36766696,BLIND,10840380,,complete,,660fcbcf9fa5ff39ab49a166,computer,Desktop or Laptop,Windows 10,Chrome 123.0.0.0,1536x960,1536x791,,,0,1i-3 A Training,4,,,1i-3,,,Pass,,1i-3 A Training,1i-3 A Training,10,Training02,TrainingC,1ouhhw,3,continue,,6898.000000000757,6866.299999999988,6898.000000000757,6898.000000000757,6866.299999999988,6898.000000000757,1,6898.000000000757,0,0,,Click To Continue,Continue Button,6,object-272,1i-3,_,10,1i-3_10,3,Training02,19_BURYVOLDY,ASK,.png,19_BURYVOLDY_ASK.png,ZETH,WAN,19_BURYVOLDY_ZETH_WAN.png,,ZETH WAN,21_TEACHHOG_ASK.png,21_TEACHHOG_DOTS.png,ZETH WAN,RUSP WIM,ZETH WAN,RUSP WIM,21_TEACHHOG_RUSP_WIM.png,,RUSP WIM,,,,
39,1712312298678,05/04/2024 10:18:18,1712315898678,1,05/04/2024 12:18:18,139619,19,task-eihb,,36766696,BLIND,10840380,,complete,,660fcbcf9fa5ff39ab49a166,computer,Desktop or Laptop,Windows 10,Chrome 123.0.0.0,1536x960,1536x791,,,0,1i-3 A Training,4,,,1i-3,,,Pass,,1i-3 A Training,1i-3 A Training,11,Training02,TrainingA,34efq7,1,response,WOUX WAN,2800,5066.700000000012,5075.700000000768,2800,5066.700000000012,5075.700000000768,1,2800,2275.7000000007683,0,,Single Text Entry,TextResponseA,4,object-97,1i-3,_,12,1i-3_12,3,Training02,14_MUNGOS,ASK,.png,14_MUNGOS_ASK.png,WOUX,WAN,14_MUNGOS_WOUX_WAN.png,,WOUX WAN,33_ROR_ASK.png,33_ROR_DOTS.png,FICH WUNG,WOUX WAN,WOUX WAN,FICH WUNG,33_ROR_FICH_WUNG.png,FICH WUNG,,,,,
40,1712312302105,05/04/2024 10:18:22,1712315902105,1,05/04/2024 12:18:22,139619,19,task-eihb,,36766696,BLIND,10840380,,complete,,660fcbcf9fa5ff39ab49a166,computer,Desktop or Laptop,Windows 10,Chrome 123.0.0.0,1536x960,1536x791,,,0,1i-3 A Training,4,,,1i-3,,,Pass,,1i-3 A Training,1i-3 A Training,11,Training02,TrainingB,2yfdu9,2,response,,3433.399999999965,3400,3433.399999999965,3433.399999999965,3400,3433.399999999965,1,3433.399999999965,0,0,,Click Response,Option A,4,object-245,1i-3,_,12,1i-3_12,3,Training02,14_MUNGOS,ASK,.png,14_MUNGOS_ASK.png,WOUX,WAN,14_MUNGOS_WOUX_WAN.png,,WOUX WAN,33_ROR_ASK.png,33_ROR_DOTS.png,FICH WUNG,WOUX WAN,WOUX WAN,FICH WUNG,33_ROR_FICH_WUNG.png,FICH WUNG,,,,,
41,1712312303615,05/04/2024 10:18:23,1712315903615,1,05/04/2024 12:18:23,139619,19,task-eihb,,36766696,BLIND,10840380,,complete,,660fcbcf9fa5ff39ab49a166,computer,Desktop or Laptop,Windows 10,Chrome 123.0.0.0,1536x960,1536x791,,,0,1i-3 A Training,4,,,1i-3,,,Pass,,1i-3 A Training,1i-3 A Training,11,Training02,TrainingC,1ouhhw,3,continue,,1545.7000000000116,1533,1545.7000000000116,1545.7000000000116,1533,1545.7000000000116,1,1545.7000000000116,0,0,,Click To Continue,Continue Button,6,object-272,1i-3,_,12,1i-3_12,3,Training02,14_MUNGOS,ASK,.png,14_MUNGOS_ASK.png,WOUX,WAN,14_MUNGOS_WOUX_WAN.png,,WOUX WAN,33_ROR_ASK.png,33_ROR_DOTS.png,FICH WUNG,WOUX WAN,WOUX WAN,FICH WUNG,33_ROR_FICH_WUNG.png,FICH WUNG,,,,,
42,1712312315791,05/04/2024 10:18:35,1712315915791,1,05/04/2024 12:18:35,139619,19,task-eihb,,36766696,BLIND,10840380,,complete,,660fcbcf9fa5ff39ab49a166,computer,Desktop or Laptop,Windows 10,Chrome 123.0.0.0,1536x960,1536x791,,,0,1i-3 A Training,4,,,1i-3,,,Pass,,1i-3 A Training,1i-3 A Training,12,Training02,TrainingA,34efq7,1,response,RUSP WIM,3703.9000000000233,12166.299999999988,12190.100000000384,3703.9000000000233,12166.299999999988,12190.100000000384,1,3703.9000000000233,8486.20000000036,0,,Single Text Entry,TextResponseA,4,object-97,1i-3,_,11,1i-3_11,3,Training02,27_BESTSELLER,ASK,.png,27_BESTSELLER_ASK.png,RUSP,WIM,27_BESTSELLER_RUSP_WIM.png,,RUSP WIM,25_PROSECUTE_ASK.png,25_PROSECUTE_DOTS.png,ZETH WAN,RUSP WIM,RUSP WIM,ZETH WAN,25_PROSECUTE_ZETH_WAN.png,ZETH WAN,,,,,
43,1712312321821,05/04/2024 10:18:41,1712315921821,1,05/04/2024 12:18:41,139619,19,task-eihb,,36766696,BLIND,10840380,,complete,,660fcbcf9fa5ff39ab49a166,computer,Desktop or Laptop,Windows 10,Chrome 123.0.0.0,1536x960,1536x791,,,0,1i-3 A Training,4,,,1i-3,,,Pass,,1i-3 A Training,1i-3 A Training,12,Training02,TrainingB,2yfdu9,2,response,,6054.100000001141,6033.100000000035,6054.100000001141,6054.100000001141,6033.100000000035,6054.100000001141,1,6054.100000001141,0,0,,Click Response,Option A,4,object-245,1i-3,_,11,1i-3_11,3,Training02,27_BESTSELLER,ASK,.png,27_BESTSELLER_ASK.png,RUSP,WIM,27_BESTSELLER_RUSP_WIM.png,,RUSP WIM,25_PROSECUTE_ASK.png,25_PROSECUTE_DOTS.png,ZETH WAN,RUSP WIM,RUSP WIM,ZETH WAN,25_PROSECUTE_ZETH_WAN.png,ZETH WAN,,,,,
44,1712312324570,05/04/2024 10:18:44,1712315924570,1,05/04/2024 12:18:44,139619,19,task-eihb,,36766696,BLIND,10840380,,complete,,660fcbcf9fa5ff39ab49a166,computer,Desktop or Laptop,Windows 10,Chrome 123.0.0.0,1536x960,1536x791,,,0,1i-3 A Training,4,,,1i-3,,,Pass,,1i-3 A Training,1i-3 A Training,12,Training02,TrainingC,1ouhhw,3,continue,,2769.1000000007334,2766.2000000000116,2769.1000000007334,2769.1000000007334,2766.2000000000116,2769.1000000007334,1,2769.1000000007334,0,0,,Click To Continue,Continue Button,6,object-272,1i-3,_,11,1i-3_11,3,Training02,27_BESTSELLER,ASK,.png,27_BESTSELLER_ASK.png,RUSP,WIM,27_BESTSELLER_RUSP_WIM.png,,RUSP WIM,25_PROSECUTE_ASK.png,25_PROSECUTE_DOTS.png,ZETH WAN,RUSP WIM,RUSP WIM,ZETH WAN,25_PROSECUTE_ZETH_WAN.png,ZETH WAN,,,,,
45,1712312337296,05/04/2024 10:18:57,1712315937296,1,05/04/2024 12:18:57,139619,19,task-eihb,,36766696,BLIND,10840380,,complete,,660fcbcf9fa5ff39ab49a166,computer,Desktop or Laptop,Windows 10,Chrome 123.0.0.0,1536x960,1536x791,,,0,1i-3 A Training,4,,,1i-3,,,Pass,,1i-3 A Training,1i-3 A Training,13,Training02,TrainingA,34efq7,1,response,FICH WUNG,6899.399999999965,12699.5,12729.300000001094,6899.399999999965,12699.5,12729.300000001094,1,6899.399999999965,5829.900000001129,0,,Single Text Entry,TextResponseA,4,object-97,1i-3,_,13,1i-3_13,4,Training02,11_RONWAND,ASK,.png,11_RONWAND_ASK.png,FICH,WUNG,11_RONWAND_FICH_WUNG.png,,FICH WUNG,06_MOM_ASK.png,06_MOM_DOTS.png,ZETH WAN,FICH WUNG,FICH WUNG,ZETH WAN,06_MOM_ZETH_WAN.png,ZETH WAN,,,,,
46,1712312344145,05/04/2024 10:19:04,1712315944145,1,05/04/2024 12:19:04,139619,19,task-eihb,,36766696,BLIND,10840380,,complete,,660fcbcf9fa5ff39ab49a166,computer,Desktop or Laptop,Windows 10,Chrome 123.0.0.0,1536x960,1536x791,,,0,1i-3 A Training,4,,,1i-3,,,Pass,,1i-3 A Training,1i-3 A Training,13,Training02,TrainingB,2yfdu9,2,response,,6878.500000000349,6867.399999999965,6878.500000000349,6878.500000000349,6867.399999999965,6878.500000000349,1,6878.500000000349,0,0,,Click Response,Option A,4,object-245,1i-3,_,13,1i-3_13,4,Training02,11_RONWAND,ASK,.png,11_RONWAND_ASK.png,FICH,WUNG,11_RONWAND_FICH_WUNG.png,,FICH WUNG,06_MOM_ASK.png,06_MOM_DOTS.png,ZETH WAN,FICH WUNG,FICH WUNG,ZETH WAN,06_MOM_ZETH_WAN.png,ZETH WAN,,,,,
47,1712312347725,05/04/2024 10:19:07,1712315947725,1,05/04/2024 12:19:07,139619,19,task-eihb,,36766696,BLIND,10840380,,complete,,660fcbcf9fa5ff39ab49a166,computer,Desktop or Laptop,Windows 10,Chrome 123.0.0.0,1536x960,1536x791,,,0,1i-3 A Training,4,,,1i-3,,,Pass,,1i-3 A Training,1i-3 A Training,13,Training02,TrainingC,1ouhhw,3,continue,,3591.4000000011292,3566.5,3591.4000000011292,3591.4000000011292,3566.5,3591.4000000011292,1,3591.4000000011292,0,0,,Click To Continue,Continue Button,6,object-272,1i-3,_,13,1i-3_13,4,Training02,11_RONWAND,ASK,.png,11_RONWAND_ASK.png,FICH,WUNG,11_RONWAND_FICH_WUNG.png,,FICH WUNG,06_MOM_ASK.png,06_MOM_DOTS.png,ZETH WAN,FICH WUNG,FICH WUNG,ZETH WAN,06_MOM_ZETH_WAN.png,ZETH WAN,,,,,
48,1712312352246,05/04/2024 10:19:12,1712315952246,1,05/04/2024 12:19:12,139619,19,task-eihb,,36766696,BLIND,10840380,,complete,,660fcbcf9fa5ff39ab49a166,computer,Desktop or Laptop,Windows 10,Chrome 123.0.0.0,1536x960,1536x791,,,0,1i-3 A Training,4,,,1i-3,,,Pass,,1i-3 A Training,1i-3 A Training,14,Training02,TrainingA,34efq7,1,response,WOUX WAN,2198.5,4514.900000000023,4545.500000000757,2198.5,4514.900000000023,4545.500000000757,1,2198.5,2347.0000000007567,0,,Single Text Entry,TextResponseA,4,object-97,1i-3,_,16,1i-3_16,4,Training02,42_ENGLAND,ASK,.png,42_ENGLAND_ASK.png,WOUX,WAN,42_ENGLAND_WOUX_WAN.png,,WOUX WAN,41_PIXIE_ASK.png,41_PIXIE_DOTS.png,RUSP WIM,WOUX WAN,WOUX WAN,RUSP WIM,41_PIXIE_RUSP_WIM.png,RUSP WIM,,,,,
49,1712312362079,05/04/2024 10:19:22,1712315962079,1,05/04/2024 12:19:22,139619,19,task-eihb,,36766696,BLIND,10840380,,complete,,660fcbcf9fa5ff39ab49a166,computer,Desktop or Laptop,Windows 10,Chrome 123.0.0.0,1536x960,1536x791,,,0,1i-3 A Training,4,,,1i-3,,,Pass,,1i-3 A Training,1i-3 A Training,14,Training02,TrainingB,2yfdu9,2,response,,9863.899999999616,9833.200000000012,9863.899999999616,9863.899999999616,9833.200000000012,9863.899999999616,1,9863.899999999616,0,0,,Click Response,Option A,4,object-245,1i-3,_,16,1i-3_16,4,Training02,42_ENGLAND,ASK,.png,42_ENGLAND_ASK.png,WOUX,WAN,42_ENGLAND_WOUX_WAN.png,,WOUX WAN,41_PIXIE_ASK.png,41_PIXIE_DOTS.png,RUSP WIM,WOUX WAN,WOUX WAN,RUSP WIM,41_PIXIE_RUSP_WIM.png,RUSP WIM,,,,,
50,1712312364929,05/04/2024 10:19:24,1712315964929,1,05/04/2024 12:19:24,139619,19,task-eihb,,36766696,BLIND,10840380,,complete,,660fcbcf9fa5ff39ab49a166,computer,Desktop or Laptop,Windows 10,Chrome 123.0.0.0,1536x960,1536x791,,,0,1i-3 A Training,4,,,1i-3,,,Pass,,1i-3 A Training,1i-3 A Training,14,Training02,TrainingC,1ouhhw,3,continue,,2880.5000000003492,2866.899999999965,2880.5000000003492,2880.5000000003492,2866.899999999965,2880.5000000003492,1,2880.5000000003492,0,0,,Click To Continue,Continue Button,6,object-272,1i-3,_,16,1i-3_16,4,Training02,42_ENGLAND,ASK,.png,42_ENGLAND_ASK.png,WOUX,WAN,42_ENGLAND_WOUX_WAN.png,,WOUX WAN,41_PIXIE_ASK.png,41_PIXIE_DOTS.png,RUSP WIM,WOUX WAN,WOUX WAN,RUSP WIM,41_PIXIE_RUSP_WIM.png,RUSP WIM,,,,,
51,1712312370240,05/04/2024 10:19:30,1712315970240,1,05/04/2024 12:19:30,139619,19,task-eihb,,36766696,BLIND,10840380,,complete,,660fcbcf9fa5ff39ab49a166,computer,Desktop or Laptop,Windows 10,Chrome 123.0.0.0,1536x960,1536x791,,,0,1i-3 A Training,4,,,1i-3,,,Pass,,1i-3 A Training,1i-3 A Training,15,Training02,TrainingA,34efq7,1,response,RUSP WIM,2965.9000000000233,5299.299999999988,5325.400000001129,2965.9000000000233,5299.299999999988,5325.400000001129,1,2965.9000000000233,2359.500000001106,0,,Single Text Entry,TextResponseA,4,object-97,1i-3,_,15,1i-3_15,4,Training02,06_MOM,ASK,.png,06_MOM_ASK.png,RUSP,WIM,06_MOM_RUSP_WIM.png,,RUSP WIM,26_ERISED_ASK.png,26_ERISED_DOTS.png,RUSP WIM,FICH WUNG,RUSP WIM,FICH WUNG,26_ERISED_FICH_WUNG.png,,FICH WUNG,,,,
52,1712312375293,05/04/2024 10:19:35,1712315975293,1,05/04/2024 12:19:35,139619,19,task-eihb,,36766696,BLIND,10840380,,complete,,660fcbcf9fa5ff39ab49a166,computer,Desktop or Laptop,Windows 10,Chrome 123.0.0.0,1536x960,1536x791,,,0,1i-3 A Training,4,,,1i-3,,,Pass,,1i-3 A Training,1i-3 A Training,15,Training02,TrainingB,2yfdu9,2,response,,5077.499999999651,5066.800000000047,5077.499999999651,5077.499999999651,5066.800000000047,5077.499999999651,1,5077.499999999651,0,0,,Click Response,Option B,5,object-246,1i-3,_,15,1i-3_15,4,Training02,06_MOM,ASK,.png,06_MOM_ASK.png,RUSP,WIM,06_MOM_RUSP_WIM.png,,RUSP WIM,26_ERISED_ASK.png,26_ERISED_DOTS.png,RUSP WIM,FICH WUNG,RUSP WIM,FICH WUNG,26_ERISED_FICH_WUNG.png,,FICH WUNG,,,,
53,1712312377357,05/04/2024 10:19:37,1712315977357,1,05/04/2024 12:19:37,139619,19,task-eihb,,36766696,BLIND,10840380,,complete,,660fcbcf9fa5ff39ab49a166,computer,Desktop or Laptop,Windows 10,Chrome 123.0.0.0,1536x960,1536x791,,,0,1i-3 A Training,4,,,1i-3,,,Pass,,1i-3 A Training,1i-3 A Training,15,Training02,TrainingC,1ouhhw,3,continue,,2074.400000000722,2066.399999999965,2074.400000000722,2074.400000000722,2066.399999999965,2074.400000000722,1,2074.400000000722,0,0,,Click To Continue,Continue Button,6,object-272,1i-3,_,15,1i-3_15,4,Training02,06_MOM,ASK,.png,06_MOM_ASK.png,RUSP,WIM,06_MOM_RUSP_WIM.png,,RUSP WIM,26_ERISED_ASK.png,26_ERISED_DOTS.png,RUSP WIM,FICH WUNG,RUSP WIM,FICH WUNG,26_ERISED_FICH_WUNG.png,,FICH WUNG,,,,
54,1712312382141,05/04/2024 10:19:42,1712315982141,1,05/04/2024 12:19:42,139619,19,task-eihb,,36766696,BLIND,10840380,,complete,,660fcbcf9fa5ff39ab49a166,computer,Desktop or Laptop,Windows 10,Chrome 123.0.0.0,1536x960,1536x791,,,0,1i-3 A Training,4,,,1i-3,,,Pass,,1i-3 A Training,1i-3 A Training,16,Training02,TrainingA,34efq7,1,response,ZETH WAN,2133.100000000035,4766.100000000035,4791.600000000384,2133.100000000035,4766.100000000035,4791.600000000384,1,2133.100000000035,2658.5000000003492,0,,Single Text Entry,TextResponseA,4,object-97,1i-3,_,14,1i-3_14,4,Training02,33_ROR,ASK,.png,33_ROR_ASK.png,ZETH,WAN,33_ROR_ZETH_WAN.png,,ZETH WAN,19_BURYVOLDY_ASK.png,19_BURYVOLDY_DOTS.png,ZETH WAN,WOUX WAN,ZETH WAN,WOUX WAN,19_BURYVOLDY_WOUX_WAN.png,,WOUX WAN,,,,
55,1712312387058,05/04/2024 10:19:47,1712315987058,1,05/04/2024 12:19:47,139619,19,task-eihb,,36766696,BLIND,10840380,,complete,,660fcbcf9fa5ff39ab49a166,computer,Desktop or Laptop,Windows 10,Chrome 123.0.0.0,1536x960,1536x791,,,0,1i-3 A Training,4,,,1i-3,,,Pass,,1i-3 A Training,1i-3 A Training,16,Training02,TrainingB,2yfdu9,2,response,,4943.500000000349,4933,4943.500000000349,4943.500000000349,4933,4943.500000000349,1,4943.500000000349,0,0,,Click Response,Option A,4,object-245,1i-3,_,14,1i-3_14,4,Training02,33_ROR,ASK,.png,33_ROR_ASK.png,ZETH,WAN,33_ROR_ZETH_WAN.png,,ZETH WAN,19_BURYVOLDY_ASK.png,19_BURYVOLDY_DOTS.png,ZETH WAN,WOUX WAN,ZETH WAN,WOUX WAN,19_BURYVOLDY_WOUX_WAN.png,,WOUX WAN,,,,
56,1712312391557,05/04/2024 10:19:51,1712315991557,1,05/04/2024 12:19:51,139619,19,task-eihb,,36766696,BLIND,10840380,,complete,,660fcbcf9fa5ff39ab49a166,computer,Desktop or Laptop,Windows 10,Chrome 123.0.0.0,1536x960,1536x791,,,0,1i-3 A Training,4,,,1i-3,,,Pass,,1i-3 A Training,1i-3 A Training,16,Training02,TrainingC,1ouhhw,3,continue,,4509.800000001094,4499.899999999965,4509.800000001094,4509.800000001094,4499.899999999965,4509.800000001094,1,4509.800000001094,0,0,,Click To Continue,Continue Button,6,object-272,1i-3,_,14,1i-3_14,4,Training02,33_ROR,ASK,.png,33_ROR_ASK.png,ZETH,WAN,33_ROR_ZETH_WAN.png,,ZETH WAN,19_BURYVOLDY_ASK.png,19_BURYVOLDY_DOTS.png,ZETH WAN,WOUX WAN,ZETH WAN,WOUX WAN,19_BURYVOLDY_WOUX_WAN.png,,WOUX WAN,,,,
57,1712312398439,05/04/2024 10:19:58,1712315998439,1,05/04/2024 12:19:58,139619,19,task-eihb,,36766696,BLIND,10840380,,complete,,660fcbcf9fa5ff39ab49a166,computer,Desktop or Laptop,Windows 10,Chrome 123.0.0.0,1536x960,1536x791,,,0,1i-3 A Training,4,,,1i-3,,,Pass,,1i-3 A Training,1i-3 A Training,17,Training02,TrainingA,34efq7,1,response,ZETH WAN,3633.600000000035,6866.200000000012,6891.100000000384,3633.600000000035,6866.200000000012,6891.100000000384,1,3633.600000000035,3257.5000000003492,0,,Single Text Entry,TextResponseA,4,object-97,1i-3,_,18,1i-3_18,5,Training02,05_AUROR,ASK,.png,05_AUROR_ASK.png,ZETH,WAN,05_AUROR_ZETH_WAN.png,,ZETH WAN,11_RONWAND_ASK.png,11_RONWAND_DOTS.png,ZETH WAN,FICH WUNG,ZETH WAN,FICH WUNG,11_RONWAND_FICH_WUNG.png,,FICH WUNG,,,,
58,1712312401829,05/04/2024 10:20:01,1712316001829,1,05/04/2024 12:20:01,139619,19,task-eihb,,36766696,BLIND,10840380,,complete,,660fcbcf9fa5ff39ab49a166,computer,Desktop or Laptop,Windows 10,Chrome 123.0.0.0,1536x960,1536x791,,,0,1i-3 A Training,4,,,1i-3,,,Pass,,1i-3 A Training,1i-3 A Training,17,Training02,TrainingB,2yfdu9,2,response,,3415.5999999996275,3399.7999999999884,3415.5999999996275,3415.5999999996275,3399.7999999999884,3415.5999999996275,1,3415.5999999996275,0,0,,Click Response,Option B,5,object-246,1i-3,_,18,1i-3_18,5,Training02,05_AUROR,ASK,.png,05_AUROR_ASK.png,ZETH,WAN,05_AUROR_ZETH_WAN.png,,ZETH WAN,11_RONWAND_ASK.png,11_RONWAND_DOTS.png,ZETH WAN,FICH WUNG,ZETH WAN,FICH WUNG,11_RONWAND_FICH_WUNG.png,,FICH WUNG,,,,
59,1712312405341,05/04/2024 10:20:05,1712316005341,1,05/04/2024 12:20:05,139619,19,task-eihb,,36766696,BLIND,10840380,,complete,,660fcbcf9fa5ff39ab49a166,computer,Desktop or Laptop,Windows 10,Chrome 123.0.0.0,1536x960,1536x791,,,0,1i-3 A Training,4,,,1i-3,,,Pass,,1i-3 A Training,1i-3 A Training,17,Training02,TrainingC,1ouhhw,3,continue,,3527.600000000384,3500.100000000035,3527.600000000384,3527.600000000384,3500.100000000035,3527.600000000384,1,3527.600000000384,0,0,,Click To Continue,Continue Button,6,object-272,1i-3,_,18,1i-3_18,5,Training02,05_AUROR,ASK,.png,05_AUROR_ASK.png,ZETH,WAN,05_AUROR_ZETH_WAN.png,,ZETH WAN,11_RONWAND_ASK.png,11_RONWAND_DOTS.png,ZETH WAN,FICH WUNG,ZETH WAN,FICH WUNG,11_RONWAND_FICH_WUNG.png,,FICH WUNG,,,,
60,1712312410875,05/04/2024 10:20:10,1712316010875,1,05/04/2024 12:20:10,139619,19,task-eihb,,36766696,BLIND,10840380,,complete,,660fcbcf9fa5ff39ab49a166,computer,Desktop or Laptop,Windows 10,Chrome 123.0.0.0,1536x960,1536x791,,,0,1i-3 A Training,4,,,1i-3,,,Pass,,1i-3 A Training,1i-3 A Training,18,Training02,TrainingA,34efq7,1,response,WOUX WAN,3066.7999999999884,5533.899999999965,5561.599999999977,3066.7999999999884,5533.899999999965,5561.599999999977,1,3066.7999999999884,2494.7999999999884,0,,Single Text Entry,TextResponseA,4,object-97,1i-3,_,20,1i-3_20,5,Training02,21_TEACHHOG,ASK,.png,21_TEACHHOG_ASK.png,WOUX,WAN,21_TEACHHOG_WOUX_WAN.png,,WOUX WAN,42_ENGLAND_ASK.png,42_ENGLAND_DOTS.png,WOUX WAN,ZETH WAN,WOUX WAN,ZETH WAN,42_ENGLAND_ZETH_WAN.png,,ZETH WAN,,,,
61,1712312419295,05/04/2024 10:20:19,1712316019295,1,05/04/2024 12:20:19,139619,19,task-eihb,,36766696,BLIND,10840380,,complete,,660fcbcf9fa5ff39ab49a166,computer,Desktop or Laptop,Windows 10,Chrome 123.0.0.0,1536x960,1536x791,,,0,1i-3 A Training,4,,,1i-3,,,Pass,,1i-3 A Training,1i-3 A Training,18,Training02,TrainingB,2yfdu9,2,response,,8447.600000000384,8431.799999999988,8447.600000000384,8447.600000000384,8431.799999999988,8447.600000000384,1,8447.600000000384,0,0,,Click Response,Option B,5,object-246,1i-3,_,20,1i-3_20,5,Training02,21_TEACHHOG,ASK,.png,21_TEACHHOG_ASK.png,WOUX,WAN,21_TEACHHOG_WOUX_WAN.png,,WOUX WAN,42_ENGLAND_ASK.png,42_ENGLAND_DOTS.png,WOUX WAN,ZETH WAN,WOUX WAN,ZETH WAN,42_ENGLAND_ZETH_WAN.png,,ZETH WAN,,,,
62,1712312421706,05/04/2024 10:20:21,1712316021706,1,05/04/2024 12:20:21,139619,19,task-eihb,,36766696,BLIND,10840380,,complete,,660fcbcf9fa5ff39ab49a166,computer,Desktop or Laptop,Windows 10,Chrome 123.0.0.0,1536x960,1536x791,,,0,1i-3 A Training,4,,,1i-3,,,Pass,,1i-3 A Training,1i-3 A Training,18,Training02,TrainingC,1ouhhw,3,continue,,2426.4000000000233,2400.8000000000466,2426.4000000000233,2426.4000000000233,2400.8000000000466,2426.4000000000233,1,2426.4000000000233,0,0,,Click To Continue,Continue Button,6,object-272,1i-3,_,20,1i-3_20,5,Training02,21_TEACHHOG,ASK,.png,21_TEACHHOG_ASK.png,WOUX,WAN,21_TEACHHOG_WOUX_WAN.png,,WOUX WAN,42_ENGLAND_ASK.png,42_ENGLAND_DOTS.png,WOUX WAN,ZETH WAN,WOUX WAN,ZETH WAN,42_ENGLAND_ZETH_WAN.png,,ZETH WAN,,,,
63,1712312430086,05/04/2024 10:20:30,1712316030086,1,05/04/2024 12:20:30,139619,19,task-eihb,,36766696,BLIND,10840380,,complete,,660fcbcf9fa5ff39ab49a166,computer,Desktop or Laptop,Windows 10,Chrome 123.0.0.0,1536x960,1536x791,,,0,1i-3 A Training,4,,,1i-3,,,Pass,,1i-3 A Training,1i-3 A Training,19,Training02,TrainingA,34efq7,1,response,FICH WUNG,3466.0999999999767,8398.899999999965,8405.50000000035,3466.0999999999767,8398.899999999965,8405.50000000035,1,3466.0999999999767,4939.4000000003725,0,,Single Text Entry,TextResponseA,4,object-97,1i-3,_,17,1i-3_17,5,Training02,25_PROSECUTE,ASK,.png,25_PROSECUTE_ASK.png,FICH,WUNG,25_PROSECUTE_FICH_WUNG.png,,FICH WUNG,04_WHEEZES_ASK.png,04_WHEEZES_DOTS.png,RUSP WIM,FICH WUNG,FICH WUNG,RUSP WIM,04_WHEEZES_RUSP_WIM.png,RUSP WIM,,,,,
64,1712312434281,05/04/2024 10:20:34,1712316034281,1,05/04/2024 12:20:34,139619,19,task-eihb,,36766696,BLIND,10840380,,complete,,660fcbcf9fa5ff39ab49a166,computer,Desktop or Laptop,Windows 10,Chrome 123.0.0.0,1536x960,1536x791,,,0,1i-3 A Training,4,,,1i-3,,,Pass,,1i-3 A Training,1i-3 A Training,19,Training02,TrainingB,2yfdu9,2,response,,4202.000000000757,4199.600000000035,4202.000000000757,4202.000000000757,4199.600000000035,4202.000000000757,1,4202.000000000757,0,0,,Click Response,Option A,4,object-245,1i-3,_,17,1i-3_17,5,Training02,25_PROSECUTE,ASK,.png,25_PROSECUTE_ASK.png,FICH,WUNG,25_PROSECUTE_FICH_WUNG.png,,FICH WUNG,04_WHEEZES_ASK.png,04_WHEEZES_DOTS.png,RUSP WIM,FICH WUNG,FICH WUNG,RUSP WIM,04_WHEEZES_RUSP_WIM.png,RUSP WIM,,,,,
65,1712312436861,05/04/2024 10:20:36,1712316036861,1,05/04/2024 12:20:36,139619,19,task-eihb,,36766696,BLIND,10840380,,complete,,660fcbcf9fa5ff39ab49a166,computer,Desktop or Laptop,Windows 10,Chrome 123.0.0.0,1536x960,1536x791,,,0,1i-3 A Training,4,,,1i-3,,,Pass,,1i-3 A Training,1i-3 A Training,19,Training02,TrainingC,1ouhhw,3,continue,,2582.3000000010943,2549.899999999965,2582.3000000010943,2582.3000000010943,2549.899999999965,2582.3000000010943,1,2582.3000000010943,0,0,,Click To Continue,Continue Button,6,object-272,1i-3,_,17,1i-3_17,5,Training02,25_PROSECUTE,ASK,.png,25_PROSECUTE_ASK.png,FICH,WUNG,25_PROSECUTE_FICH_WUNG.png,,FICH WUNG,04_WHEEZES_ASK.png,04_WHEEZES_DOTS.png,RUSP WIM,FICH WUNG,FICH WUNG,RUSP WIM,04_WHEEZES_RUSP_WIM.png,RUSP WIM,,,,,
66,1712312445157,05/04/2024 10:20:45,1712316045157,1,05/04/2024 12:20:45,139619,19,task-eihb,,36766696,BLIND,10840380,,complete,,660fcbcf9fa5ff39ab49a166,computer,Desktop or Laptop,Windows 10,Chrome 123.0.0.0,1536x960,1536x791,,,0,1i-3 A Training,4,,,1i-3,,,Pass,,1i-3 A Training,1i-3 A Training,20,Training02,TrainingA,34efq7,1,response,RUSP WIM,5533.200000000012,8299.900000000023,8328.600000000384,5533.200000000012,8299.900000000023,8328.600000000384,1,5533.200000000012,2795.4000000003725,0,,Single Text Entry,TextResponseA,4,object-97,1i-3,_,19,1i-3_19,5,Training02,41_PIXIE,ASK,.png,41_PIXIE_ASK.png,RUSP,WIM,41_PIXIE_RUSP_WIM.png,,RUSP WIM,35_PROPHET_ASK.png,35_PROPHET_DOTS.png,WOUX WAN,RUSP WIM,RUSP WIM,WOUX WAN,35_PROPHET_WOUX_WAN.png,WOUX WAN,,,,,
67,1712312447903,05/04/2024 10:20:47,1712316047903,1,05/04/2024 12:20:47,139619,19,task-eihb,,36766696,BLIND,10840380,,complete,,660fcbcf9fa5ff39ab49a166,computer,Desktop or Laptop,Windows 10,Chrome 123.0.0.0,1536x960,1536x791,,,0,1i-3 A Training,4,,,1i-3,,,Pass,,1i-3 A Training,1i-3 A Training,20,Training02,TrainingB,2yfdu9,2,response,,2774.000000001106,2749.5999999999767,2774.000000001106,2774.000000001106,2749.5999999999767,2774.000000001106,1,2774.000000001106,0,0,,Click Response,Option A,4,object-245,1i-3,_,19,1i-3_19,5,Training02,41_PIXIE,ASK,.png,41_PIXIE_ASK.png,RUSP,WIM,41_PIXIE_RUSP_WIM.png,,RUSP WIM,35_PROPHET_ASK.png,35_PROPHET_DOTS.png,WOUX WAN,RUSP WIM,RUSP WIM,WOUX WAN,35_PROPHET_WOUX_WAN.png,WOUX WAN,,,,,
68,1712312449495,05/04/2024 10:20:49,1712316049495,1,05/04/2024 12:20:49,139619,19,task-eihb,,36766696,BLIND,10840380,,complete,,660fcbcf9fa5ff39ab49a166,computer,Desktop or Laptop,Windows 10,Chrome 123.0.0.0,1536x960,1536x791,,,0,1i-3 A Training,4,,,1i-3,,,Pass,,1i-3 A Training,1i-3 A Training,20,Training02,TrainingC,1ouhhw,3,continue,,1617.299999999639,1599.9000000000233,1617.299999999639,1617.299999999639,1599.9000000000233,1617.299999999639,1,1617.299999999639,0,0,,Click To Continue,Continue Button,6,object-272,1i-3,_,19,1i-3_19,5,Training02,41_PIXIE,ASK,.png,41_PIXIE_ASK.png,RUSP,WIM,41_PIXIE_RUSP_WIM.png,,RUSP WIM,35_PROPHET_ASK.png,35_PROPHET_DOTS.png,WOUX WAN,RUSP WIM,RUSP WIM,WOUX WAN,35_PROPHET_WOUX_WAN.png,WOUX WAN,,,,,
69,1712312453930,05/04/2024 10:20:53,1712316053930,1,05/04/2024 12:20:53,139619,19,task-eihb,,36766696,BLIND,10840380,,complete,,660fcbcf9fa5ff39ab49a166,computer,Desktop or Laptop,Windows 10,Chrome 123.0.0.0,1536x960,1536x791,,,0,1i-3 A Training,4,,,1i-3,,,Pass,,1i-3 A Training,1i-3 A Training,21,Training02,TrainingA,34efq7,1,response,ZETH WAN,1774.2999999999884,4433.299999999988,4452.100000000733,1774.2999999999884,4433.299999999988,4452.100000000733,1,1774.2999999999884,2677.800000000745,0,,Single Text Entry,TextResponseA,4,object-97,1i-3,_,22,1i-3_22,6,Training02,26_ERISED,ASK,.png,26_ERISED_ASK.png,ZETH,WAN,26_ERISED_ZETH_WAN.png,,ZETH WAN,18_LIVEGODRIC_ASK.png,18_LIVEGODRIC_DOTS.png,RUSP WIM,ZETH WAN,ZETH WAN,RUSP WIM,18_LIVEGODRIC_RUSP_WIM.png,RUSP WIM,,,,,
70,1712312459417,05/04/2024 10:20:59,1712316059417,1,05/04/2024 12:20:59,139619,19,task-eihb,,36766696,BLIND,10840380,,complete,,660fcbcf9fa5ff39ab49a166,computer,Desktop or Laptop,Windows 10,Chrome 123.0.0.0,1536x960,1536x791,,,0,1i-3 A Training,4,,,1i-3,,,Pass,,1i-3 A Training,1i-3 A Training,21,Training02,TrainingB,2yfdu9,2,response,,5505.4000000003725,5500.099999999977,5505.4000000003725,5505.4000000003725,5500.099999999977,5505.4000000003725,1,5505.4000000003725,0,0,,Click Response,Option A,4,object-245,1i-3,_,22,1i-3_22,6,Training02,26_ERISED,ASK,.png,26_ERISED_ASK.png,ZETH,WAN,26_ERISED_ZETH_WAN.png,,ZETH WAN,18_LIVEGODRIC_ASK.png,18_LIVEGODRIC_DOTS.png,RUSP WIM,ZETH WAN,ZETH WAN,RUSP WIM,18_LIVEGODRIC_RUSP_WIM.png,RUSP WIM,,,,,
71,1712312463446,05/04/2024 10:21:03,1712316063446,1,05/04/2024 12:21:03,139619,19,task-eihb,,36766696,BLIND,10840380,,complete,,660fcbcf9fa5ff39ab49a166,computer,Desktop or Laptop,Windows 10,Chrome 123.0.0.0,1536x960,1536x791,,,0,1i-3 A Training,4,,,1i-3,,,Pass,,1i-3 A Training,1i-3 A Training,21,Training02,TrainingC,1ouhhw,3,continue,,4032.7999999999884,3999.7000000000116,4032.7999999999884,4032.7999999999884,3999.7000000000116,4032.7999999999884,1,4032.7999999999884,0,0,,Click To Continue,Continue Button,6,object-272,1i-3,_,22,1i-3_22,6,Training02,26_ERISED,ASK,.png,26_ERISED_ASK.png,ZETH,WAN,26_ERISED_ZETH_WAN.png,,ZETH WAN,18_LIVEGODRIC_ASK.png,18_LIVEGODRIC_DOTS.png,RUSP WIM,ZETH WAN,ZETH WAN,RUSP WIM,18_LIVEGODRIC_RUSP_WIM.png,RUSP WIM,,,,,
72,1712312472163,05/04/2024 10:21:12,1712316072163,1,05/04/2024 12:21:12,139619,19,task-eihb,,36766696,BLIND,10840380,,complete,,660fcbcf9fa5ff39ab49a166,computer,Desktop or Laptop,Windows 10,Chrome 123.0.0.0,1536x960,1536x791,,,0,1i-3 A Training,4,,,1i-3,,,Pass,,1i-3 A Training,1i-3 A Training,22,Training02,TrainingA,34efq7,1,response,FICH WUNG,5799.700000000012,8732.400000000023,8751.700000000012,5799.700000000012,8732.400000000023,8751.700000000012,1,5799.700000000012,2952,0,,Single Text Entry,TextResponseA,4,object-97,1i-3,_,21,1i-3_21,6,Training02,39_STOPHAGRID,ASK,.png,39_STOPHAGRID_ASK.png,FICH,WUNG,39_STOPHAGRID_FICH_WUNG.png,,FICH WUNG,14_MUNGOS_ASK.png,14_MUNGOS_DOTS.png,WOUX WAN,FICH WUNG,FICH WUNG,WOUX WAN,14_MUNGOS_WOUX_WAN.png,WOUX WAN,,,,,
73,1712312491337,05/04/2024 10:21:31,1712316091337,1,05/04/2024 12:21:31,139619,19,task-eihb,,36766696,BLIND,10840380,,complete,,660fcbcf9fa5ff39ab49a166,computer,Desktop or Laptop,Windows 10,Chrome 123.0.0.0,1536x960,1536x791,,,0,1i-3 A Training,4,,,1i-3,,,Pass,,1i-3 A Training,1i-3 A Training,22,Training02,TrainingB,2yfdu9,2,response,,19192.79999999999,19183.29999999999,19192.79999999999,19192.79999999999,19183.29999999999,19192.79999999999,1,19192.79999999999,0,0,,Click Response,Option B,5,object-246,1i-3,_,21,1i-3_21,6,Training02,39_STOPHAGRID,ASK,.png,39_STOPHAGRID_ASK.png,FICH,WUNG,39_STOPHAGRID_FICH_WUNG.png,,FICH WUNG,14_MUNGOS_ASK.png,14_MUNGOS_DOTS.png,WOUX WAN,FICH WUNG,FICH WUNG,WOUX WAN,14_MUNGOS_WOUX_WAN.png,WOUX WAN,,,,,
74,1712312492265,05/04/2024 10:21:32,1712316092265,1,05/04/2024 12:21:32,139619,19,task-eihb,,36766696,BLIND,10840380,,complete,,660fcbcf9fa5ff39ab49a166,computer,Desktop or Laptop,Windows 10,Chrome 123.0.0.0,1536x960,1536x791,,,0,1i-3 A Training,4,,,1i-3,,,Pass,,1i-3 A Training,1i-3 A Training,22,Training02,TrainingC,1ouhhw,3,continue,,935.1000000000349,900.4000000000233,935.1000000000349,935.1000000000349,900.4000000000233,935.1000000000349,1,935.1000000000349,0,0,,Click To Continue,Continue Button,6,object-272,1i-3,_,21,1i-3_21,6,Training02,39_STOPHAGRID,ASK,.png,39_STOPHAGRID_ASK.png,FICH,WUNG,39_STOPHAGRID_FICH_WUNG.png,,FICH WUNG,14_MUNGOS_ASK.png,14_MUNGOS_DOTS.png,WOUX WAN,FICH WUNG,FICH WUNG,WOUX WAN,14_MUNGOS_WOUX_WAN.png,WOUX WAN,,,,,
75,1712312497689,05/04/2024 10:21:37,1712316097689,1,05/04/2024 12:21:37,139619,19,task-eihb,,36766696,BLIND,10840380,,complete,,660fcbcf9fa5ff39ab49a166,computer,Desktop or Laptop,Windows 10,Chrome 123.0.0.0,1536x960,1536x791,,,0,1i-3 A Training,4,,,1i-3,,,Pass,,1i-3 A Training,1i-3 A Training,23,Training02,TrainingA,34efq7,1,response,WOUX WAN,3199,5448.5,5462.000000000349,3199,5448.5,5462.000000000349,1,3199,2263.0000000003492,0,,Single Text Entry,TextResponseA,4,object-97,1i-3,_,24,1i-3_24,6,Training02,07_AZKABAN,ASK,.png,07_AZKABAN_ASK.png,WOUX,WAN,07_AZKABAN_WOUX_WAN.png,,WOUX WAN,32_QWC_ASK.png,32_QWC_DOTS.png,WOUX WAN,FICH WUNG,WOUX WAN,FICH WUNG,32_QWC_FICH_WUNG.png,,FICH WUNG,,,,
76,1712312501109,05/04/2024 10:21:41,1712316101109,1,05/04/2024 12:21:41,139619,19,task-eihb,,36766696,BLIND,10840380,,complete,,660fcbcf9fa5ff39ab49a166,computer,Desktop or Laptop,Windows 10,Chrome 123.0.0.0,1536x960,1536x791,,,0,1i-3 A Training,4,,,1i-3,,,Pass,,1i-3 A Training,1i-3 A Training,23,Training02,TrainingB,2yfdu9,2,response,,3432.4000000000233,3416.5,3432.4000000000233,3432.4000000000233,3416.5,3432.4000000000233,1,3432.4000000000233,0,0,,Click Response,Option B,5,object-246,1i-3,_,24,1i-3_24,6,Training02,07_AZKABAN,ASK,.png,07_AZKABAN_ASK.png,WOUX,WAN,07_AZKABAN_WOUX_WAN.png,,WOUX WAN,32_QWC_ASK.png,32_QWC_DOTS.png,WOUX WAN,FICH WUNG,WOUX WAN,FICH WUNG,32_QWC_FICH_WUNG.png,,FICH WUNG,,,,
77,1712312504617,05/04/2024 10:21:44,1712316104617,1,05/04/2024 12:21:44,139619,19,task-eihb,,36766696,BLIND,10840380,,complete,,660fcbcf9fa5ff39ab49a166,computer,Desktop or Laptop,Windows 10,Chrome 123.0.0.0,1536x960,1536x791,,,0,1i-3 A Training,4,,,1i-3,,,Pass,,1i-3 A Training,1i-3 A Training,23,Training02,TrainingC,1ouhhw,3,continue,,3525.3000000010943,3516.399999999965,3525.3000000010943,3525.3000000010943,3516.399999999965,3525.3000000010943,1,3525.3000000010943,0,0,,Click To Continue,Continue Button,6,object-272,1i-3,_,24,1i-3_24,6,Training02,07_AZKABAN,ASK,.png,07_AZKABAN_ASK.png,WOUX,WAN,07_AZKABAN_WOUX_WAN.png,,WOUX WAN,32_QWC_ASK.png,32_QWC_DOTS.png,WOUX WAN,FICH WUNG,WOUX WAN,FICH WUNG,32_QWC_FICH_WUNG.png,,FICH WUNG,,,,
78,1712312509381,05/04/2024 10:21:49,1712316109381,1,05/04/2024 12:21:49,139619,19,task-eihb,,36766696,BLIND,10840380,,complete,,660fcbcf9fa5ff39ab49a166,computer,Desktop or Laptop,Windows 10,Chrome 123.0.0.0,1536x960,1536x791,,,0,1i-3 A Training,4,,,1i-3,,,Pass,,1i-3 A Training,1i-3 A Training,24,Training02,TrainingA,34efq7,1,response,RUSP WIM,2416.7000000000116,4766.799999999988,4773.100000000384,2416.7000000000116,4766.799999999988,4773.100000000384,1,2416.7000000000116,2356.4000000003725,0,,Single Text Entry,TextResponseA,4,object-97,1i-3,_,23,1i-3_23,6,Training02,20_PULLSWORD,ASK,.png,20_PULLSWORD_ASK.png,RUSP,WIM,20_PULLSWORD_RUSP_WIM.png,,RUSP WIM,28_GALLEONS_ASK.png,28_GALLEONS_DOTS.png,RUSP WIM,ZETH WAN,RUSP WIM,ZETH WAN,28_GALLEONS_ZETH_WAN.png,,ZETH WAN,,,,
79,1712312512889,05/04/2024 10:21:52,1712316112889,1,05/04/2024 12:21:52,139619,19,task-eihb,,36766696,BLIND,10840380,,complete,,660fcbcf9fa5ff39ab49a166,computer,Desktop or Laptop,Windows 10,Chrome 123.0.0.0,1536x960,1536x791,,,0,1i-3 A Training,4,,,1i-3,,,Pass,,1i-3 A Training,1i-3 A Training,24,Training02,TrainingB,2yfdu9,2,response,,3513.600000001141,3499.9000000000233,3513.600000001141,3513.600000001141,3499.9000000000233,3513.600000001141,1,3513.600000001141,0,0,,Click Response,Option B,5,object-246,1i-3,_,23,1i-3_23,6,Training02,20_PULLSWORD,ASK,.png,20_PULLSWORD_ASK.png,RUSP,WIM,20_PULLSWORD_RUSP_WIM.png,,RUSP WIM,28_GALLEONS_ASK.png,28_GALLEONS_DOTS.png,RUSP WIM,ZETH WAN,RUSP WIM,ZETH WAN,28_GALLEONS_ZETH_WAN.png,,ZETH WAN,,,,
80,1712312513999,05/04/2024 10:21:53,1712316113999,1,05/04/2024 12:21:53,139619,19,task-eihb,,36766696,BLIND,10840380,,complete,,660fcbcf9fa5ff39ab49a166,computer,Desktop or Laptop,Windows 10,Chrome 123.0.0.0,1536x960,1536x791,,,0,1i-3 A Training,4,,,1i-3,,,Pass,,1i-3 A Training,1i-3 A Training,24,Training02,TrainingC,1ouhhw,3,continue,,1123.800000000745,1116.2000000000116,1123.800000000745,1123.800000000745,1116.2000000000116,1123.800000000745,1,1123.800000000745,0,0,,Click To Continue,Continue Button,6,object-272,1i-3,_,23,1i-3_23,6,Training02,20_PULLSWORD,ASK,.png,20_PULLSWORD_ASK.png,RUSP,WIM,20_PULLSWORD_RUSP_WIM.png,,RUSP WIM,28_GALLEONS_ASK.png,28_GALLEONS_DOTS.png,RUSP WIM,ZETH WAN,RUSP WIM,ZETH WAN,28_GALLEONS_ZETH_WAN.png,,ZETH WAN,,,,
81,1712312514006,05/04/2024 10:21:54,1712316114006,1,05/04/2024 12:21:54,139619,19,task-eihb,,36766696,BLIND,10840380,,complete,,660fcbcf9fa5ff39ab49a166,computer,Desktop or Laptop,Windows 10,Chrome 123.0.0.0,1536x960,1536x791,,,0,1i-3 A Training,4,,,1i-3,,,Pass,,1i-3 A Training,1i-3 A Training,,,,,,5,END,,,,,,,0,,,,,,,,,,,,,,,,,,,,,,,,,,,,,,,,,,,,
1,1712311992165,05/04/2024 10:13:12,1712315592165,1,05/04/2024 12:13:12,139619,19,task-eihb,,36766692,BLIND,10840444,,complete,,660fccf5e4ce4ff4f4528b99,computer,Desktop or Laptop,Windows 10,Chrome 123.0.0.0,1536x864,1536x703,,,0,1i-3 A Training,4,,,1i-3,,,Pass,,1i-3 A Training,1i-3 A Training,,,,,,5,BEGIN,,,,,,,0,,,,,,,,,,,,,,,,,,,,,,,,,,,,,,,,,,,,
2,1712311995482,05/04/2024 10:13:15,1712315595482,1,05/04/2024 12:13:15,139619,19,task-eihb,,36766692,BLIND,10840444,,complete,,660fccf5e4ce4ff4f4528b99,computer,Desktop or Laptop,Windows 10,Chrome 123.0.0.0,1536x864,1536x703,,,0,1i-3 A Training,4,,,1i-3,,,Pass,,1i-3 A Training,1i-3 A Training,1,Instructions,Attention Check 5,4xnmv6,1,continue,,3140.1,3132.5,3140.1,3140.1,3132.5,3140.1,1,3140.1,0,0,,Click To Continue,Continue Button,4,object-285,,,,,,Instructions,,,,,,,,,,,,,,,,,,,,,,
3,1712311995483,05/04/2024 10:13:15,1712315595483,1,05/04/2024 12:13:15,139619,19,task-eihb,,36766692,BLIND,10840444,,complete,,660fccf5e4ce4ff4f4528b99,computer,Desktop or Laptop,Windows 10,Chrome 123.0.0.0,1536x864,1536x703,,,0,1i-3 A Training,4,,,1i-3,,,Pass,,1i-3 A Training,1i-3 A Training,1,Instructions,Attention Check 5,4xnmv6,1,response,Accio!,2499.5,3132.5,3141.1,2499.5,3132.5,3141.1,1,2499.5,641.5999999999999,0,,Dropdown,Dropdown5,3,object-284,,,,,,Instructions,,,,,,,,,,,,,,,,,,,,,,
4,1712312000870,05/04/2024 10:13:20,1712315600870,1,05/04/2024 12:13:20,139619,19,task-eihb,,36766692,BLIND,10840444,,complete,,660fccf5e4ce4ff4f4528b99,computer,Desktop or Laptop,Windows 10,Chrome 123.0.0.0,1536x864,1536x703,,,0,1i-3 A Training,4,,,1i-3,,,Pass,,1i-3 A Training,1i-3 A Training,1,Instructions,Attention Check 6,wf497f,2,continue,,5395.6,5381.4,5395.6,5395.6,5381.4,5395.6,1,5395.6,0,0,,Click To Continue,Continue Button,4,object-292,,,,,,Instructions,,,,,,,,,,,,,,,,,,,,,,
5,1712312000870,05/04/2024 10:13:20,1712315600870,1,05/04/2024 12:13:20,139619,19,task-eihb,,36766692,BLIND,10840444,,complete,,660fccf5e4ce4ff4f4528b99,computer,Desktop or Laptop,Windows 10,Chrome 123.0.0.0,1536x864,1536x703,,,0,1i-3 A Training,4,,,1i-3,,,Pass,,1i-3 A Training,1i-3 A Training,1,Instructions,Attention Check 6,wf497f,2,response,The Invisibility Cloak,4465.1,5381.4,5396.400000071526,4465.1,5381.4,5396.400000071526,1,4465.1,931.3000000715256,0,,Dropdown,Dropdown6,3,object-291,,,,,,Instructions,,,,,,,,,,,,,,,,,,,,,,
6,1712312003417,05/04/2024 10:13:23,1712315603417,1,05/04/2024 12:13:23,139619,19,task-eihb,,36766692,BLIND,10840444,,complete,,660fccf5e4ce4ff4f4528b99,computer,Desktop or Laptop,Windows 10,Chrome 123.0.0.0,1536x864,1536x703,,,0,1i-3 A Training,4,,,1i-3,,,Pass,,1i-3 A Training,1i-3 A Training,1,Instructions,Screen 22,3y4guk,3,continue,,2562.2000000000007,2549.2000000000007,2562.2000000000007,2562.2000000000007,2549.2000000000007,2562.2000000000007,1,2562.2000000000007,0,0,,Click To Continue,Continue Button,3,object-297,,,,,,Instructions,,,,,,,,,,,,,,,,,,,,,,
7,1712312013311,05/04/2024 10:13:33,1712315613311,1,05/04/2024 12:13:33,139619,19,task-eihb,,36766692,BLIND,10840444,,complete,,660fccf5e4ce4ff4f4528b99,computer,Desktop or Laptop,Windows 10,Chrome 123.0.0.0,1536x864,1536x703,,,0,1i-3 A Training,4,,,1i-3,,,Pass,,1i-3 A Training,1i-3 A Training,1,Instructions,Instructions 02,q3gk2e,4,continue,,9906.700000047684,9896.599999999999,9906.700000047684,9906.700000047684,9896.599999999999,9906.700000047684,1,9906.700000047684,0,0,,Click To Continue,Continue Button,2,object-75,,,,,,Instructions,,,,,,,,,,,,,,,,,,,,,,
8,1712312015687,05/04/2024 10:13:35,1712315615687,1,05/04/2024 12:13:35,139619,19,task-eihb,,36766692,BLIND,10840444,,complete,,660fccf5e4ce4ff4f4528b99,computer,Desktop or Laptop,Windows 10,Chrome 123.0.0.0,1536x864,1536x703,,,0,1i-3 A Training,4,,,1i-3,,,Pass,,1i-3 A Training,1i-3 A Training,1,Instructions,Instructions 03,gxa3vr,5,continue,,2386.100000047685,2382.5,2386.100000047685,2386.100000047685,2382.5,2386.100000047685,1,2386.100000047685,0,0,,Click To Continue,Continue Button,1,object-165,,,,,,Instructions,,,,,,,,,,,,,,,,,,,,,,
9,1712312032853,05/04/2024 10:13:52,1712315632853,1,05/04/2024 12:13:52,139619,19,task-eihb,,36766692,BLIND,10840444,,complete,,660fccf5e4ce4ff4f4528b99,computer,Desktop or Laptop,Windows 10,Chrome 123.0.0.0,1536x864,1536x703,,,0,1i-3 A Training,4,,,1i-3,,,Pass,,1i-3 A Training,1i-3 A Training,1,Training02,TrainingA,34efq7,1,response,ZETH WAN,8198,17160.800000000003,17169.700000071527,8198,17160.800000000003,17169.700000071527,1,8198,8971.700000071527,0,,Single Text Entry,TextResponseA,4,object-97,1i-3,_,02,1i-3_02,1,Training02,40_BURYSNAPE,ASK,.png,40_BURYSNAPE_ASK.png,ZETH,WAN,40_BURYSNAPE_ZETH_WAN.png,,ZETH WAN,20_PULLSWORD_ASK.png,20_PULLSWORD_DOTS.png,WOUX WAN,ZETH WAN,ZETH WAN,WOUX WAN,20_PULLSWORD_WOUX_WAN.png,WOUX WAN,,,,,
10,1712312044160,05/04/2024 10:14:04,1712315644160,1,05/04/2024 12:14:04,139619,19,task-eihb,,36766692,BLIND,10840444,,complete,,660fccf5e4ce4ff4f4528b99,computer,Desktop or Laptop,Windows 10,Chrome 123.0.0.0,1536x864,1536x703,,,0,1i-3 A Training,4,,,1i-3,,,Pass,,1i-3 A Training,1i-3 A Training,1,Training02,TrainingB,2yfdu9,2,response,,11315.20000002384,11312.799999999996,11315.20000002384,11315.20000002384,11312.799999999996,11315.20000002384,1,11315.20000002384,0,0,,Click Response,Option A,4,object-245,1i-3,_,02,1i-3_02,1,Training02,40_BURYSNAPE,ASK,.png,40_BURYSNAPE_ASK.png,ZETH,WAN,40_BURYSNAPE_ZETH_WAN.png,,ZETH WAN,20_PULLSWORD_ASK.png,20_PULLSWORD_DOTS.png,WOUX WAN,ZETH WAN,ZETH WAN,WOUX WAN,20_PULLSWORD_WOUX_WAN.png,WOUX WAN,,,,,
11,1712312046538,05/04/2024 10:14:06,1712315646538,1,05/04/2024 12:14:06,139619,19,task-eihb,,36766692,BLIND,10840444,,complete,,660fccf5e4ce4ff4f4528b99,computer,Desktop or Laptop,Windows 10,Chrome 123.0.0.0,1536x864,1536x703,,,0,1i-3 A Training,4,,,1i-3,,,Pass,,1i-3 A Training,1i-3 A Training,1,Training02,TrainingC,1ouhhw,3,continue,,2380.5000000476866,2365.9000000000015,2380.5000000476866,2380.5000000476866,2365.9000000000015,2380.5000000476866,1,2380.5000000476866,0,0,,Click To Continue,Continue Button,6,object-272,1i-3,_,02,1i-3_02,1,Training02,40_BURYSNAPE,ASK,.png,40_BURYSNAPE_ASK.png,ZETH,WAN,40_BURYSNAPE_ZETH_WAN.png,,ZETH WAN,20_PULLSWORD_ASK.png,20_PULLSWORD_DOTS.png,WOUX WAN,ZETH WAN,ZETH WAN,WOUX WAN,20_PULLSWORD_WOUX_WAN.png,WOUX WAN,,,,,
12,1712312057699,05/04/2024 10:14:17,1712315657699,1,05/04/2024 12:14:17,139619,19,task-eihb,,36766692,BLIND,10840444,,complete,,660fccf5e4ce4ff4f4528b99,computer,Desktop or Laptop,Windows 10,Chrome 123.0.0.0,1536x864,1536x703,,,0,1i-3 A Training,4,,,1i-3,,,Pass,,1i-3 A Training,1i-3 A Training,2,Training02,TrainingA,34efq7,1,response,WOUX WAN,5531.700000000004,11163.000000000007,11175.900000000001,5531.700000000004,11163.000000000007,11175.900000000001,1,5531.700000000004,5644.199999999997,0,,Single Text Entry,TextResponseA,4,object-97,1i-3,_,04,1i-3_04,1,Training02,35_PROPHET,ASK,.png,35_PROPHET_ASK.png,WOUX,WAN,35_PROPHET_WOUX_WAN.png,,WOUX WAN,40_BURYSNAPE_ASK.png,40_BURYSNAPE_DOTS.png,WOUX WAN,RUSP WIM,WOUX WAN,RUSP WIM,40_BURYSNAPE_RUSP_WIM.png,,RUSP WIM,,,,
13,1712312072806,05/04/2024 10:14:32,1712315672806,1,05/04/2024 12:14:32,139619,19,task-eihb,,36766692,BLIND,10840444,,complete,,660fccf5e4ce4ff4f4528b99,computer,Desktop or Laptop,Windows 10,Chrome 123.0.0.0,1536x864,1536x703,,,0,1i-3 A Training,4,,,1i-3,,,Pass,,1i-3 A Training,1i-3 A Training,2,Training02,TrainingB,2yfdu9,2,response,,15120.000000023836,15111.699999999997,15120.000000023836,15120.000000023836,15111.699999999997,15120.000000023836,1,15120.000000023836,0,0,,Click Response,Option B,5,object-246,1i-3,_,04,1i-3_04,1,Training02,35_PROPHET,ASK,.png,35_PROPHET_ASK.png,WOUX,WAN,35_PROPHET_WOUX_WAN.png,,WOUX WAN,40_BURYSNAPE_ASK.png,40_BURYSNAPE_DOTS.png,WOUX WAN,RUSP WIM,WOUX WAN,RUSP WIM,40_BURYSNAPE_RUSP_WIM.png,,RUSP WIM,,,,
14,1712312074469,05/04/2024 10:14:34,1712315674469,1,05/04/2024 12:14:34,139619,19,task-eihb,,36766692,BLIND,10840444,,complete,,660fccf5e4ce4ff4f4528b99,computer,Desktop or Laptop,Windows 10,Chrome 123.0.0.0,1536x864,1536x703,,,0,1i-3 A Training,4,,,1i-3,,,Pass,,1i-3 A Training,1i-3 A Training,2,Training02,TrainingC,1ouhhw,3,continue,,1671.1000000953645,1666,1671.1000000953645,1671.1000000953645,1666,1671.1000000953645,1,1671.1000000953645,0,0,,Click To Continue,Continue Button,6,object-272,1i-3,_,04,1i-3_04,1,Training02,35_PROPHET,ASK,.png,35_PROPHET_ASK.png,WOUX,WAN,35_PROPHET_WOUX_WAN.png,,WOUX WAN,40_BURYSNAPE_ASK.png,40_BURYSNAPE_DOTS.png,WOUX WAN,RUSP WIM,WOUX WAN,RUSP WIM,40_BURYSNAPE_RUSP_WIM.png,,RUSP WIM,,,,
15,1712312083359,05/04/2024 10:14:43,1712315683359,1,05/04/2024 12:14:43,139619,19,task-eihb,,36766692,BLIND,10840444,,complete,,660fccf5e4ce4ff4f4528b99,computer,Desktop or Laptop,Windows 10,Chrome 123.0.0.0,1536x864,1536x703,,,0,1i-3 A Training,4,,,1i-3,,,Pass,,1i-3 A Training,1i-3 A Training,3,Training02,TrainingA,34efq7,1,response,FICH WUNG,5081.599999999991,8880.399999999994,8895.40000004768,5081.599999999991,8880.399999999994,8895.40000004768,1,5081.599999999991,3813.8000000476895,0,,Single Text Entry,TextResponseA,4,object-97,1i-3,_,01,1i-3_01,1,Training02,04_WHEEZES,ASK,.png,04_WHEEZES_ASK.png,FICH,WUNG,04_WHEEZES_FICH_WUNG.png,,FICH WUNG,05_AUROR_ASK.png,05_AUROR_DOTS.png,FICH WUNG,ZETH WAN,FICH WUNG,ZETH WAN,05_AUROR_ZETH_WAN.png,,ZETH WAN,,,,
16,1712312089332,05/04/2024 10:14:49,1712315689332,1,05/04/2024 12:14:49,139619,19,task-eihb,,36766692,BLIND,10840444,,complete,,660fccf5e4ce4ff4f4528b99,computer,Desktop or Laptop,Windows 10,Chrome 123.0.0.0,1536x864,1536x703,,,0,1i-3 A Training,4,,,1i-3,,,Pass,,1i-3 A Training,1i-3 A Training,3,Training02,TrainingB,2yfdu9,2,response,,5987.500000047687,5981.100000000006,5987.500000047687,5987.500000047687,5981.100000000006,5987.500000047687,1,5987.500000047687,0,0,,Click Response,Option B,5,object-246,1i-3,_,01,1i-3_01,1,Training02,04_WHEEZES,ASK,.png,04_WHEEZES_ASK.png,FICH,WUNG,04_WHEEZES_FICH_WUNG.png,,FICH WUNG,05_AUROR_ASK.png,05_AUROR_DOTS.png,FICH WUNG,ZETH WAN,FICH WUNG,ZETH WAN,05_AUROR_ZETH_WAN.png,,ZETH WAN,,,,
17,1712312090423,05/04/2024 10:14:50,1712315690423,1,05/04/2024 12:14:50,139619,19,task-eihb,,36766692,BLIND,10840444,,complete,,660fccf5e4ce4ff4f4528b99,computer,Desktop or Laptop,Windows 10,Chrome 123.0.0.0,1536x864,1536x703,,,0,1i-3 A Training,4,,,1i-3,,,Pass,,1i-3 A Training,1i-3 A Training,3,Training02,TrainingC,1ouhhw,3,continue,,1097.5000000715227,1083.0999999999913,1097.5000000715227,1097.5000000715227,1083.0999999999913,1097.5000000715227,1,1097.5000000715227,0,0,,Click To Continue,Continue Button,6,object-272,1i-3,_,01,1i-3_01,1,Training02,04_WHEEZES,ASK,.png,04_WHEEZES_ASK.png,FICH,WUNG,04_WHEEZES_FICH_WUNG.png,,FICH WUNG,05_AUROR_ASK.png,05_AUROR_DOTS.png,FICH WUNG,ZETH WAN,FICH WUNG,ZETH WAN,05_AUROR_ZETH_WAN.png,,ZETH WAN,,,,
18,1712312101582,05/04/2024 10:15:01,1712315701582,1,05/04/2024 12:15:01,139619,19,task-eihb,,36766692,BLIND,10840444,,complete,,660fccf5e4ce4ff4f4528b99,computer,Desktop or Laptop,Windows 10,Chrome 123.0.0.0,1536x864,1536x703,,,0,1i-3 A Training,4,,,1i-3,,,Pass,,1i-3 A Training,1i-3 A Training,4,Training02,TrainingA,34efq7,1,response,RUSP WIM,5131.600000000006,11162.900000000009,11173.900000071531,5131.600000000006,11162.900000000009,11173.900000071531,1,5131.600000000006,6042.300000071526,0,,Single Text Entry,TextResponseA,4,object-97,1i-3,_,03,1i-3_03,1,Training02,13_QUIBBLER,ASK,.png,13_QUIBBLER_ASK.png,RUSP,WIM,13_QUIBBLER_RUSP_WIM.png,,RUSP WIM,27_BESTSELLER_ASK.png,27_BESTSELLER_DOTS.png,FICH WUNG,RUSP WIM,RUSP WIM,FICH WUNG,27_BESTSELLER_FICH_WUNG.png,FICH WUNG,,,,,
19,1712312144742,05/04/2024 10:15:44,1712315744742,1,05/04/2024 12:15:44,139619,19,task-eihb,,36766692,BLIND,10840444,,complete,,660fccf5e4ce4ff4f4528b99,computer,Desktop or Laptop,Windows 10,Chrome 123.0.0.0,1536x864,1536x703,,,0,1i-3 A Training,4,,,1i-3,,,Pass,,1i-3 A Training,1i-3 A Training,4,Training02,TrainingB,2yfdu9,2,response,,43171.2,43168.40000000001,43171.2,43171.2,43168.40000000001,43171.2,1,43171.2,0,0,,Click Response,Option B,5,object-246,1i-3,_,03,1i-3_03,1,Training02,13_QUIBBLER,ASK,.png,13_QUIBBLER_ASK.png,RUSP,WIM,13_QUIBBLER_RUSP_WIM.png,,RUSP WIM,27_BESTSELLER_ASK.png,27_BESTSELLER_DOTS.png,FICH WUNG,RUSP WIM,RUSP WIM,FICH WUNG,27_BESTSELLER_FICH_WUNG.png,FICH WUNG,,,,,
20,1712312152693,05/04/2024 10:15:52,1712315752693,1,05/04/2024 12:15:52,139619,19,task-eihb,,36766692,BLIND,10840444,,complete,,660fccf5e4ce4ff4f4528b99,computer,Desktop or Laptop,Windows 10,Chrome 123.0.0.0,1536x864,1536x703,,,0,1i-3 A Training,4,,,1i-3,,,Pass,,1i-3 A Training,1i-3 A Training,4,Training02,TrainingC,1ouhhw,3,continue,,7953.500000047672,7947.399999999994,7953.500000047672,7953.500000047672,7947.399999999994,7953.500000047672,1,7953.500000047672,0,0,,Click To Continue,Continue Button,6,object-272,1i-3,_,03,1i-3_03,1,Training02,13_QUIBBLER,ASK,.png,13_QUIBBLER_ASK.png,RUSP,WIM,13_QUIBBLER_RUSP_WIM.png,,RUSP WIM,27_BESTSELLER_ASK.png,27_BESTSELLER_DOTS.png,FICH WUNG,RUSP WIM,RUSP WIM,FICH WUNG,27_BESTSELLER_FICH_WUNG.png,FICH WUNG,,,,,
21,1712312165763,05/04/2024 10:16:05,1712315765763,1,05/04/2024 12:16:05,139619,19,task-eihb,,36766692,BLIND,10840444,,complete,,660fccf5e4ce4ff4f4528b99,computer,Desktop or Laptop,Windows 10,Chrome 123.0.0.0,1536x864,1536x703,,,0,1i-3 A Training,4,,,1i-3,,,Pass,,1i-3 A Training,1i-3 A Training,5,Training02,TrainingA,34efq7,1,response,FICH WUNG,8363.799999999988,13062.299999999988,13075.899999999994,8363.799999999988,13062.299999999988,13075.899999999994,1,8363.799999999988,4712.100000000006,0,,Single Text Entry,TextResponseA,4,object-97,1i-3,_,05,1i-3_05,2,Training02,18_LIVEGODRIC,ASK,.png,18_LIVEGODRIC_ASK.png,FICH,WUNG,18_LIVEGODRIC_FICH_WUNG.png,,FICH WUNG,07_AZKABAN_ASK.png,07_AZKABAN_DOTS.png,FICH WUNG,RUSP WIM,FICH WUNG,RUSP WIM,07_AZKABAN_RUSP_WIM.png,,RUSP WIM,,,,
22,1712312171958,05/04/2024 10:16:11,1712315771958,1,05/04/2024 12:16:11,139619,19,task-eihb,,36766692,BLIND,10840444,,complete,,660fccf5e4ce4ff4f4528b99,computer,Desktop or Laptop,Windows 10,Chrome 123.0.0.0,1536x864,1536x703,,,0,1i-3 A Training,4,,,1i-3,,,Pass,,1i-3 A Training,1i-3 A Training,5,Training02,TrainingB,2yfdu9,2,response,,6209.000000095373,6197.899999999994,6209.000000095373,6209.000000095373,6197.899999999994,6209.000000095373,1,6209.000000095373,0,0,,Click Response,Option B,5,object-246,1i-3,_,05,1i-3_05,2,Training02,18_LIVEGODRIC,ASK,.png,18_LIVEGODRIC_ASK.png,FICH,WUNG,18_LIVEGODRIC_FICH_WUNG.png,,FICH WUNG,07_AZKABAN_ASK.png,07_AZKABAN_DOTS.png,FICH WUNG,RUSP WIM,FICH WUNG,RUSP WIM,07_AZKABAN_RUSP_WIM.png,,RUSP WIM,,,,
23,1712312175231,05/04/2024 10:16:15,1712315775231,1,05/04/2024 12:16:15,139619,19,task-eihb,,36766692,BLIND,10840444,,complete,,660fccf5e4ce4ff4f4528b99,computer,Desktop or Laptop,Windows 10,Chrome 123.0.0.0,1536x864,1536x703,,,0,1i-3 A Training,4,,,1i-3,,,Pass,,1i-3 A Training,1i-3 A Training,5,Training02,TrainingC,1ouhhw,3,continue,,3283.8000000238535,3282.100000000006,3283.8000000238535,3283.8000000238535,3282.100000000006,3283.8000000238535,1,3283.8000000238535,0,0,,Click To Continue,Continue Button,6,object-272,1i-3,_,05,1i-3_05,2,Training02,18_LIVEGODRIC,ASK,.png,18_LIVEGODRIC_ASK.png,FICH,WUNG,18_LIVEGODRIC_FICH_WUNG.png,,FICH WUNG,07_AZKABAN_ASK.png,07_AZKABAN_DOTS.png,FICH WUNG,RUSP WIM,FICH WUNG,RUSP WIM,07_AZKABAN_RUSP_WIM.png,,RUSP WIM,,,,
24,1712312186430,05/04/2024 10:16:26,1712315786430,1,05/04/2024 12:16:26,139619,19,task-eihb,,36766692,BLIND,10840444,,complete,,660fccf5e4ce4ff4f4528b99,computer,Desktop or Laptop,Windows 10,Chrome 123.0.0.0,1536x864,1536x703,,,0,1i-3 A Training,4,,,1i-3,,,Pass,,1i-3 A Training,1i-3 A Training,6,Training02,TrainingA,34efq7,1,response,WOUX WAN,5115.200000000012,11196.399999999994,11201.30000004769,5115.200000000012,11196.399999999994,11201.30000004769,1,5115.200000000012,6086.100000047678,0,,Single Text Entry,TextResponseA,4,object-97,1i-3,_,08,1i-3_08,2,Training02,28_GALLEONS,ASK,.png,28_GALLEONS_ASK.png,WOUX,WAN,28_GALLEONS_WOUX_WAN.png,,WOUX WAN,39_STOPHAGRID_ASK.png,39_STOPHAGRID_DOTS.png,ZETH WAN,WOUX WAN,WOUX WAN,ZETH WAN,39_STOPHAGRID_ZETH_WAN.png,ZETH WAN,,,,,
25,1712312190762,05/04/2024 10:16:30,1712315790762,1,05/04/2024 12:16:30,139619,19,task-eihb,,36766692,BLIND,10840444,,complete,,660fccf5e4ce4ff4f4528b99,computer,Desktop or Laptop,Windows 10,Chrome 123.0.0.0,1536x864,1536x703,,,0,1i-3 A Training,4,,,1i-3,,,Pass,,1i-3 A Training,1i-3 A Training,6,Training02,TrainingB,2yfdu9,2,response,,4336.500000071537,4331.8000000000175,4336.500000071537,4336.500000071537,4331.8000000000175,4336.500000071537,1,4336.500000071537,0,0,,Click Response,Option A,4,object-245,1i-3,_,08,1i-3_08,2,Training02,28_GALLEONS,ASK,.png,28_GALLEONS_ASK.png,WOUX,WAN,28_GALLEONS_WOUX_WAN.png,,WOUX WAN,39_STOPHAGRID_ASK.png,39_STOPHAGRID_DOTS.png,ZETH WAN,WOUX WAN,WOUX WAN,ZETH WAN,39_STOPHAGRID_ZETH_WAN.png,ZETH WAN,,,,,
26,1712312191671,05/04/2024 10:16:31,1712315791671,1,05/04/2024 12:16:31,139619,19,task-eihb,,36766692,BLIND,10840444,,complete,,660fccf5e4ce4ff4f4528b99,computer,Desktop or Laptop,Windows 10,Chrome 123.0.0.0,1536x864,1536x703,,,0,1i-3 A Training,4,,,1i-3,,,Pass,,1i-3 A Training,1i-3 A Training,6,Training02,TrainingC,1ouhhw,3,continue,,913.6000000476779,899.6000000000058,913.6000000476779,913.6000000476779,899.6000000000058,913.6000000476779,1,913.6000000476779,0,0,,Click To Continue,Continue Button,6,object-272,1i-3,_,08,1i-3_08,2,Training02,28_GALLEONS,ASK,.png,28_GALLEONS_ASK.png,WOUX,WAN,28_GALLEONS_WOUX_WAN.png,,WOUX WAN,39_STOPHAGRID_ASK.png,39_STOPHAGRID_DOTS.png,ZETH WAN,WOUX WAN,WOUX WAN,ZETH WAN,39_STOPHAGRID_ZETH_WAN.png,ZETH WAN,,,,,
27,1712312225682,05/04/2024 10:17:05,1712315825682,1,05/04/2024 12:17:05,139619,19,task-eihb,,36766692,BLIND,10840444,,complete,,660fccf5e4ce4ff4f4528b99,computer,Desktop or Laptop,Windows 10,Chrome 123.0.0.0,1536x864,1536x703,,,0,1i-3 A Training,4,,,1i-3,,,Pass,,1i-3 A Training,1i-3 A Training,7,Training02,TrainingA,34efq7,1,response,RUSP WIM,3099,34022.09999999998,34025.200000095356,3099,34022.09999999998,34025.200000095356,1,3099,30926.200000095356,0,,Single Text Entry,TextResponseA,4,object-97,1i-3,_,07,1i-3_07,2,Training02,34_FANLETTERS,ASK,.png,34_FANLETTERS_ASK.png,RUSP,WIM,34_FANLETTERS_RUSP_WIM.png,,RUSP WIM,34_FANLETTERS_ASK.png,34_FANLETTERS_DOTS.png,RUSP WIM,WOUX WAN,RUSP WIM,WOUX WAN,34_FANLETTERS_WOUX_WAN.png,,WOUX WAN,,,,
28,1712312229319,05/04/2024 10:17:09,1712315829319,1,05/04/2024 12:17:09,139619,19,task-eihb,,36766692,BLIND,10840444,,complete,,660fccf5e4ce4ff4f4528b99,computer,Desktop or Laptop,Windows 10,Chrome 123.0.0.0,1536x864,1536x703,,,0,1i-3 A Training,4,,,1i-3,,,Pass,,1i-3 A Training,1i-3 A Training,7,Training02,TrainingB,2yfdu9,2,response,,3640.4000000476954,3631.8000000000175,3640.4000000476954,3640.4000000476954,3631.8000000000175,3640.4000000476954,1,3640.4000000476954,0,0,,Click Response,Option A,4,object-245,1i-3,_,07,1i-3_07,2,Training02,34_FANLETTERS,ASK,.png,34_FANLETTERS_ASK.png,RUSP,WIM,34_FANLETTERS_RUSP_WIM.png,,RUSP WIM,34_FANLETTERS_ASK.png,34_FANLETTERS_DOTS.png,RUSP WIM,WOUX WAN,RUSP WIM,WOUX WAN,34_FANLETTERS_WOUX_WAN.png,,WOUX WAN,,,,
29,1712312234969,05/04/2024 10:17:14,1712315834969,1,05/04/2024 12:17:14,139619,19,task-eihb,,36766692,BLIND,10840444,,complete,,660fccf5e4ce4ff4f4528b99,computer,Desktop or Laptop,Windows 10,Chrome 123.0.0.0,1536x864,1536x703,,,0,1i-3 A Training,4,,,1i-3,,,Pass,,1i-3 A Training,1i-3 A Training,7,Training02,TrainingC,1ouhhw,3,continue,,5658.000000023836,5648.100000000006,5658.000000023836,5658.000000023836,5648.100000000006,5658.000000023836,1,5658.000000023836,0,0,,Click To Continue,Continue Button,6,object-272,1i-3,_,07,1i-3_07,2,Training02,34_FANLETTERS,ASK,.png,34_FANLETTERS_ASK.png,RUSP,WIM,34_FANLETTERS_RUSP_WIM.png,,RUSP WIM,34_FANLETTERS_ASK.png,34_FANLETTERS_DOTS.png,RUSP WIM,WOUX WAN,RUSP WIM,WOUX WAN,34_FANLETTERS_WOUX_WAN.png,,WOUX WAN,,,,
30,1712312255152,05/04/2024 10:17:35,1712315855152,1,05/04/2024 12:17:35,139619,19,task-eihb,,36766692,BLIND,10840444,,complete,,660fccf5e4ce4ff4f4528b99,computer,Desktop or Laptop,Windows 10,Chrome 123.0.0.0,1536x864,1536x703,,,0,1i-3 A Training,4,,,1i-3,,,Pass,,1i-3 A Training,1i-3 A Training,8,Training02,TrainingA,34efq7,1,response,ZETH WAN,17194.099999999977,20176.399999999965,20192.899999999965,17194.099999999977,20176.399999999965,20192.899999999965,1,17194.099999999977,2998.7999999999884,0,,Single Text Entry,TextResponseA,4,object-97,1i-3,_,06,1i-3_06,2,Training02,12_SKEETER,ASK,.png,12_SKEETER_ASK.png,ZETH,WAN,12_SKEETER_ZETH_WAN.png,,ZETH WAN,12_SKEETER_ASK.png,12_SKEETER_DOTS.png,FICH WUNG,ZETH WAN,ZETH WAN,FICH WUNG,12_SKEETER_FICH_WUNG.png,FICH WUNG,,,,,
31,1712312257368,05/04/2024 10:17:37,1712315857368,1,05/04/2024 12:17:37,139619,19,task-eihb,,36766692,BLIND,10840444,,complete,,660fccf5e4ce4ff4f4528b99,computer,Desktop or Laptop,Windows 10,Chrome 123.0.0.0,1536x864,1536x703,,,0,1i-3 A Training,4,,,1i-3,,,Pass,,1i-3 A Training,1i-3 A Training,8,Training02,TrainingB,2yfdu9,2,response,,2232.5,2216,2232.5,2232.5,2216,2232.5,1,2232.5,0,0,,Click Response,Option B,5,object-246,1i-3,_,06,1i-3_06,2,Training02,12_SKEETER,ASK,.png,12_SKEETER_ASK.png,ZETH,WAN,12_SKEETER_ZETH_WAN.png,,ZETH WAN,12_SKEETER_ASK.png,12_SKEETER_DOTS.png,FICH WUNG,ZETH WAN,ZETH WAN,FICH WUNG,12_SKEETER_FICH_WUNG.png,FICH WUNG,,,,,
32,1712312265020,05/04/2024 10:17:45,1712315865020,1,05/04/2024 12:17:45,139619,19,task-eihb,,36766692,BLIND,10840444,,complete,,660fccf5e4ce4ff4f4528b99,computer,Desktop or Laptop,Windows 10,Chrome 123.0.0.0,1536x864,1536x703,,,0,1i-3 A Training,4,,,1i-3,,,Pass,,1i-3 A Training,1i-3 A Training,8,Training02,TrainingC,1ouhhw,3,continue,,7669.300000095391,7664.200000000012,7669.300000095391,7669.300000095391,7664.200000000012,7669.300000095391,1,7669.300000095391,0,0,,Click To Continue,Continue Button,6,object-272,1i-3,_,06,1i-3_06,2,Training02,12_SKEETER,ASK,.png,12_SKEETER_ASK.png,ZETH,WAN,12_SKEETER_ZETH_WAN.png,,ZETH WAN,12_SKEETER_ASK.png,12_SKEETER_DOTS.png,FICH WUNG,ZETH WAN,ZETH WAN,FICH WUNG,12_SKEETER_FICH_WUNG.png,FICH WUNG,,,,,
33,1712312275358,05/04/2024 10:17:55,1712315875358,1,05/04/2024 12:17:55,139619,19,task-eihb,,36766692,BLIND,10840444,,complete,,660fccf5e4ce4ff4f4528b99,computer,Desktop or Laptop,Windows 10,Chrome 123.0.0.0,1536x864,1536x703,,,0,1i-3 A Training,4,,,1i-3,,,Pass,,1i-3 A Training,1i-3 A Training,9,Training02,TrainingA,34efq7,1,response,WOUX WAN,4098.600000000035,10329.700000000012,10342.800000023853,4098.600000000035,10329.700000000012,10342.800000023853,1,4098.600000000035,6244.200000023819,0,,Single Text Entry,TextResponseA,4,object-97,1i-3,_,12,1i-3_12,3,Training02,14_MUNGOS,ASK,.png,14_MUNGOS_ASK.png,WOUX,WAN,14_MUNGOS_WOUX_WAN.png,,WOUX WAN,33_ROR_ASK.png,33_ROR_DOTS.png,FICH WUNG,WOUX WAN,WOUX WAN,FICH WUNG,33_ROR_FICH_WUNG.png,FICH WUNG,,,,,
34,1712312282946,05/04/2024 10:18:02,1712315882946,1,05/04/2024 12:18:02,139619,19,task-eihb,,36766692,BLIND,10840444,,complete,,660fccf5e4ce4ff4f4528b99,computer,Desktop or Laptop,Windows 10,Chrome 123.0.0.0,1536x864,1536x703,,,0,1i-3 A Training,4,,,1i-3,,,Pass,,1i-3 A Training,1i-3 A Training,9,Training02,TrainingB,2yfdu9,2,response,,7601.200000047684,7597.400000000023,7601.200000047684,7601.200000047684,7597.400000000023,7601.200000047684,1,7601.200000047684,0,0,,Click Response,Option A,4,object-245,1i-3,_,12,1i-3_12,3,Training02,14_MUNGOS,ASK,.png,14_MUNGOS_ASK.png,WOUX,WAN,14_MUNGOS_WOUX_WAN.png,,WOUX WAN,33_ROR_ASK.png,33_ROR_DOTS.png,FICH WUNG,WOUX WAN,WOUX WAN,FICH WUNG,33_ROR_FICH_WUNG.png,FICH WUNG,,,,,
35,1712312296857,05/04/2024 10:18:16,1712315896857,1,05/04/2024 12:18:16,139619,19,task-eihb,,36766692,BLIND,10840444,,complete,,660fccf5e4ce4ff4f4528b99,computer,Desktop or Laptop,Windows 10,Chrome 123.0.0.0,1536x864,1536x703,,,0,1i-3 A Training,4,,,1i-3,,,Pass,,1i-3 A Training,1i-3 A Training,9,Training02,TrainingC,1ouhhw,3,continue,,13915.30000004766,13911.899999999965,13915.30000004766,13915.30000004766,13911.899999999965,13915.30000004766,1,13915.30000004766,0,0,,Click To Continue,Continue Button,6,object-272,1i-3,_,12,1i-3_12,3,Training02,14_MUNGOS,ASK,.png,14_MUNGOS_ASK.png,WOUX,WAN,14_MUNGOS_WOUX_WAN.png,,WOUX WAN,33_ROR_ASK.png,33_ROR_DOTS.png,FICH WUNG,WOUX WAN,WOUX WAN,FICH WUNG,33_ROR_FICH_WUNG.png,FICH WUNG,,,,,
36,1712312311671,05/04/2024 10:18:31,1712315911671,1,05/04/2024 12:18:31,139619,19,task-eihb,,36766692,BLIND,10840444,,complete,,660fccf5e4ce4ff4f4528b99,computer,Desktop or Laptop,Windows 10,Chrome 123.0.0.0,1536x864,1536x703,,,0,1i-3 A Training,4,,,1i-3,,,Pass,,1i-3 A Training,1i-3 A Training,10,Training02,TrainingA,34efq7,1,response,FICH WUNG,7897.700000000012,14811.700000000012,14816.700000000012,7897.700000000012,14811.700000000012,14816.700000000012,1,7897.700000000012,6919,0,,Single Text Entry,TextResponseA,4,object-97,1i-3,_,09,1i-3_09,3,Training02,32_QWC,ASK,.png,32_QWC_ASK.png,FICH,WUNG,32_QWC_FICH_WUNG.png,,FICH WUNG,13_QUIBBLER_ASK.png,13_QUIBBLER_DOTS.png,FICH WUNG,WOUX WAN,FICH WUNG,WOUX WAN,13_QUIBBLER_WOUX_WAN.png,,WOUX WAN,,,,
37,1712312316796,05/04/2024 10:18:36,1712315916796,1,05/04/2024 12:18:36,139619,19,task-eihb,,36766692,BLIND,10840444,,complete,,660fccf5e4ce4ff4f4528b99,computer,Desktop or Laptop,Windows 10,Chrome 123.0.0.0,1536x864,1536x703,,,0,1i-3 A Training,4,,,1i-3,,,Pass,,1i-3 A Training,1i-3 A Training,10,Training02,TrainingB,2yfdu9,2,response,,5130.200000047684,5115,5130.200000047684,5130.200000047684,5115,5130.200000047684,1,5130.200000047684,0,0,,Click Response,Option B,5,object-246,1i-3,_,09,1i-3_09,3,Training02,32_QWC,ASK,.png,32_QWC_ASK.png,FICH,WUNG,32_QWC_FICH_WUNG.png,,FICH WUNG,13_QUIBBLER_ASK.png,13_QUIBBLER_DOTS.png,FICH WUNG,WOUX WAN,FICH WUNG,WOUX WAN,13_QUIBBLER_WOUX_WAN.png,,WOUX WAN,,,,
38,1712312341333,05/04/2024 10:19:01,1712315941333,1,05/04/2024 12:19:01,139619,19,task-eihb,,36766692,BLIND,10840444,,complete,,660fccf5e4ce4ff4f4528b99,computer,Desktop or Laptop,Windows 10,Chrome 123.0.0.0,1536x864,1536x703,,,0,1i-3 A Training,4,,,1i-3,,,Pass,,1i-3 A Training,1i-3 A Training,10,Training02,TrainingC,1ouhhw,3,continue,,24553,24541.599999999977,24553,24553,24541.599999999977,24553,1,24553,0,0,,Click To Continue,Continue Button,6,object-272,1i-3,_,09,1i-3_09,3,Training02,32_QWC,ASK,.png,32_QWC_ASK.png,FICH,WUNG,32_QWC_FICH_WUNG.png,,FICH WUNG,13_QUIBBLER_ASK.png,13_QUIBBLER_DOTS.png,FICH WUNG,WOUX WAN,FICH WUNG,WOUX WAN,13_QUIBBLER_WOUX_WAN.png,,WOUX WAN,,,,
39,1712312353871,05/04/2024 10:19:13,1712315953871,1,05/04/2024 12:19:13,139619,19,task-eihb,,36766692,BLIND,10840444,,complete,,660fccf5e4ce4ff4f4528b99,computer,Desktop or Laptop,Windows 10,Chrome 123.0.0.0,1536x864,1536x703,,,0,1i-3 A Training,4,,,1i-3,,,Pass,,1i-3 A Training,1i-3 A Training,11,Training02,TrainingA,34efq7,1,response,ZETH WAN,3915.600000000035,12545.800000000047,12549.100000047707,3915.600000000035,12545.800000000047,12549.100000047707,1,3915.600000000035,8633.500000047672,0,,Single Text Entry,TextResponseA,4,object-97,1i-3,_,10,1i-3_10,3,Training02,19_BURYVOLDY,ASK,.png,19_BURYVOLDY_ASK.png,ZETH,WAN,19_BURYVOLDY_ZETH_WAN.png,,ZETH WAN,21_TEACHHOG_ASK.png,21_TEACHHOG_DOTS.png,ZETH WAN,RUSP WIM,ZETH WAN,RUSP WIM,21_TEACHHOG_RUSP_WIM.png,,RUSP WIM,,,,
40,1712312366685,05/04/2024 10:19:26,1712315966685,1,05/04/2024 12:19:26,139619,19,task-eihb,,36766692,BLIND,10840444,,complete,,660fccf5e4ce4ff4f4528b99,computer,Desktop or Laptop,Windows 10,Chrome 123.0.0.0,1536x864,1536x703,,,0,1i-3 A Training,4,,,1i-3,,,Pass,,1i-3 A Training,1i-3 A Training,11,Training02,TrainingB,2yfdu9,2,response,,12817.500000095344,12812.5,12817.500000095344,12817.500000095344,12812.5,12817.500000095344,1,12817.500000095344,0,0,,Click Response,Option B,5,object-246,1i-3,_,10,1i-3_10,3,Training02,19_BURYVOLDY,ASK,.png,19_BURYVOLDY_ASK.png,ZETH,WAN,19_BURYVOLDY_ZETH_WAN.png,,ZETH WAN,21_TEACHHOG_ASK.png,21_TEACHHOG_DOTS.png,ZETH WAN,RUSP WIM,ZETH WAN,RUSP WIM,21_TEACHHOG_RUSP_WIM.png,,RUSP WIM,,,,
41,1712312368326,05/04/2024 10:19:28,1712315968326,1,05/04/2024 12:19:28,139619,19,task-eihb,,36766692,BLIND,10840444,,complete,,660fccf5e4ce4ff4f4528b99,computer,Desktop or Laptop,Windows 10,Chrome 123.0.0.0,1536x864,1536x703,,,0,1i-3 A Training,4,,,1i-3,,,Pass,,1i-3 A Training,1i-3 A Training,11,Training02,TrainingC,1ouhhw,3,continue,,1646.0999999999767,1632.5,1646.0999999999767,1646.0999999999767,1632.5,1646.0999999999767,1,1646.0999999999767,0,0,,Click To Continue,Continue Button,6,object-272,1i-3,_,10,1i-3_10,3,Training02,19_BURYVOLDY,ASK,.png,19_BURYVOLDY_ASK.png,ZETH,WAN,19_BURYVOLDY_ZETH_WAN.png,,ZETH WAN,21_TEACHHOG_ASK.png,21_TEACHHOG_DOTS.png,ZETH WAN,RUSP WIM,ZETH WAN,RUSP WIM,21_TEACHHOG_RUSP_WIM.png,,RUSP WIM,,,,
42,1712312390605,05/04/2024 10:19:50,1712315990605,1,05/04/2024 12:19:50,139619,19,task-eihb,,36766692,BLIND,10840444,,complete,,660fccf5e4ce4ff4f4528b99,computer,Desktop or Laptop,Windows 10,Chrome 123.0.0.0,1536x864,1536x703,,,0,1i-3 A Training,4,,,1i-3,,,Pass,,1i-3 A Training,1i-3 A Training,12,Training02,TrainingA,34efq7,1,response,RUSP WIM,19077.099999999977,22275.899999999965,22292.30000004766,19077.099999999977,22275.899999999965,22292.30000004766,1,19077.099999999977,3215.2000000476837,0,,Single Text Entry,TextResponseA,4,object-97,1i-3,_,11,1i-3_11,3,Training02,27_BESTSELLER,ASK,.png,27_BESTSELLER_ASK.png,RUSP,WIM,27_BESTSELLER_RUSP_WIM.png,,RUSP WIM,25_PROSECUTE_ASK.png,25_PROSECUTE_DOTS.png,ZETH WAN,RUSP WIM,RUSP WIM,ZETH WAN,25_PROSECUTE_ZETH_WAN.png,ZETH WAN,,,,,
43,1712312398417,05/04/2024 10:19:58,1712315998417,1,05/04/2024 12:19:58,139619,19,task-eihb,,36766692,BLIND,10840444,,complete,,660fccf5e4ce4ff4f4528b99,computer,Desktop or Laptop,Windows 10,Chrome 123.0.0.0,1536x864,1536x703,,,0,1i-3 A Training,4,,,1i-3,,,Pass,,1i-3 A Training,1i-3 A Training,12,Training02,TrainingB,2yfdu9,2,response,,7828.400000047695,7813.900000000023,7828.400000047695,7828.400000047695,7813.900000000023,7828.400000047695,1,7828.400000047695,0,0,,Click Response,Option A,4,object-245,1i-3,_,11,1i-3_11,3,Training02,27_BESTSELLER,ASK,.png,27_BESTSELLER_ASK.png,RUSP,WIM,27_BESTSELLER_RUSP_WIM.png,,RUSP WIM,25_PROSECUTE_ASK.png,25_PROSECUTE_DOTS.png,ZETH WAN,RUSP WIM,RUSP WIM,ZETH WAN,25_PROSECUTE_ZETH_WAN.png,ZETH WAN,,,,,
44,1712312399729,05/04/2024 10:19:59,1712315999729,1,05/04/2024 12:19:59,139619,19,task-eihb,,36766692,BLIND,10840444,,complete,,660fccf5e4ce4ff4f4528b99,computer,Desktop or Laptop,Windows 10,Chrome 123.0.0.0,1536x864,1536x703,,,0,1i-3 A Training,4,,,1i-3,,,Pass,,1i-3 A Training,1i-3 A Training,12,Training02,TrainingC,1ouhhw,3,continue,,1327.000000047672,1316.399999999965,1327.000000047672,1327.000000047672,1316.399999999965,1327.000000047672,1,1327.000000047672,0,0,,Click To Continue,Continue Button,6,object-272,1i-3,_,11,1i-3_11,3,Training02,27_BESTSELLER,ASK,.png,27_BESTSELLER_ASK.png,RUSP,WIM,27_BESTSELLER_RUSP_WIM.png,,RUSP WIM,25_PROSECUTE_ASK.png,25_PROSECUTE_DOTS.png,ZETH WAN,RUSP WIM,RUSP WIM,ZETH WAN,25_PROSECUTE_ZETH_WAN.png,ZETH WAN,,,,,
45,1712312418422,05/04/2024 10:20:18,1712316018422,1,05/04/2024 12:20:18,139619,19,task-eihb,,36766692,BLIND,10840444,,complete,,660fccf5e4ce4ff4f4528b99,computer,Desktop or Laptop,Windows 10,Chrome 123.0.0.0,1536x864,1536x703,,,0,1i-3 A Training,4,,,1i-3,,,Pass,,1i-3 A Training,1i-3 A Training,13,Training02,TrainingA,34efq7,1,response,ZETH WAN,6331.300000000047,18693.5,18703.80000009539,6331.300000000047,18693.5,18703.80000009539,1,6331.300000000047,12372.500000095344,0,,Single Text Entry,TextResponseA,4,object-97,1i-3,_,14,1i-3_14,4,Training02,33_ROR,ASK,.png,33_ROR_ASK.png,ZETH,WAN,33_ROR_ZETH_WAN.png,,ZETH WAN,19_BURYVOLDY_ASK.png,19_BURYVOLDY_DOTS.png,ZETH WAN,WOUX WAN,ZETH WAN,WOUX WAN,19_BURYVOLDY_WOUX_WAN.png,,WOUX WAN,,,,
46,1712312430701,05/04/2024 10:20:30,1712316030701,1,05/04/2024 12:20:30,139619,19,task-eihb,,36766692,BLIND,10840444,,complete,,660fccf5e4ce4ff4f4528b99,computer,Desktop or Laptop,Windows 10,Chrome 123.0.0.0,1536x864,1536x703,,,0,1i-3 A Training,4,,,1i-3,,,Pass,,1i-3 A Training,1i-3 A Training,13,Training02,TrainingB,2yfdu9,2,response,,12289.400000000023,12279.600000000035,12289.400000000023,12289.400000000023,12279.600000000035,12289.400000000023,1,12289.400000000023,0,0,,Click Response,Option B,5,object-246,1i-3,_,14,1i-3_14,4,Training02,33_ROR,ASK,.png,33_ROR_ASK.png,ZETH,WAN,33_ROR_ZETH_WAN.png,,ZETH WAN,19_BURYVOLDY_ASK.png,19_BURYVOLDY_DOTS.png,ZETH WAN,WOUX WAN,ZETH WAN,WOUX WAN,19_BURYVOLDY_WOUX_WAN.png,,WOUX WAN,,,,
47,1712312434109,05/04/2024 10:20:34,1712316034109,1,05/04/2024 12:20:34,139619,19,task-eihb,,36766692,BLIND,10840444,,complete,,660fccf5e4ce4ff4f4528b99,computer,Desktop or Laptop,Windows 10,Chrome 123.0.0.0,1536x864,1536x703,,,0,1i-3 A Training,4,,,1i-3,,,Pass,,1i-3 A Training,1i-3 A Training,13,Training02,TrainingC,1ouhhw,3,continue,,3417.90000002383,3415,3417.90000002383,3417.90000002383,3415,3417.90000002383,1,3417.90000002383,0,0,,Click To Continue,Continue Button,6,object-272,1i-3,_,14,1i-3_14,4,Training02,33_ROR,ASK,.png,33_ROR_ASK.png,ZETH,WAN,33_ROR_ZETH_WAN.png,,ZETH WAN,19_BURYVOLDY_ASK.png,19_BURYVOLDY_DOTS.png,ZETH WAN,WOUX WAN,ZETH WAN,WOUX WAN,19_BURYVOLDY_WOUX_WAN.png,,WOUX WAN,,,,
48,1712312442664,05/04/2024 10:20:42,1712316042664,1,05/04/2024 12:20:42,139619,19,task-eihb,,36766692,BLIND,10840444,,complete,,660fccf5e4ce4ff4f4528b99,computer,Desktop or Laptop,Windows 10,Chrome 123.0.0.0,1536x864,1536x703,,,0,1i-3 A Training,4,,,1i-3,,,Pass,,1i-3 A Training,1i-3 A Training,14,Training02,TrainingA,34efq7,1,response,WOUX WAN,5964.799999999988,8547.200000000012,8557.90000002383,5964.799999999988,8547.200000000012,8557.90000002383,1,5964.799999999988,2593.100000023842,0,,Single Text Entry,TextResponseA,4,object-97,1i-3,_,16,1i-3_16,4,Training02,42_ENGLAND,ASK,.png,42_ENGLAND_ASK.png,WOUX,WAN,42_ENGLAND_WOUX_WAN.png,,WOUX WAN,41_PIXIE_ASK.png,41_PIXIE_DOTS.png,RUSP WIM,WOUX WAN,WOUX WAN,RUSP WIM,41_PIXIE_RUSP_WIM.png,RUSP WIM,,,,,
49,1712312447860,05/04/2024 10:20:47,1712316047860,1,05/04/2024 12:20:47,139619,19,task-eihb,,36766692,BLIND,10840444,,complete,,660fccf5e4ce4ff4f4528b99,computer,Desktop or Laptop,Windows 10,Chrome 123.0.0.0,1536x864,1536x703,,,0,1i-3 A Training,4,,,1i-3,,,Pass,,1i-3 A Training,1i-3 A Training,14,Training02,TrainingB,2yfdu9,2,response,,5206.900000071502,5198.299999999988,5206.900000071502,5206.900000071502,5198.299999999988,5206.900000071502,1,5206.900000071502,0,0,,Click Response,Option A,4,object-245,1i-3,_,16,1i-3_16,4,Training02,42_ENGLAND,ASK,.png,42_ENGLAND_ASK.png,WOUX,WAN,42_ENGLAND_WOUX_WAN.png,,WOUX WAN,41_PIXIE_ASK.png,41_PIXIE_DOTS.png,RUSP WIM,WOUX WAN,WOUX WAN,RUSP WIM,41_PIXIE_RUSP_WIM.png,RUSP WIM,,,,,
50,1712312448723,05/04/2024 10:20:48,1712316048723,1,05/04/2024 12:20:48,139619,19,task-eihb,,36766692,BLIND,10840444,,complete,,660fccf5e4ce4ff4f4528b99,computer,Desktop or Laptop,Windows 10,Chrome 123.0.0.0,1536x864,1536x703,,,0,1i-3 A Training,4,,,1i-3,,,Pass,,1i-3 A Training,1i-3 A Training,14,Training02,TrainingC,1ouhhw,3,continue,,871.6000000715139,866.5,871.6000000715139,871.6000000715139,866.5,871.6000000715139,1,871.6000000715139,0,0,,Click To Continue,Continue Button,6,object-272,1i-3,_,16,1i-3_16,4,Training02,42_ENGLAND,ASK,.png,42_ENGLAND_ASK.png,WOUX,WAN,42_ENGLAND_WOUX_WAN.png,,WOUX WAN,41_PIXIE_ASK.png,41_PIXIE_DOTS.png,RUSP WIM,WOUX WAN,WOUX WAN,RUSP WIM,41_PIXIE_RUSP_WIM.png,RUSP WIM,,,,,
51,1712312455180,05/04/2024 10:20:55,1712316055180,1,05/04/2024 12:20:55,139619,19,task-eihb,,36766692,BLIND,10840444,,complete,,660fccf5e4ce4ff4f4528b99,computer,Desktop or Laptop,Windows 10,Chrome 123.0.0.0,1536x864,1536x703,,,0,1i-3 A Training,4,,,1i-3,,,Pass,,1i-3 A Training,1i-3 A Training,15,Training02,TrainingA,34efq7,1,response,RUSP WIM,2782.399999999965,6447.799999999988,6461.90000002383,2782.399999999965,6447.799999999988,6461.90000002383,1,2782.399999999965,3679.500000023865,0,,Single Text Entry,TextResponseA,4,object-97,1i-3,_,15,1i-3_15,4,Training02,06_MOM,ASK,.png,06_MOM_ASK.png,RUSP,WIM,06_MOM_RUSP_WIM.png,,RUSP WIM,26_ERISED_ASK.png,26_ERISED_DOTS.png,RUSP WIM,FICH WUNG,RUSP WIM,FICH WUNG,26_ERISED_FICH_WUNG.png,,FICH WUNG,,,,
52,1712312463283,05/04/2024 10:21:03,1712316063283,1,05/04/2024 12:21:03,139619,19,task-eihb,,36766692,BLIND,10840444,,complete,,660fccf5e4ce4ff4f4528b99,computer,Desktop or Laptop,Windows 10,Chrome 123.0.0.0,1536x864,1536x703,,,0,1i-3 A Training,4,,,1i-3,,,Pass,,1i-3 A Training,1i-3 A Training,15,Training02,TrainingB,2yfdu9,2,response,,8117.300000071526,8113.799999999988,8117.300000071526,8117.300000071526,8113.799999999988,8117.300000071526,1,8117.300000071526,0,0,,Click Response,Option B,5,object-246,1i-3,_,15,1i-3_15,4,Training02,06_MOM,ASK,.png,06_MOM_ASK.png,RUSP,WIM,06_MOM_RUSP_WIM.png,,RUSP WIM,26_ERISED_ASK.png,26_ERISED_DOTS.png,RUSP WIM,FICH WUNG,RUSP WIM,FICH WUNG,26_ERISED_FICH_WUNG.png,,FICH WUNG,,,,
53,1712312464301,05/04/2024 10:21:04,1712316064301,1,05/04/2024 12:21:04,139619,19,task-eihb,,36766692,BLIND,10840444,,complete,,660fccf5e4ce4ff4f4528b99,computer,Desktop or Laptop,Windows 10,Chrome 123.0.0.0,1536x864,1536x703,,,0,1i-3 A Training,4,,,1i-3,,,Pass,,1i-3 A Training,1i-3 A Training,15,Training02,TrainingC,1ouhhw,3,continue,,1021.2000000000116,1016.4000000000233,1021.2000000000116,1021.2000000000116,1016.4000000000233,1021.2000000000116,1,1021.2000000000116,0,0,,Click To Continue,Continue Button,6,object-272,1i-3,_,15,1i-3_15,4,Training02,06_MOM,ASK,.png,06_MOM_ASK.png,RUSP,WIM,06_MOM_RUSP_WIM.png,,RUSP WIM,26_ERISED_ASK.png,26_ERISED_DOTS.png,RUSP WIM,FICH WUNG,RUSP WIM,FICH WUNG,26_ERISED_FICH_WUNG.png,,FICH WUNG,,,,
54,1712312473166,05/04/2024 10:21:13,1712316073166,1,05/04/2024 12:21:13,139619,19,task-eihb,,36766692,BLIND,10840444,,complete,,660fccf5e4ce4ff4f4528b99,computer,Desktop or Laptop,Windows 10,Chrome 123.0.0.0,1536x864,1536x703,,,0,1i-3 A Training,4,,,1i-3,,,Pass,,1i-3 A Training,1i-3 A Training,16,Training02,TrainingA,34efq7,1,response,FICH WUNG,3298.7999999999884,8863.5,8869.90000002383,3298.7999999999884,8863.5,8869.90000002383,1,3298.7999999999884,5571.100000023842,0,,Single Text Entry,TextResponseA,4,object-97,1i-3,_,13,1i-3_13,4,Training02,11_RONWAND,ASK,.png,11_RONWAND_ASK.png,FICH,WUNG,11_RONWAND_FICH_WUNG.png,,FICH WUNG,06_MOM_ASK.png,06_MOM_DOTS.png,ZETH WAN,FICH WUNG,FICH WUNG,ZETH WAN,06_MOM_ZETH_WAN.png,ZETH WAN,,,,,
55,1712312480161,05/04/2024 10:21:20,1712316080161,1,05/04/2024 12:21:20,139619,19,task-eihb,,36766692,BLIND,10840444,,complete,,660fccf5e4ce4ff4f4528b99,computer,Desktop or Laptop,Windows 10,Chrome 123.0.0.0,1536x864,1536x703,,,0,1i-3 A Training,4,,,1i-3,,,Pass,,1i-3 A Training,1i-3 A Training,16,Training02,TrainingB,2yfdu9,2,response,,7000.90000002383,6997.599999999977,7000.90000002383,7000.90000002383,6997.599999999977,7000.90000002383,1,7000.90000002383,0,0,,Click Response,Option A,4,object-245,1i-3,_,13,1i-3_13,4,Training02,11_RONWAND,ASK,.png,11_RONWAND_ASK.png,FICH,WUNG,11_RONWAND_FICH_WUNG.png,,FICH WUNG,06_MOM_ASK.png,06_MOM_DOTS.png,ZETH WAN,FICH WUNG,FICH WUNG,ZETH WAN,06_MOM_ZETH_WAN.png,ZETH WAN,,,,,
56,1712312484827,05/04/2024 10:21:24,1712316084827,1,05/04/2024 12:21:24,139619,19,task-eihb,,36766692,BLIND,10840444,,complete,,660fccf5e4ce4ff4f4528b99,computer,Desktop or Laptop,Windows 10,Chrome 123.0.0.0,1536x864,1536x703,,,0,1i-3 A Training,4,,,1i-3,,,Pass,,1i-3 A Training,1i-3 A Training,16,Training02,TrainingC,1ouhhw,3,continue,,4669.400000047695,4665.600000000035,4669.400000047695,4669.400000047695,4665.600000000035,4669.400000047695,1,4669.400000047695,0,0,,Click To Continue,Continue Button,6,object-272,1i-3,_,13,1i-3_13,4,Training02,11_RONWAND,ASK,.png,11_RONWAND_ASK.png,FICH,WUNG,11_RONWAND_FICH_WUNG.png,,FICH WUNG,06_MOM_ASK.png,06_MOM_DOTS.png,ZETH WAN,FICH WUNG,FICH WUNG,ZETH WAN,06_MOM_ZETH_WAN.png,ZETH WAN,,,,,
57,1712312499094,05/04/2024 10:21:39,1712316099094,1,05/04/2024 12:21:39,139619,19,task-eihb,,36766692,BLIND,10840444,,complete,,660fccf5e4ce4ff4f4528b99,computer,Desktop or Laptop,Windows 10,Chrome 123.0.0.0,1536x864,1536x703,,,0,1i-3 A Training,4,,,1i-3,,,Pass,,1i-3 A Training,1i-3 A Training,17,Training02,TrainingA,34efq7,1,response,FICH WUNG,8429.899999999965,14261.5,14271.200000023819,8429.899999999965,14261.5,14271.200000023819,1,8429.899999999965,5841.3000000238535,0,,Single Text Entry,TextResponseA,4,object-97,1i-3,_,17,1i-3_17,5,Training02,25_PROSECUTE,ASK,.png,25_PROSECUTE_ASK.png,FICH,WUNG,25_PROSECUTE_FICH_WUNG.png,,FICH WUNG,04_WHEEZES_ASK.png,04_WHEEZES_DOTS.png,RUSP WIM,FICH WUNG,FICH WUNG,RUSP WIM,04_WHEEZES_RUSP_WIM.png,RUSP WIM,,,,,
58,1712312505034,05/04/2024 10:21:45,1712316105034,1,05/04/2024 12:21:45,139619,19,task-eihb,,36766692,BLIND,10840444,,complete,,660fccf5e4ce4ff4f4528b99,computer,Desktop or Laptop,Windows 10,Chrome 123.0.0.0,1536x864,1536x703,,,0,1i-3 A Training,4,,,1i-3,,,Pass,,1i-3 A Training,1i-3 A Training,17,Training02,TrainingB,2yfdu9,2,response,,5948.099999999977,5931.299999999988,5948.099999999977,5948.099999999977,5931.299999999988,5948.099999999977,1,5948.099999999977,0,0,,Click Response,Option B,5,object-246,1i-3,_,17,1i-3_17,5,Training02,25_PROSECUTE,ASK,.png,25_PROSECUTE_ASK.png,FICH,WUNG,25_PROSECUTE_FICH_WUNG.png,,FICH WUNG,04_WHEEZES_ASK.png,04_WHEEZES_DOTS.png,RUSP WIM,FICH WUNG,FICH WUNG,RUSP WIM,04_WHEEZES_RUSP_WIM.png,RUSP WIM,,,,,
59,1712312511399,05/04/2024 10:21:51,1712316111399,1,05/04/2024 12:21:51,139619,19,task-eihb,,36766692,BLIND,10840444,,complete,,660fccf5e4ce4ff4f4528b99,computer,Desktop or Laptop,Windows 10,Chrome 123.0.0.0,1536x864,1536x703,,,0,1i-3 A Training,4,,,1i-3,,,Pass,,1i-3 A Training,1i-3 A Training,17,Training02,TrainingC,1ouhhw,3,continue,,6383.200000095356,6381.099999999977,6383.200000095356,6383.200000095356,6381.099999999977,6383.200000095356,1,6383.200000095356,0,0,,Click To Continue,Continue Button,6,object-272,1i-3,_,17,1i-3_17,5,Training02,25_PROSECUTE,ASK,.png,25_PROSECUTE_ASK.png,FICH,WUNG,25_PROSECUTE_FICH_WUNG.png,,FICH WUNG,04_WHEEZES_ASK.png,04_WHEEZES_DOTS.png,RUSP WIM,FICH WUNG,FICH WUNG,RUSP WIM,04_WHEEZES_RUSP_WIM.png,RUSP WIM,,,,,
60,1712312625433,05/04/2024 10:23:45,1712316225433,1,05/04/2024 12:23:45,139619,19,task-eihb,,36766692,BLIND,10840444,,complete,,660fccf5e4ce4ff4f4528b99,computer,Desktop or Laptop,Windows 10,Chrome 123.0.0.0,1536x864,1536x703,,,0,1i-3 A Training,4,,,1i-3,,,Pass,,1i-3 A Training,1i-3 A Training,18,Training02,TrainingA,34efq7,1,response,RUSP WIM,104581.10000000003,114044.70000000001,114051.30000002385,104581.10000000003,114044.70000000001,114051.30000002385,1,104581.10000000003,9470.200000023819,0,,Single Text Entry,TextResponseA,4,object-97,1i-3,_,19,1i-3_19,5,Training02,41_PIXIE,ASK,.png,41_PIXIE_ASK.png,RUSP,WIM,41_PIXIE_RUSP_WIM.png,,RUSP WIM,35_PROPHET_ASK.png,35_PROPHET_DOTS.png,WOUX WAN,RUSP WIM,RUSP WIM,WOUX WAN,35_PROPHET_WOUX_WAN.png,WOUX WAN,,,,,
61,1712312628611,05/04/2024 10:23:48,1712316228611,1,05/04/2024 12:23:48,139619,19,task-eihb,,36766692,BLIND,10840444,,complete,,660fccf5e4ce4ff4f4528b99,computer,Desktop or Laptop,Windows 10,Chrome 123.0.0.0,1536x864,1536x703,,,0,1i-3 A Training,4,,,1i-3,,,Pass,,1i-3 A Training,1i-3 A Training,18,Training02,TrainingB,2yfdu9,2,response,,3184.8000000715256,3182.1999999999534,3184.8000000715256,3184.8000000715256,3182.1999999999534,3184.8000000715256,1,3184.8000000715256,0,0,,Click Response,Option A,4,object-245,1i-3,_,19,1i-3_19,5,Training02,41_PIXIE,ASK,.png,41_PIXIE_ASK.png,RUSP,WIM,41_PIXIE_RUSP_WIM.png,,RUSP WIM,35_PROPHET_ASK.png,35_PROPHET_DOTS.png,WOUX WAN,RUSP WIM,RUSP WIM,WOUX WAN,35_PROPHET_WOUX_WAN.png,WOUX WAN,,,,,
62,1712312632129,05/04/2024 10:23:52,1712316232129,1,05/04/2024 12:23:52,139619,19,task-eihb,,36766692,BLIND,10840444,,complete,,660fccf5e4ce4ff4f4528b99,computer,Desktop or Laptop,Windows 10,Chrome 123.0.0.0,1536x864,1536x703,,,0,1i-3 A Training,4,,,1i-3,,,Pass,,1i-3 A Training,1i-3 A Training,18,Training02,TrainingC,1ouhhw,3,continue,,3520.5000000477303,3515.5,3520.5000000477303,3520.5000000477303,3515.5,3520.5000000477303,1,3520.5000000477303,0,0,,Click To Continue,Continue Button,6,object-272,1i-3,_,19,1i-3_19,5,Training02,41_PIXIE,ASK,.png,41_PIXIE_ASK.png,RUSP,WIM,41_PIXIE_RUSP_WIM.png,,RUSP WIM,35_PROPHET_ASK.png,35_PROPHET_DOTS.png,WOUX WAN,RUSP WIM,RUSP WIM,WOUX WAN,35_PROPHET_WOUX_WAN.png,WOUX WAN,,,,,
63,1712312642153,05/04/2024 10:24:02,1712316242153,1,05/04/2024 12:24:02,139619,19,task-eihb,,36766692,BLIND,10840444,,complete,,660fccf5e4ce4ff4f4528b99,computer,Desktop or Laptop,Windows 10,Chrome 123.0.0.0,1536x864,1536x703,,,0,1i-3 A Training,4,,,1i-3,,,Pass,,1i-3 A Training,1i-3 A Training,19,Training02,TrainingA,34efq7,1,response,ZETH WAN,5698,10013.300000000047,10028.700000095414,5698,10013.300000000047,10028.700000095414,1,5698,4330.700000095414,0,,Single Text Entry,TextResponseA,4,object-97,1i-3,_,18,1i-3_18,5,Training02,05_AUROR,ASK,.png,05_AUROR_ASK.png,ZETH,WAN,05_AUROR_ZETH_WAN.png,,ZETH WAN,11_RONWAND_ASK.png,11_RONWAND_DOTS.png,ZETH WAN,FICH WUNG,ZETH WAN,FICH WUNG,11_RONWAND_FICH_WUNG.png,,FICH WUNG,,,,
64,1712312649286,05/04/2024 10:24:09,1712316249286,1,05/04/2024 12:24:09,139619,19,task-eihb,,36766692,BLIND,10840444,,complete,,660fccf5e4ce4ff4f4528b99,computer,Desktop or Laptop,Windows 10,Chrome 123.0.0.0,1536x864,1536x703,,,0,1i-3 A Training,4,,,1i-3,,,Pass,,1i-3 A Training,1i-3 A Training,19,Training02,TrainingB,2yfdu9,2,response,,7148.700000047684,7147.400000000023,7148.700000047684,7148.700000047684,7147.400000000023,7148.700000047684,1,7148.700000047684,0,0,,Click Response,Option B,5,object-246,1i-3,_,18,1i-3_18,5,Training02,05_AUROR,ASK,.png,05_AUROR_ASK.png,ZETH,WAN,05_AUROR_ZETH_WAN.png,,ZETH WAN,11_RONWAND_ASK.png,11_RONWAND_DOTS.png,ZETH WAN,FICH WUNG,ZETH WAN,FICH WUNG,11_RONWAND_FICH_WUNG.png,,FICH WUNG,,,,
65,1712312658013,05/04/2024 10:24:18,1712316258013,1,05/04/2024 12:24:18,139619,19,task-eihb,,36766692,BLIND,10840444,,complete,,660fccf5e4ce4ff4f4528b99,computer,Desktop or Laptop,Windows 10,Chrome 123.0.0.0,1536x864,1536x703,,,0,1i-3 A Training,4,,,1i-3,,,Pass,,1i-3 A Training,1i-3 A Training,19,Training02,TrainingC,1ouhhw,3,continue,,8727.80000004766,8713.699999999953,8727.80000004766,8727.80000004766,8713.699999999953,8727.80000004766,1,8727.80000004766,0,0,,Click To Continue,Continue Button,6,object-272,1i-3,_,18,1i-3_18,5,Training02,05_AUROR,ASK,.png,05_AUROR_ASK.png,ZETH,WAN,05_AUROR_ZETH_WAN.png,,ZETH WAN,11_RONWAND_ASK.png,11_RONWAND_DOTS.png,ZETH WAN,FICH WUNG,ZETH WAN,FICH WUNG,11_RONWAND_FICH_WUNG.png,,FICH WUNG,,,,
66,1712312678146,05/04/2024 10:24:38,1712316278146,1,05/04/2024 12:24:38,139619,19,task-eihb,,36766692,BLIND,10840444,,complete,,660fccf5e4ce4ff4f4528b99,computer,Desktop or Laptop,Windows 10,Chrome 123.0.0.0,1536x864,1536x703,,,0,1i-3 A Training,4,,,1i-3,,,Pass,,1i-3 A Training,1i-3 A Training,20,Training02,TrainingA,34efq7,1,response,WOUX WAN,3349,20126.800000000047,20132.100000047707,3349,20126.800000000047,20132.100000047707,1,3349,16783.100000047707,0,,Single Text Entry,TextResponseA,4,object-97,1i-3,_,20,1i-3_20,5,Training02,21_TEACHHOG,ASK,.png,21_TEACHHOG_ASK.png,WOUX,WAN,21_TEACHHOG_WOUX_WAN.png,,WOUX WAN,42_ENGLAND_ASK.png,42_ENGLAND_DOTS.png,WOUX WAN,ZETH WAN,WOUX WAN,ZETH WAN,42_ENGLAND_ZETH_WAN.png,,ZETH WAN,,,,
67,1712312681603,05/04/2024 10:24:41,1712316281603,1,05/04/2024 12:24:41,139619,19,task-eihb,,36766692,BLIND,10840444,,complete,,660fccf5e4ce4ff4f4528b99,computer,Desktop or Laptop,Windows 10,Chrome 123.0.0.0,1536x864,1536x703,,,0,1i-3 A Training,4,,,1i-3,,,Pass,,1i-3 A Training,1i-3 A Training,20,Training02,TrainingB,2yfdu9,2,response,,3462.0999999999767,3448.6999999999534,3462.0999999999767,3462.0999999999767,3448.6999999999534,3462.0999999999767,1,3462.0999999999767,0,0,,Click Response,Option A,4,object-245,1i-3,_,20,1i-3_20,5,Training02,21_TEACHHOG,ASK,.png,21_TEACHHOG_ASK.png,WOUX,WAN,21_TEACHHOG_WOUX_WAN.png,,WOUX WAN,42_ENGLAND_ASK.png,42_ENGLAND_DOTS.png,WOUX WAN,ZETH WAN,WOUX WAN,ZETH WAN,42_ENGLAND_ZETH_WAN.png,,ZETH WAN,,,,
68,1712312700934,05/04/2024 10:25:00,1712316300934,1,05/04/2024 12:25:00,139619,19,task-eihb,,36766692,BLIND,10840444,,complete,,660fccf5e4ce4ff4f4528b99,computer,Desktop or Laptop,Windows 10,Chrome 123.0.0.0,1536x864,1536x703,,,0,1i-3 A Training,4,,,1i-3,,,Pass,,1i-3 A Training,1i-3 A Training,20,Training02,TrainingC,1ouhhw,3,continue,,19343.500000000116,19326.800000000047,19343.500000000116,19343.500000000116,19326.800000000047,19343.500000000116,1,19343.500000000116,0,0,,Click To Continue,Continue Button,6,object-272,1i-3,_,20,1i-3_20,5,Training02,21_TEACHHOG,ASK,.png,21_TEACHHOG_ASK.png,WOUX,WAN,21_TEACHHOG_WOUX_WAN.png,,WOUX WAN,42_ENGLAND_ASK.png,42_ENGLAND_DOTS.png,WOUX WAN,ZETH WAN,WOUX WAN,ZETH WAN,42_ENGLAND_ZETH_WAN.png,,ZETH WAN,,,,
69,1712312713470,05/04/2024 10:25:13,1712316313470,1,05/04/2024 12:25:13,139619,19,task-eihb,,36766692,BLIND,10840444,,complete,,660fccf5e4ce4ff4f4528b99,computer,Desktop or Laptop,Windows 10,Chrome 123.0.0.0,1536x864,1536x703,,,0,1i-3 A Training,4,,,1i-3,,,Pass,,1i-3 A Training,1i-3 A Training,21,Training02,TrainingA,34efq7,1,response,FICH WUNG,5048.199999999953,12545.599999999977,12553.700000023819,5048.199999999953,12545.599999999977,12553.700000023819,1,5048.199999999953,7505.500000023865,0,,Single Text Entry,TextResponseA,4,object-97,1i-3,_,21,1i-3_21,6,Training02,39_STOPHAGRID,ASK,.png,39_STOPHAGRID_ASK.png,FICH,WUNG,39_STOPHAGRID_FICH_WUNG.png,,FICH WUNG,14_MUNGOS_ASK.png,14_MUNGOS_DOTS.png,WOUX WAN,FICH WUNG,FICH WUNG,WOUX WAN,14_MUNGOS_WOUX_WAN.png,WOUX WAN,,,,,
70,1712312716504,05/04/2024 10:25:16,1712316316504,1,05/04/2024 12:25:16,139619,19,task-eihb,,36766692,BLIND,10840444,,complete,,660fccf5e4ce4ff4f4528b99,computer,Desktop or Laptop,Windows 10,Chrome 123.0.0.0,1536x864,1536x703,,,0,1i-3 A Training,4,,,1i-3,,,Pass,,1i-3 A Training,1i-3 A Training,21,Training02,TrainingB,2yfdu9,2,response,,3042.600000023842,3032.3000000000466,3042.600000023842,3042.600000023842,3032.3000000000466,3042.600000023842,1,3042.600000023842,0,0,,Click Response,Option A,4,object-245,1i-3,_,21,1i-3_21,6,Training02,39_STOPHAGRID,ASK,.png,39_STOPHAGRID_ASK.png,FICH,WUNG,39_STOPHAGRID_FICH_WUNG.png,,FICH WUNG,14_MUNGOS_ASK.png,14_MUNGOS_DOTS.png,WOUX WAN,FICH WUNG,FICH WUNG,WOUX WAN,14_MUNGOS_WOUX_WAN.png,WOUX WAN,,,,,
71,1712312721887,05/04/2024 10:25:21,1712316321887,1,05/04/2024 12:25:21,139619,19,task-eihb,,36766692,BLIND,10840444,,complete,,660fccf5e4ce4ff4f4528b99,computer,Desktop or Laptop,Windows 10,Chrome 123.0.0.0,1536x864,1536x703,,,0,1i-3 A Training,4,,,1i-3,,,Pass,,1i-3 A Training,1i-3 A Training,21,Training02,TrainingC,1ouhhw,3,continue,,5393.100000095321,5381.699999999953,5393.100000095321,5393.100000095321,5381.699999999953,5393.100000095321,1,5393.100000095321,0,0,,Click To Continue,Continue Button,6,object-272,1i-3,_,21,1i-3_21,6,Training02,39_STOPHAGRID,ASK,.png,39_STOPHAGRID_ASK.png,FICH,WUNG,39_STOPHAGRID_FICH_WUNG.png,,FICH WUNG,14_MUNGOS_ASK.png,14_MUNGOS_DOTS.png,WOUX WAN,FICH WUNG,FICH WUNG,WOUX WAN,14_MUNGOS_WOUX_WAN.png,WOUX WAN,,,,,
72,1712312729196,05/04/2024 10:25:29,1712316329196,1,05/04/2024 12:25:29,139619,19,task-eihb,,36766692,BLIND,10840444,,complete,,660fccf5e4ce4ff4f4528b99,computer,Desktop or Laptop,Windows 10,Chrome 123.0.0.0,1536x864,1536x703,,,0,1i-3 A Training,4,,,1i-3,,,Pass,,1i-3 A Training,1i-3 A Training,22,Training02,TrainingA,34efq7,1,response,RUSP WIM,3998.4000000000233,7314.199999999953,7320.200000047684,3998.4000000000233,7314.199999999953,7320.200000047684,1,3998.4000000000233,3321.8000000476604,0,,Single Text Entry,TextResponseA,4,object-97,1i-3,_,23,1i-3_23,6,Training02,20_PULLSWORD,ASK,.png,20_PULLSWORD_ASK.png,RUSP,WIM,20_PULLSWORD_RUSP_WIM.png,,RUSP WIM,28_GALLEONS_ASK.png,28_GALLEONS_DOTS.png,RUSP WIM,ZETH WAN,RUSP WIM,ZETH WAN,28_GALLEONS_ZETH_WAN.png,,ZETH WAN,,,,
73,1712312735246,05/04/2024 10:25:35,1712316335246,1,05/04/2024 12:25:35,139619,19,task-eihb,,36766692,BLIND,10840444,,complete,,660fccf5e4ce4ff4f4528b99,computer,Desktop or Laptop,Windows 10,Chrome 123.0.0.0,1536x864,1536x703,,,0,1i-3 A Training,4,,,1i-3,,,Pass,,1i-3 A Training,1i-3 A Training,22,Training02,TrainingB,2yfdu9,2,response,,6056.600000071572,6047.800000000047,6056.600000071572,6056.600000071572,6047.800000000047,6056.600000071572,1,6056.600000071572,0,0,,Click Response,Option B,5,object-246,1i-3,_,23,1i-3_23,6,Training02,20_PULLSWORD,ASK,.png,20_PULLSWORD_ASK.png,RUSP,WIM,20_PULLSWORD_RUSP_WIM.png,,RUSP WIM,28_GALLEONS_ASK.png,28_GALLEONS_DOTS.png,RUSP WIM,ZETH WAN,RUSP WIM,ZETH WAN,28_GALLEONS_ZETH_WAN.png,,ZETH WAN,,,,
74,1712312741593,05/04/2024 10:25:41,1712316341593,1,05/04/2024 12:25:41,139619,19,task-eihb,,36766692,BLIND,10840444,,complete,,660fccf5e4ce4ff4f4528b99,computer,Desktop or Laptop,Windows 10,Chrome 123.0.0.0,1536x864,1536x703,,,0,1i-3 A Training,4,,,1i-3,,,Pass,,1i-3 A Training,1i-3 A Training,22,Training02,TrainingC,1ouhhw,3,continue,,6356,6347.900000000023,6356,6356,6347.900000000023,6356,1,6356,0,0,,Click To Continue,Continue Button,6,object-272,1i-3,_,23,1i-3_23,6,Training02,20_PULLSWORD,ASK,.png,20_PULLSWORD_ASK.png,RUSP,WIM,20_PULLSWORD_RUSP_WIM.png,,RUSP WIM,28_GALLEONS_ASK.png,28_GALLEONS_DOTS.png,RUSP WIM,ZETH WAN,RUSP WIM,ZETH WAN,28_GALLEONS_ZETH_WAN.png,,ZETH WAN,,,,
75,1712312750644,05/04/2024 10:25:50,1712316350644,1,05/04/2024 12:25:50,139619,19,task-eihb,,36766692,BLIND,10840444,,complete,,660fccf5e4ce4ff4f4528b99,computer,Desktop or Laptop,Windows 10,Chrome 123.0.0.0,1536x864,1536x703,,,0,1i-3 A Training,4,,,1i-3,,,Pass,,1i-3 A Training,1i-3 A Training,23,Training02,TrainingA,34efq7,1,response,WOUX WAN,6097.900000000023,9047.099999999977,9058.900000071502,6097.900000000023,9047.099999999977,9058.900000071502,1,6097.900000000023,2961.000000071479,0,,Single Text Entry,TextResponseA,4,object-97,1i-3,_,24,1i-3_24,6,Training02,07_AZKABAN,ASK,.png,07_AZKABAN_ASK.png,WOUX,WAN,07_AZKABAN_WOUX_WAN.png,,WOUX WAN,32_QWC_ASK.png,32_QWC_DOTS.png,WOUX WAN,FICH WUNG,WOUX WAN,FICH WUNG,32_QWC_FICH_WUNG.png,,FICH WUNG,,,,
76,1712312758339,05/04/2024 10:25:58,1712316358339,1,05/04/2024 12:25:58,139619,19,task-eihb,,36766692,BLIND,10840444,,complete,,660fccf5e4ce4ff4f4528b99,computer,Desktop or Laptop,Windows 10,Chrome 123.0.0.0,1536x864,1536x703,,,0,1i-3 A Training,4,,,1i-3,,,Pass,,1i-3 A Training,1i-3 A Training,23,Training02,TrainingB,2yfdu9,2,response,,7706.400000095367,7697.400000000023,7706.400000095367,7706.400000095367,7697.400000000023,7706.400000095367,1,7706.400000095367,0,0,,Click Response,Option B,5,object-246,1i-3,_,24,1i-3_24,6,Training02,07_AZKABAN,ASK,.png,07_AZKABAN_ASK.png,WOUX,WAN,07_AZKABAN_WOUX_WAN.png,,WOUX WAN,32_QWC_ASK.png,32_QWC_DOTS.png,WOUX WAN,FICH WUNG,WOUX WAN,FICH WUNG,32_QWC_FICH_WUNG.png,,FICH WUNG,,,,
77,1712312766682,05/04/2024 10:26:06,1712316366682,1,05/04/2024 12:26:06,139619,19,task-eihb,,36766692,BLIND,10840444,,complete,,660fccf5e4ce4ff4f4528b99,computer,Desktop or Laptop,Windows 10,Chrome 123.0.0.0,1536x864,1536x703,,,0,1i-3 A Training,4,,,1i-3,,,Pass,,1i-3 A Training,1i-3 A Training,23,Training02,TrainingC,1ouhhw,3,continue,,8352.400000071502,8347.099999999977,8352.400000071502,8352.400000071502,8347.099999999977,8352.400000071502,1,8352.400000071502,0,0,,Click To Continue,Continue Button,6,object-272,1i-3,_,24,1i-3_24,6,Training02,07_AZKABAN,ASK,.png,07_AZKABAN_ASK.png,WOUX,WAN,07_AZKABAN_WOUX_WAN.png,,WOUX WAN,32_QWC_ASK.png,32_QWC_DOTS.png,WOUX WAN,FICH WUNG,WOUX WAN,FICH WUNG,32_QWC_FICH_WUNG.png,,FICH WUNG,,,,
78,1712312781072,05/04/2024 10:26:21,1712316381072,1,05/04/2024 12:26:21,139619,19,task-eihb,,36766692,BLIND,10840444,,complete,,660fccf5e4ce4ff4f4528b99,computer,Desktop or Laptop,Windows 10,Chrome 123.0.0.0,1536x864,1536x703,,,0,1i-3 A Training,4,,,1i-3,,,Pass,,1i-3 A Training,1i-3 A Training,24,Training02,TrainingA,34efq7,1,response,ZETH WAN,5164.800000000047,14378.5,14394.900000095367,5164.800000000047,14378.5,14394.900000095367,1,5164.800000000047,9230.10000009532,0,,Single Text Entry,TextResponseA,4,object-97,1i-3,_,22,1i-3_22,6,Training02,26_ERISED,ASK,.png,26_ERISED_ASK.png,ZETH,WAN,26_ERISED_ZETH_WAN.png,,ZETH WAN,18_LIVEGODRIC_ASK.png,18_LIVEGODRIC_DOTS.png,RUSP WIM,ZETH WAN,ZETH WAN,RUSP WIM,18_LIVEGODRIC_RUSP_WIM.png,RUSP WIM,,,,,
79,1712312784861,05/04/2024 10:26:24,1712316384861,1,05/04/2024 12:26:24,139619,19,task-eihb,,36766692,BLIND,10840444,,complete,,660fccf5e4ce4ff4f4528b99,computer,Desktop or Laptop,Windows 10,Chrome 123.0.0.0,1536x864,1536x703,,,0,1i-3 A Training,4,,,1i-3,,,Pass,,1i-3 A Training,1i-3 A Training,24,Training02,TrainingB,2yfdu9,2,response,,3806,3798.5,3806,3806,3798.5,3806,1,3806,0,0,,Click Response,Option B,5,object-246,1i-3,_,22,1i-3_22,6,Training02,26_ERISED,ASK,.png,26_ERISED_ASK.png,ZETH,WAN,26_ERISED_ZETH_WAN.png,,ZETH WAN,18_LIVEGODRIC_ASK.png,18_LIVEGODRIC_DOTS.png,RUSP WIM,ZETH WAN,ZETH WAN,RUSP WIM,18_LIVEGODRIC_RUSP_WIM.png,RUSP WIM,,,,,
80,1712312790152,05/04/2024 10:26:30,1712316390152,1,05/04/2024 12:26:30,139619,19,task-eihb,,36766692,BLIND,10840444,,complete,,660fccf5e4ce4ff4f4528b99,computer,Desktop or Laptop,Windows 10,Chrome 123.0.0.0,1536x864,1536x703,,,0,1i-3 A Training,4,,,1i-3,,,Pass,,1i-3 A Training,1i-3 A Training,24,Training02,TrainingC,1ouhhw,3,continue,,5298.100000023842,5281.599999999977,5298.100000023842,5298.100000023842,5281.599999999977,5298.100000023842,1,5298.100000023842,0,0,,Click To Continue,Continue Button,6,object-272,1i-3,_,22,1i-3_22,6,Training02,26_ERISED,ASK,.png,26_ERISED_ASK.png,ZETH,WAN,26_ERISED_ZETH_WAN.png,,ZETH WAN,18_LIVEGODRIC_ASK.png,18_LIVEGODRIC_DOTS.png,RUSP WIM,ZETH WAN,ZETH WAN,RUSP WIM,18_LIVEGODRIC_RUSP_WIM.png,RUSP WIM,,,,,
81,1712312790158,05/04/2024 10:26:30,1712316390158,1,05/04/2024 12:26:30,139619,19,task-eihb,,36766692,BLIND,10840444,,complete,,660fccf5e4ce4ff4f4528b99,computer,Desktop or Laptop,Windows 10,Chrome 123.0.0.0,1536x864,1536x703,,,0,1i-3 A Training,4,,,1i-3,,,Pass,,1i-3 A Training,1i-3 A Training,,,,,,5,END,,,,,,,0,,,,,,,,,,,,,,,,,,,,,,,,,,,,,,,,,,,,
1,1712312248123,05/04/2024 10:17:28,1712315848123,1,05/04/2024 12:17:28,139619,19,task-eihb,,36766846,BLIND,10840472,,complete,,660fcd810afb7b528ef3e31f,computer,Desktop or Laptop,Windows 10,Chrome 123.0.0.0,1920x1080,1920x919,,,0,1i-3 A Training,4,,,1i-3,,,Pass,,1i-3 A Training,1i-3 A Training,,,,,,5,BEGIN,,,,,,,0,,,,,,,,,,,,,,,,,,,,,,,,,,,,,,,,,,,,
2,1712312252606,05/04/2024 10:17:32,1712315852606,1,05/04/2024 12:17:32,139619,19,task-eihb,,36766846,BLIND,10840472,,complete,,660fcd810afb7b528ef3e31f,computer,Desktop or Laptop,Windows 10,Chrome 123.0.0.0,1920x1080,1920x919,,,0,1i-3 A Training,4,,,1i-3,,,Pass,,1i-3 A Training,1i-3 A Training,1,Instructions,Attention Check 5,4xnmv6,1,continue,,4092.8000000089405,4083.5999999999995,4092.8000000089405,4092.8000000089405,4083.5999999999995,4092.8000000089405,1,4092.8000000089405,0,0,,Click To Continue,Continue Button,4,object-285,,,,,,Instructions,,,,,,,,,,,,,,,,,,,,,,
3,1712312252606,05/04/2024 10:17:32,1712315852606,1,05/04/2024 12:17:32,139619,19,task-eihb,,36766846,BLIND,10840472,,complete,,660fcd810afb7b528ef3e31f,computer,Desktop or Laptop,Windows 10,Chrome 123.0.0.0,1920x1080,1920x919,,,0,1i-3 A Training,4,,,1i-3,,,Pass,,1i-3 A Training,1i-3 A Training,1,Instructions,Attention Check 5,4xnmv6,1,response,Accio!,3350.3,4083.5999999999995,4093.3000000089405,3350.3,4083.5999999999995,4093.3000000089405,1,3350.3,743.0000000089403,0,,Dropdown,Dropdown5,3,object-284,,,,,,Instructions,,,,,,,,,,,,,,,,,,,,,,
4,1712312261671,05/04/2024 10:17:41,1712315861671,1,05/04/2024 12:17:41,139619,19,task-eihb,,36766846,BLIND,10840472,,complete,,660fcd810afb7b528ef3e31f,computer,Desktop or Laptop,Windows 10,Chrome 123.0.0.0,1920x1080,1920x919,,,0,1i-3 A Training,4,,,1i-3,,,Pass,,1i-3 A Training,1i-3 A Training,1,Instructions,Attention Check 6,wf497f,2,continue,,9074.700000008941,9067.300000000001,9074.700000008941,9074.700000008941,9067.300000000001,9074.700000008941,1,9074.700000008941,0,0,,Click To Continue,Continue Button,4,object-292,,,,,,Instructions,,,,,,,,,,,,,,,,,,,,,,
5,1712312261676,05/04/2024 10:17:41,1712315861676,1,05/04/2024 12:17:41,139619,19,task-eihb,,36766846,BLIND,10840472,,complete,,660fcd810afb7b528ef3e31f,computer,Desktop or Laptop,Windows 10,Chrome 123.0.0.0,1920x1080,1920x919,,,0,1i-3 A Training,4,,,1i-3,,,Pass,,1i-3 A Training,1i-3 A Training,1,Instructions,Attention Check 6,wf497f,2,response,The Invisibility Cloak,5000.5,9067.300000000001,9080.1,5000.5,9067.300000000001,9080.1,1,5000.5,4079.6000000000004,0,,Dropdown,Dropdown6,3,object-291,,,,,,Instructions,,,,,,,,,,,,,,,,,,,,,,
6,1712312266034,05/04/2024 10:17:46,1712315866034,1,05/04/2024 12:17:46,139619,19,task-eihb,,36766846,BLIND,10840472,,complete,,660fcd810afb7b528ef3e31f,computer,Desktop or Laptop,Windows 10,Chrome 123.0.0.0,1920x1080,1920x919,,,0,1i-3 A Training,4,,,1i-3,,,Pass,,1i-3 A Training,1i-3 A Training,1,Instructions,Screen 22,3y4guk,3,continue,,4370.40000000894,4367,4370.40000000894,4370.40000000894,4367,4370.40000000894,1,4370.40000000894,0,0,,Click To Continue,Continue Button,3,object-297,,,,,,Instructions,,,,,,,,,,,,,,,,,,,,,,
7,1712312286787,05/04/2024 10:18:06,1712315886787,1,05/04/2024 12:18:06,139619,19,task-eihb,,36766846,BLIND,10840472,,complete,,660fcd810afb7b528ef3e31f,computer,Desktop or Laptop,Windows 10,Chrome 123.0.0.0,1920x1080,1920x919,,,0,1i-3 A Training,4,,,1i-3,,,Pass,,1i-3 A Training,1i-3 A Training,1,Instructions,Instructions 02,q3gk2e,4,continue,,20756.3,20751.3,20756.3,20756.3,20751.3,20756.3,1,20756.3,0,0,,Click To Continue,Continue Button,2,object-75,,,,,,Instructions,,,,,,,,,,,,,,,,,,,,,,
8,1712312290119,05/04/2024 10:18:10,1712315890119,1,05/04/2024 12:18:10,139619,19,task-eihb,,36766846,BLIND,10840472,,complete,,660fcd810afb7b528ef3e31f,computer,Desktop or Laptop,Windows 10,Chrome 123.0.0.0,1920x1080,1920x919,,,0,1i-3 A Training,4,,,1i-3,,,Pass,,1i-3 A Training,1i-3 A Training,1,Instructions,Instructions 03,gxa3vr,5,continue,,3337.2999999970198,3333.699999999997,3337.2999999970198,3337.2999999970198,3333.699999999997,3337.2999999970198,1,3337.2999999970198,0,0,,Click To Continue,Continue Button,1,object-165,,,,,,Instructions,,,,,,,,,,,,,,,,,,,,,,
9,1712312308594,05/04/2024 10:18:28,1712315908594,1,05/04/2024 12:18:28,139619,19,task-eihb,,36766846,BLIND,10840472,,complete,,660fcd810afb7b528ef3e31f,computer,Desktop or Laptop,Windows 10,Chrome 123.0.0.0,1920x1080,1920x919,,,0,1i-3 A Training,4,,,1i-3,,,Pass,,1i-3 A Training,1i-3 A Training,1,Training02,TrainingA,34efq7,1,response,ZETH WAN,14684.100000000006,18467.800000000003,18478.800000000003,14684.100000000006,18467.800000000003,18478.800000000003,1,14684.100000000006,3794.699999999997,0,,Single Text Entry,TextResponseA,4,object-97,1i-3,_,02,1i-3_02,1,Training02,40_BURYSNAPE,ASK,.png,40_BURYSNAPE_ASK.png,ZETH,WAN,40_BURYSNAPE_ZETH_WAN.png,,ZETH WAN,20_PULLSWORD_ASK.png,20_PULLSWORD_DOTS.png,WOUX WAN,ZETH WAN,ZETH WAN,WOUX WAN,20_PULLSWORD_WOUX_WAN.png,WOUX WAN,,,,,
10,1712312313892,05/04/2024 10:18:33,1712315913892,1,05/04/2024 12:18:33,139619,19,task-eihb,,36766846,BLIND,10840472,,complete,,660fcd810afb7b528ef3e31f,computer,Desktop or Laptop,Windows 10,Chrome 123.0.0.0,1920x1080,1920x919,,,0,1i-3 A Training,4,,,1i-3,,,Pass,,1i-3 A Training,1i-3 A Training,1,Training02,TrainingB,2yfdu9,2,response,,5309.70000000298,5300.300000000003,5309.70000000298,5309.70000000298,5300.300000000003,5309.70000000298,1,5309.70000000298,0,0,,Click Response,Option B,5,object-246,1i-3,_,02,1i-3_02,1,Training02,40_BURYSNAPE,ASK,.png,40_BURYSNAPE_ASK.png,ZETH,WAN,40_BURYSNAPE_ZETH_WAN.png,,ZETH WAN,20_PULLSWORD_ASK.png,20_PULLSWORD_DOTS.png,WOUX WAN,ZETH WAN,ZETH WAN,WOUX WAN,20_PULLSWORD_WOUX_WAN.png,WOUX WAN,,,,,
11,1712312328130,05/04/2024 10:18:48,1712315928130,1,05/04/2024 12:18:48,139619,19,task-eihb,,36766846,BLIND,10840472,,complete,,660fcd810afb7b528ef3e31f,computer,Desktop or Laptop,Windows 10,Chrome 123.0.0.0,1920x1080,1920x919,,,0,1i-3 A Training,4,,,1i-3,,,Pass,,1i-3 A Training,1i-3 A Training,1,Training02,TrainingC,1ouhhw,3,continue,,14247.499999997017,14234.300000000003,14247.499999997017,14247.499999997017,14234.300000000003,14247.499999997017,1,14247.499999997017,0,0,,Click To Continue,Continue Button,6,object-272,1i-3,_,02,1i-3_02,1,Training02,40_BURYSNAPE,ASK,.png,40_BURYSNAPE_ASK.png,ZETH,WAN,40_BURYSNAPE_ZETH_WAN.png,,ZETH WAN,20_PULLSWORD_ASK.png,20_PULLSWORD_DOTS.png,WOUX WAN,ZETH WAN,ZETH WAN,WOUX WAN,20_PULLSWORD_WOUX_WAN.png,WOUX WAN,,,,,
12,1712312354845,05/04/2024 10:19:14,1712315954845,1,05/04/2024 12:19:14,139619,19,task-eihb,,36766846,BLIND,10840472,,complete,,660fcd810afb7b528ef3e31f,computer,Desktop or Laptop,Windows 10,Chrome 123.0.0.0,1920x1080,1920x919,,,0,1i-3 A Training,4,,,1i-3,,,Pass,,1i-3 A Training,1i-3 A Training,2,Training02,TrainingA,34efq7,1,response,RUSP WIM,11984.099999999991,26718.29999999999,26728.199999997014,11984.099999999991,26718.29999999999,26728.199999997014,1,11984.099999999991,14744.099999997023,0,,Single Text Entry,TextResponseA,4,object-97,1i-3,_,03,1i-3_03,1,Training02,13_QUIBBLER,ASK,.png,13_QUIBBLER_ASK.png,RUSP,WIM,13_QUIBBLER_RUSP_WIM.png,,RUSP WIM,27_BESTSELLER_ASK.png,27_BESTSELLER_DOTS.png,FICH WUNG,RUSP WIM,RUSP WIM,FICH WUNG,27_BESTSELLER_FICH_WUNG.png,FICH WUNG,,,,,
13,1712312361294,05/04/2024 10:19:21,1712315961294,1,05/04/2024 12:19:21,139619,19,task-eihb,,36766846,BLIND,10840472,,complete,,660fcd810afb7b528ef3e31f,computer,Desktop or Laptop,Windows 10,Chrome 123.0.0.0,1920x1080,1920x919,,,0,1i-3 A Training,4,,,1i-3,,,Pass,,1i-3 A Training,1i-3 A Training,2,Training02,TrainingB,2yfdu9,2,response,,6458.000000005966,6450.5,6458.000000005966,6458.000000005966,6450.5,6458.000000005966,1,6458.000000005966,0,0,,Click Response,Option B,5,object-246,1i-3,_,03,1i-3_03,1,Training02,13_QUIBBLER,ASK,.png,13_QUIBBLER_ASK.png,RUSP,WIM,13_QUIBBLER_RUSP_WIM.png,,RUSP WIM,27_BESTSELLER_ASK.png,27_BESTSELLER_DOTS.png,FICH WUNG,RUSP WIM,RUSP WIM,FICH WUNG,27_BESTSELLER_FICH_WUNG.png,FICH WUNG,,,,,
14,1712312386059,05/04/2024 10:19:46,1712315986059,1,05/04/2024 12:19:46,139619,19,task-eihb,,36766846,BLIND,10840472,,complete,,660fcd810afb7b528ef3e31f,computer,Desktop or Laptop,Windows 10,Chrome 123.0.0.0,1920x1080,1920x919,,,0,1i-3 A Training,4,,,1i-3,,,Pass,,1i-3 A Training,1i-3 A Training,2,Training02,TrainingC,1ouhhw,3,continue,,24772.399999997026,24768.20000000001,24772.399999997026,24772.399999997026,24768.20000000001,24772.399999997026,1,24772.399999997026,0,0,,Click To Continue,Continue Button,6,object-272,1i-3,_,03,1i-3_03,1,Training02,13_QUIBBLER,ASK,.png,13_QUIBBLER_ASK.png,RUSP,WIM,13_QUIBBLER_RUSP_WIM.png,,RUSP WIM,27_BESTSELLER_ASK.png,27_BESTSELLER_DOTS.png,FICH WUNG,RUSP WIM,RUSP WIM,FICH WUNG,27_BESTSELLER_FICH_WUNG.png,FICH WUNG,,,,,
15,1712312402266,05/04/2024 10:20:02,1712316002266,1,05/04/2024 12:20:02,139619,19,task-eihb,,36766846,BLIND,10840472,,complete,,660fcd810afb7b528ef3e31f,computer,Desktop or Laptop,Windows 10,Chrome 123.0.0.0,1920x1080,1920x919,,,0,1i-3 A Training,4,,,1i-3,,,Pass,,1i-3 A Training,1i-3 A Training,3,Training02,TrainingA,34efq7,1,response,WOUX WAN,6817.100000000006,16201.100000000006,16211.100000002974,6817.100000000006,16201.100000000006,16211.100000002974,1,6817.100000000006,9394.000000002969,0,,Single Text Entry,TextResponseA,4,object-97,1i-3,_,04,1i-3_04,1,Training02,35_PROPHET,ASK,.png,35_PROPHET_ASK.png,WOUX,WAN,35_PROPHET_WOUX_WAN.png,,WOUX WAN,40_BURYSNAPE_ASK.png,40_BURYSNAPE_DOTS.png,WOUX WAN,RUSP WIM,WOUX WAN,RUSP WIM,40_BURYSNAPE_RUSP_WIM.png,,RUSP WIM,,,,
16,1712312413398,05/04/2024 10:20:13,1712316013398,1,05/04/2024 12:20:13,139619,19,task-eihb,,36766846,BLIND,10840472,,complete,,660fcd810afb7b528ef3e31f,computer,Desktop or Laptop,Windows 10,Chrome 123.0.0.0,1920x1080,1920x919,,,0,1i-3 A Training,4,,,1i-3,,,Pass,,1i-3 A Training,1i-3 A Training,3,Training02,TrainingB,2yfdu9,2,response,,11142.799999999988,11134,11142.799999999988,11142.799999999988,11134,11142.799999999988,1,11142.799999999988,0,0,,Click Response,Option B,5,object-246,1i-3,_,04,1i-3_04,1,Training02,35_PROPHET,ASK,.png,35_PROPHET_ASK.png,WOUX,WAN,35_PROPHET_WOUX_WAN.png,,WOUX WAN,40_BURYSNAPE_ASK.png,40_BURYSNAPE_DOTS.png,WOUX WAN,RUSP WIM,WOUX WAN,RUSP WIM,40_BURYSNAPE_RUSP_WIM.png,,RUSP WIM,,,,
17,1712312428991,05/04/2024 10:20:28,1712316028991,1,05/04/2024 12:20:28,139619,19,task-eihb,,36766846,BLIND,10840472,,complete,,660fcd810afb7b528ef3e31f,computer,Desktop or Laptop,Windows 10,Chrome 123.0.0.0,1920x1080,1920x919,,,0,1i-3 A Training,4,,,1i-3,,,Pass,,1i-3 A Training,1i-3 A Training,3,Training02,TrainingC,1ouhhw,3,continue,,15600.700000005949,15584.299999999988,15600.700000005949,15600.700000005949,15584.299999999988,15600.700000005949,1,15600.700000005949,0,0,,Click To Continue,Continue Button,6,object-272,1i-3,_,04,1i-3_04,1,Training02,35_PROPHET,ASK,.png,35_PROPHET_ASK.png,WOUX,WAN,35_PROPHET_WOUX_WAN.png,,WOUX WAN,40_BURYSNAPE_ASK.png,40_BURYSNAPE_DOTS.png,WOUX WAN,RUSP WIM,WOUX WAN,RUSP WIM,40_BURYSNAPE_RUSP_WIM.png,,RUSP WIM,,,,
18,1712312448768,05/04/2024 10:20:48,1712316048768,1,05/04/2024 12:20:48,139619,19,task-eihb,,36766846,BLIND,10840472,,complete,,660fcd810afb7b528ef3e31f,computer,Desktop or Laptop,Windows 10,Chrome 123.0.0.0,1920x1080,1920x919,,,0,1i-3 A Training,4,,,1i-3,,,Pass,,1i-3 A Training,1i-3 A Training,4,Training02,TrainingA,34efq7,1,response,FICH WUNG,15734.399999999994,19784.600000000006,19793.70000000298,15734.399999999994,19784.600000000006,19793.70000000298,1,15734.399999999994,4059.300000002986,0,,Single Text Entry,TextResponseA,4,object-97,1i-3,_,01,1i-3_01,1,Training02,04_WHEEZES,ASK,.png,04_WHEEZES_ASK.png,FICH,WUNG,04_WHEEZES_FICH_WUNG.png,,FICH WUNG,05_AUROR_ASK.png,05_AUROR_DOTS.png,FICH WUNG,ZETH WAN,FICH WUNG,ZETH WAN,05_AUROR_ZETH_WAN.png,,ZETH WAN,,,,
19,1712312459153,05/04/2024 10:20:59,1712316059153,1,05/04/2024 12:20:59,139619,19,task-eihb,,36766846,BLIND,10840472,,complete,,660fcd810afb7b528ef3e31f,computer,Desktop or Laptop,Windows 10,Chrome 123.0.0.0,1920x1080,1920x919,,,0,1i-3 A Training,4,,,1i-3,,,Pass,,1i-3 A Training,1i-3 A Training,4,Training02,TrainingB,2yfdu9,2,response,,10394.000000008935,10384,10394.000000008935,10394.000000008935,10384,10394.000000008935,1,10394.000000008935,0,0,,Click Response,Option B,5,object-246,1i-3,_,01,1i-3_01,1,Training02,04_WHEEZES,ASK,.png,04_WHEEZES_ASK.png,FICH,WUNG,04_WHEEZES_FICH_WUNG.png,,FICH WUNG,05_AUROR_ASK.png,05_AUROR_DOTS.png,FICH WUNG,ZETH WAN,FICH WUNG,ZETH WAN,05_AUROR_ZETH_WAN.png,,ZETH WAN,,,,
20,1712312463949,05/04/2024 10:21:03,1712316063949,1,05/04/2024 12:21:03,139619,19,task-eihb,,36766846,BLIND,10840472,,complete,,660fcd810afb7b528ef3e31f,computer,Desktop or Laptop,Windows 10,Chrome 123.0.0.0,1920x1080,1920x919,,,0,1i-3 A Training,4,,,1i-3,,,Pass,,1i-3 A Training,1i-3 A Training,4,Training02,TrainingC,1ouhhw,3,continue,,4805.600000002974,4800.299999999988,4805.600000002974,4805.600000002974,4800.299999999988,4805.600000002974,1,4805.600000002974,0,0,,Click To Continue,Continue Button,6,object-272,1i-3,_,01,1i-3_01,1,Training02,04_WHEEZES,ASK,.png,04_WHEEZES_ASK.png,FICH,WUNG,04_WHEEZES_FICH_WUNG.png,,FICH WUNG,05_AUROR_ASK.png,05_AUROR_DOTS.png,FICH WUNG,ZETH WAN,FICH WUNG,ZETH WAN,05_AUROR_ZETH_WAN.png,,ZETH WAN,,,,
21,1712312473486,05/04/2024 10:21:13,1712316073486,1,05/04/2024 12:21:13,139619,19,task-eihb,,36766846,BLIND,10840472,,complete,,660fcd810afb7b528ef3e31f,computer,Desktop or Laptop,Windows 10,Chrome 123.0.0.0,1920x1080,1920x919,,,0,1i-3 A Training,4,,,1i-3,,,Pass,,1i-3 A Training,1i-3 A Training,5,Training02,TrainingA,34efq7,1,response,ZETH WAN,4833.700000000012,9534,9542.700000008947,4833.700000000012,9534,9542.700000008947,1,4833.700000000012,4709.000000008935,0,,Single Text Entry,TextResponseA,4,object-97,1i-3,_,06,1i-3_06,2,Training02,12_SKEETER,ASK,.png,12_SKEETER_ASK.png,ZETH,WAN,12_SKEETER_ZETH_WAN.png,,ZETH WAN,12_SKEETER_ASK.png,12_SKEETER_DOTS.png,FICH WUNG,ZETH WAN,ZETH WAN,FICH WUNG,12_SKEETER_FICH_WUNG.png,FICH WUNG,,,,,
22,1712312476293,05/04/2024 10:21:16,1712316076293,1,05/04/2024 12:21:16,139619,19,task-eihb,,36766846,BLIND,10840472,,complete,,660fcd810afb7b528ef3e31f,computer,Desktop or Laptop,Windows 10,Chrome 123.0.0.0,1920x1080,1920x919,,,0,1i-3 A Training,4,,,1i-3,,,Pass,,1i-3 A Training,1i-3 A Training,5,Training02,TrainingB,2yfdu9,2,response,,2815.600000000006,2800.2000000000116,2815.600000000006,2815.600000000006,2800.2000000000116,2815.600000000006,1,2815.600000000006,0,0,,Click Response,Option B,5,object-246,1i-3,_,06,1i-3_06,2,Training02,12_SKEETER,ASK,.png,12_SKEETER_ASK.png,ZETH,WAN,12_SKEETER_ZETH_WAN.png,,ZETH WAN,12_SKEETER_ASK.png,12_SKEETER_DOTS.png,FICH WUNG,ZETH WAN,ZETH WAN,FICH WUNG,12_SKEETER_FICH_WUNG.png,FICH WUNG,,,,,
23,1712312490603,05/04/2024 10:21:30,1712316090603,1,05/04/2024 12:21:30,139619,19,task-eihb,,36766846,BLIND,10840472,,complete,,660fcd810afb7b528ef3e31f,computer,Desktop or Laptop,Windows 10,Chrome 123.0.0.0,1920x1080,1920x919,,,0,1i-3 A Training,4,,,1i-3,,,Pass,,1i-3 A Training,1i-3 A Training,5,Training02,TrainingC,1ouhhw,3,continue,,14325.699999997014,14317.600000000006,14325.699999997014,14325.699999997014,14317.600000000006,14325.699999997014,1,14325.699999997014,0,0,,Click To Continue,Continue Button,6,object-272,1i-3,_,06,1i-3_06,2,Training02,12_SKEETER,ASK,.png,12_SKEETER_ASK.png,ZETH,WAN,12_SKEETER_ZETH_WAN.png,,ZETH WAN,12_SKEETER_ASK.png,12_SKEETER_DOTS.png,FICH WUNG,ZETH WAN,ZETH WAN,FICH WUNG,12_SKEETER_FICH_WUNG.png,FICH WUNG,,,,,
24,1712312518453,05/04/2024 10:21:58,1712316118453,1,05/04/2024 12:21:58,139619,19,task-eihb,,36766846,BLIND,10840472,,complete,,660fcd810afb7b528ef3e31f,computer,Desktop or Laptop,Windows 10,Chrome 123.0.0.0,1920x1080,1920x919,,,0,1i-3 A Training,4,,,1i-3,,,Pass,,1i-3 A Training,1i-3 A Training,6,Training02,TrainingA,34efq7,1,response,FICH WUNG,15550.899999999994,27851.79999999999,27858.70000000595,15550.899999999994,27851.79999999999,27858.70000000595,1,15550.899999999994,12307.800000005955,0,,Single Text Entry,TextResponseA,4,object-97,1i-3,_,05,1i-3_05,2,Training02,18_LIVEGODRIC,ASK,.png,18_LIVEGODRIC_ASK.png,FICH,WUNG,18_LIVEGODRIC_FICH_WUNG.png,,FICH WUNG,07_AZKABAN_ASK.png,07_AZKABAN_DOTS.png,FICH WUNG,RUSP WIM,FICH WUNG,RUSP WIM,07_AZKABAN_RUSP_WIM.png,,RUSP WIM,,,,
25,1712312524039,05/04/2024 10:22:04,1712316124039,1,05/04/2024 12:22:04,139619,19,task-eihb,,36766846,BLIND,10840472,,complete,,660fcd810afb7b528ef3e31f,computer,Desktop or Laptop,Windows 10,Chrome 123.0.0.0,1920x1080,1920x919,,,0,1i-3 A Training,4,,,1i-3,,,Pass,,1i-3 A Training,1i-3 A Training,6,Training02,TrainingB,2yfdu9,2,response,,5592.29999999702,5583.599999999977,5592.29999999702,5592.29999999702,5583.599999999977,5592.29999999702,1,5592.29999999702,0,0,,Click Response,Option B,5,object-246,1i-3,_,05,1i-3_05,2,Training02,18_LIVEGODRIC,ASK,.png,18_LIVEGODRIC_ASK.png,FICH,WUNG,18_LIVEGODRIC_FICH_WUNG.png,,FICH WUNG,07_AZKABAN_ASK.png,07_AZKABAN_DOTS.png,FICH WUNG,RUSP WIM,FICH WUNG,RUSP WIM,07_AZKABAN_RUSP_WIM.png,,RUSP WIM,,,,
26,1712312529255,05/04/2024 10:22:09,1712316129255,1,05/04/2024 12:22:09,139619,19,task-eihb,,36766846,BLIND,10840472,,complete,,660fcd810afb7b528ef3e31f,computer,Desktop or Laptop,Windows 10,Chrome 123.0.0.0,1920x1080,1920x919,,,0,1i-3 A Training,4,,,1i-3,,,Pass,,1i-3 A Training,1i-3 A Training,6,Training02,TrainingC,1ouhhw,3,continue,,5224.800000005984,5217.100000000035,5224.800000005984,5224.800000005984,5217.100000000035,5224.800000005984,1,5224.800000005984,0,0,,Click To Continue,Continue Button,6,object-272,1i-3,_,05,1i-3_05,2,Training02,18_LIVEGODRIC,ASK,.png,18_LIVEGODRIC_ASK.png,FICH,WUNG,18_LIVEGODRIC_FICH_WUNG.png,,FICH WUNG,07_AZKABAN_ASK.png,07_AZKABAN_DOTS.png,FICH WUNG,RUSP WIM,FICH WUNG,RUSP WIM,07_AZKABAN_RUSP_WIM.png,,RUSP WIM,,,,
27,1712312540123,05/04/2024 10:22:20,1712316140123,1,05/04/2024 12:22:20,139619,19,task-eihb,,36766846,BLIND,10840472,,complete,,660fcd810afb7b528ef3e31f,computer,Desktop or Laptop,Windows 10,Chrome 123.0.0.0,1920x1080,1920x919,,,0,1i-3 A Training,4,,,1i-3,,,Pass,,1i-3 A Training,1i-3 A Training,7,Training02,TrainingA,34efq7,1,response,WOUX WAN,7133.700000000012,10867.299999999988,10876.200000005949,7133.700000000012,10867.299999999988,10876.200000005949,1,7133.700000000012,3742.500000005937,0,,Single Text Entry,TextResponseA,4,object-97,1i-3,_,08,1i-3_08,2,Training02,28_GALLEONS,ASK,.png,28_GALLEONS_ASK.png,WOUX,WAN,28_GALLEONS_WOUX_WAN.png,,WOUX WAN,39_STOPHAGRID_ASK.png,39_STOPHAGRID_DOTS.png,ZETH WAN,WOUX WAN,WOUX WAN,ZETH WAN,39_STOPHAGRID_ZETH_WAN.png,ZETH WAN,,,,,
28,1712312548193,05/04/2024 10:22:28,1712316148193,1,05/04/2024 12:22:28,139619,19,task-eihb,,36766846,BLIND,10840472,,complete,,660fcd810afb7b528ef3e31f,computer,Desktop or Laptop,Windows 10,Chrome 123.0.0.0,1920x1080,1920x919,,,0,1i-3 A Training,4,,,1i-3,,,Pass,,1i-3 A Training,1i-3 A Training,7,Training02,TrainingB,2yfdu9,2,response,,8078.70000000298,8067.200000000012,8078.70000000298,8078.70000000298,8067.200000000012,8078.70000000298,1,8078.70000000298,0,0,,Click Response,Option A,4,object-245,1i-3,_,08,1i-3_08,2,Training02,28_GALLEONS,ASK,.png,28_GALLEONS_ASK.png,WOUX,WAN,28_GALLEONS_WOUX_WAN.png,,WOUX WAN,39_STOPHAGRID_ASK.png,39_STOPHAGRID_DOTS.png,ZETH WAN,WOUX WAN,WOUX WAN,ZETH WAN,39_STOPHAGRID_ZETH_WAN.png,ZETH WAN,,,,,
29,1712312550401,05/04/2024 10:22:30,1712316150401,1,05/04/2024 12:22:30,139619,19,task-eihb,,36766846,BLIND,10840472,,complete,,660fcd810afb7b528ef3e31f,computer,Desktop or Laptop,Windows 10,Chrome 123.0.0.0,1920x1080,1920x919,,,0,1i-3 A Training,4,,,1i-3,,,Pass,,1i-3 A Training,1i-3 A Training,7,Training02,TrainingC,1ouhhw,3,continue,,2218.900000008929,2216.7999999999884,2218.900000008929,2218.900000008929,2216.7999999999884,2218.900000008929,1,2218.900000008929,0,0,,Click To Continue,Continue Button,6,object-272,1i-3,_,08,1i-3_08,2,Training02,28_GALLEONS,ASK,.png,28_GALLEONS_ASK.png,WOUX,WAN,28_GALLEONS_WOUX_WAN.png,,WOUX WAN,39_STOPHAGRID_ASK.png,39_STOPHAGRID_DOTS.png,ZETH WAN,WOUX WAN,WOUX WAN,ZETH WAN,39_STOPHAGRID_ZETH_WAN.png,ZETH WAN,,,,,
30,1712312561294,05/04/2024 10:22:41,1712316161294,1,05/04/2024 12:22:41,139619,19,task-eihb,,36766846,BLIND,10840472,,complete,,660fcd810afb7b528ef3e31f,computer,Desktop or Laptop,Windows 10,Chrome 123.0.0.0,1920x1080,1920x919,,,0,1i-3 A Training,4,,,1i-3,,,Pass,,1i-3 A Training,1i-3 A Training,8,Training02,TrainingA,34efq7,1,response,RUSP WIM,6633.799999999988,10884,10895.10000000894,6633.799999999988,10884,10895.10000000894,1,6633.799999999988,4261.300000008952,0,,Single Text Entry,TextResponseA,4,object-97,1i-3,_,07,1i-3_07,2,Training02,34_FANLETTERS,ASK,.png,34_FANLETTERS_ASK.png,RUSP,WIM,34_FANLETTERS_RUSP_WIM.png,,RUSP WIM,34_FANLETTERS_ASK.png,34_FANLETTERS_DOTS.png,RUSP WIM,WOUX WAN,RUSP WIM,WOUX WAN,34_FANLETTERS_WOUX_WAN.png,,WOUX WAN,,,,
31,1712312565242,05/04/2024 10:22:45,1712316165242,1,05/04/2024 12:22:45,139619,19,task-eihb,,36766846,BLIND,10840472,,complete,,660fcd810afb7b528ef3e31f,computer,Desktop or Laptop,Windows 10,Chrome 123.0.0.0,1920x1080,1920x919,,,0,1i-3 A Training,4,,,1i-3,,,Pass,,1i-3 A Training,1i-3 A Training,8,Training02,TrainingB,2yfdu9,2,response,,3959.2999999970198,3950.2999999999884,3959.2999999970198,3959.2999999970198,3950.2999999999884,3959.2999999970198,1,3959.2999999970198,0,0,,Click Response,Option A,4,object-245,1i-3,_,07,1i-3_07,2,Training02,34_FANLETTERS,ASK,.png,34_FANLETTERS_ASK.png,RUSP,WIM,34_FANLETTERS_RUSP_WIM.png,,RUSP WIM,34_FANLETTERS_ASK.png,34_FANLETTERS_DOTS.png,RUSP WIM,WOUX WAN,RUSP WIM,WOUX WAN,34_FANLETTERS_WOUX_WAN.png,,WOUX WAN,,,,
32,1712312575469,05/04/2024 10:22:55,1712316175469,1,05/04/2024 12:22:55,139619,19,task-eihb,,36766846,BLIND,10840472,,complete,,660fcd810afb7b528ef3e31f,computer,Desktop or Laptop,Windows 10,Chrome 123.0.0.0,1920x1080,1920x919,,,0,1i-3 A Training,4,,,1i-3,,,Pass,,1i-3 A Training,1i-3 A Training,8,Training02,TrainingC,1ouhhw,3,continue,,10235.499999997031,10234,10235.499999997031,10235.499999997031,10234,10235.499999997031,1,10235.499999997031,0,0,,Click To Continue,Continue Button,6,object-272,1i-3,_,07,1i-3_07,2,Training02,34_FANLETTERS,ASK,.png,34_FANLETTERS_ASK.png,RUSP,WIM,34_FANLETTERS_RUSP_WIM.png,,RUSP WIM,34_FANLETTERS_ASK.png,34_FANLETTERS_DOTS.png,RUSP WIM,WOUX WAN,RUSP WIM,WOUX WAN,34_FANLETTERS_WOUX_WAN.png,,WOUX WAN,,,,
33,1712312588740,05/04/2024 10:23:08,1712316188740,1,05/04/2024 12:23:08,139619,19,task-eihb,,36766846,BLIND,10840472,,complete,,660fcd810afb7b528ef3e31f,computer,Desktop or Laptop,Windows 10,Chrome 123.0.0.0,1920x1080,1920x919,,,0,1i-3 A Training,4,,,1i-3,,,Pass,,1i-3 A Training,1i-3 A Training,9,Training02,TrainingA,34efq7,1,response,WOUX WAN,7800.5,13267.5,13272.700000000012,7800.5,13267.5,13272.700000000012,1,7800.5,5472.200000000012,0,,Single Text Entry,TextResponseA,4,object-97,1i-3,_,12,1i-3_12,3,Training02,14_MUNGOS,ASK,.png,14_MUNGOS_ASK.png,WOUX,WAN,14_MUNGOS_WOUX_WAN.png,,WOUX WAN,33_ROR_ASK.png,33_ROR_DOTS.png,FICH WUNG,WOUX WAN,WOUX WAN,FICH WUNG,33_ROR_FICH_WUNG.png,FICH WUNG,,,,,
34,1712312595250,05/04/2024 10:23:15,1712316195250,1,05/04/2024 12:23:15,139619,19,task-eihb,,36766846,BLIND,10840472,,complete,,660fcd810afb7b528ef3e31f,computer,Desktop or Laptop,Windows 10,Chrome 123.0.0.0,1920x1080,1920x919,,,0,1i-3 A Training,4,,,1i-3,,,Pass,,1i-3 A Training,1i-3 A Training,9,Training02,TrainingB,2yfdu9,2,response,,6514.999999997031,6500.400000000023,6514.999999997031,6514.999999997031,6500.400000000023,6514.999999997031,1,6514.999999997031,0,0,,Click Response,Option B,5,object-246,1i-3,_,12,1i-3_12,3,Training02,14_MUNGOS,ASK,.png,14_MUNGOS_ASK.png,WOUX,WAN,14_MUNGOS_WOUX_WAN.png,,WOUX WAN,33_ROR_ASK.png,33_ROR_DOTS.png,FICH WUNG,WOUX WAN,WOUX WAN,FICH WUNG,33_ROR_FICH_WUNG.png,FICH WUNG,,,,,
35,1712312603733,05/04/2024 10:23:23,1712316203733,1,05/04/2024 12:23:23,139619,19,task-eihb,,36766846,BLIND,10840472,,complete,,660fcd810afb7b528ef3e31f,computer,Desktop or Laptop,Windows 10,Chrome 123.0.0.0,1920x1080,1920x919,,,0,1i-3 A Training,4,,,1i-3,,,Pass,,1i-3 A Training,1i-3 A Training,9,Training02,TrainingC,1ouhhw,3,continue,,8497.700000005949,8483.899999999965,8497.700000005949,8497.700000005949,8483.899999999965,8497.700000005949,1,8497.700000005949,0,0,,Click To Continue,Continue Button,6,object-272,1i-3,_,12,1i-3_12,3,Training02,14_MUNGOS,ASK,.png,14_MUNGOS_ASK.png,WOUX,WAN,14_MUNGOS_WOUX_WAN.png,,WOUX WAN,33_ROR_ASK.png,33_ROR_DOTS.png,FICH WUNG,WOUX WAN,WOUX WAN,FICH WUNG,33_ROR_FICH_WUNG.png,FICH WUNG,,,,,
36,1712312613163,05/04/2024 10:23:33,1712316213163,1,05/04/2024 12:23:33,139619,19,task-eihb,,36766846,BLIND,10840472,,complete,,660fcd810afb7b528ef3e31f,computer,Desktop or Laptop,Windows 10,Chrome 123.0.0.0,1920x1080,1920x919,,,0,1i-3 A Training,4,,,1i-3,,,Pass,,1i-3 A Training,1i-3 A Training,10,Training02,TrainingA,34efq7,1,response,ZETH WAN,4100.200000000012,9433.900000000023,9444.900000000023,4100.200000000012,9433.900000000023,9444.900000000023,1,4100.200000000012,5344.700000000012,0,,Single Text Entry,TextResponseA,4,object-97,1i-3,_,10,1i-3_10,3,Training02,19_BURYVOLDY,ASK,.png,19_BURYVOLDY_ASK.png,ZETH,WAN,19_BURYVOLDY_ZETH_WAN.png,,ZETH WAN,21_TEACHHOG_ASK.png,21_TEACHHOG_DOTS.png,ZETH WAN,RUSP WIM,ZETH WAN,RUSP WIM,21_TEACHHOG_RUSP_WIM.png,,RUSP WIM,,,,
37,1712312618641,05/04/2024 10:23:38,1712316218641,1,05/04/2024 12:23:38,139619,19,task-eihb,,36766846,BLIND,10840472,,complete,,660fcd810afb7b528ef3e31f,computer,Desktop or Laptop,Windows 10,Chrome 123.0.0.0,1920x1080,1920x919,,,0,1i-3 A Training,4,,,1i-3,,,Pass,,1i-3 A Training,1i-3 A Training,10,Training02,TrainingB,2yfdu9,2,response,,5489,5483.799999999988,5489,5489,5483.799999999988,5489,1,5489,0,0,,Click Response,Option B,5,object-246,1i-3,_,10,1i-3_10,3,Training02,19_BURYVOLDY,ASK,.png,19_BURYVOLDY_ASK.png,ZETH,WAN,19_BURYVOLDY_ZETH_WAN.png,,ZETH WAN,21_TEACHHOG_ASK.png,21_TEACHHOG_DOTS.png,ZETH WAN,RUSP WIM,ZETH WAN,RUSP WIM,21_TEACHHOG_RUSP_WIM.png,,RUSP WIM,,,,
38,1712312622494,05/04/2024 10:23:42,1712316222494,1,05/04/2024 12:23:42,139619,19,task-eihb,,36766846,BLIND,10840472,,complete,,660fcd810afb7b528ef3e31f,computer,Desktop or Laptop,Windows 10,Chrome 123.0.0.0,1920x1080,1920x919,,,0,1i-3 A Training,4,,,1i-3,,,Pass,,1i-3 A Training,1i-3 A Training,10,Training02,TrainingC,1ouhhw,3,continue,,3857.400000002992,3850.2000000000116,3857.400000002992,3857.400000002992,3850.2000000000116,3857.400000002992,1,3857.400000002992,0,0,,Click To Continue,Continue Button,6,object-272,1i-3,_,10,1i-3_10,3,Training02,19_BURYVOLDY,ASK,.png,19_BURYVOLDY_ASK.png,ZETH,WAN,19_BURYVOLDY_ZETH_WAN.png,,ZETH WAN,21_TEACHHOG_ASK.png,21_TEACHHOG_DOTS.png,ZETH WAN,RUSP WIM,ZETH WAN,RUSP WIM,21_TEACHHOG_RUSP_WIM.png,,RUSP WIM,,,,
39,1712312633901,05/04/2024 10:23:53,1712316233901,1,05/04/2024 12:23:53,139619,19,task-eihb,,36766846,BLIND,10840472,,complete,,660fcd810afb7b528ef3e31f,computer,Desktop or Laptop,Windows 10,Chrome 123.0.0.0,1920x1080,1920x919,,,0,1i-3 A Training,4,,,1i-3,,,Pass,,1i-3 A Training,1i-3 A Training,11,Training02,TrainingA,34efq7,1,response,RUSP WIM,8417.200000000012,11400.700000000012,11415,8417.200000000012,11400.700000000012,11415,1,8417.200000000012,2997.7999999999884,0,,Single Text Entry,TextResponseA,4,object-97,1i-3,_,11,1i-3_11,3,Training02,27_BESTSELLER,ASK,.png,27_BESTSELLER_ASK.png,RUSP,WIM,27_BESTSELLER_RUSP_WIM.png,,RUSP WIM,25_PROSECUTE_ASK.png,25_PROSECUTE_DOTS.png,ZETH WAN,RUSP WIM,RUSP WIM,ZETH WAN,25_PROSECUTE_ZETH_WAN.png,ZETH WAN,,,,,
40,1712312640824,05/04/2024 10:24:00,1712316240824,1,05/04/2024 12:24:00,139619,19,task-eihb,,36766846,BLIND,10840472,,complete,,660fcd810afb7b528ef3e31f,computer,Desktop or Laptop,Windows 10,Chrome 123.0.0.0,1920x1080,1920x919,,,0,1i-3 A Training,4,,,1i-3,,,Pass,,1i-3 A Training,1i-3 A Training,11,Training02,TrainingB,2yfdu9,2,response,,6936.599999997008,6933.899999999965,6936.599999997008,6936.599999997008,6933.899999999965,6936.599999997008,1,6936.599999997008,0,0,,Click Response,Option A,4,object-245,1i-3,_,11,1i-3_11,3,Training02,27_BESTSELLER,ASK,.png,27_BESTSELLER_ASK.png,RUSP,WIM,27_BESTSELLER_RUSP_WIM.png,,RUSP WIM,25_PROSECUTE_ASK.png,25_PROSECUTE_DOTS.png,ZETH WAN,RUSP WIM,RUSP WIM,ZETH WAN,25_PROSECUTE_ZETH_WAN.png,ZETH WAN,,,,,
41,1712312644117,05/04/2024 10:24:04,1712316244117,1,05/04/2024 12:24:04,139619,19,task-eihb,,36766846,BLIND,10840472,,complete,,660fcd810afb7b528ef3e31f,computer,Desktop or Laptop,Windows 10,Chrome 123.0.0.0,1920x1080,1920x919,,,0,1i-3 A Training,4,,,1i-3,,,Pass,,1i-3 A Training,1i-3 A Training,11,Training02,TrainingC,1ouhhw,3,continue,,3296.3000000059837,3283.4000000000233,3296.3000000059837,3296.3000000059837,3283.4000000000233,3296.3000000059837,1,3296.3000000059837,0,0,,Click To Continue,Continue Button,6,object-272,1i-3,_,11,1i-3_11,3,Training02,27_BESTSELLER,ASK,.png,27_BESTSELLER_ASK.png,RUSP,WIM,27_BESTSELLER_RUSP_WIM.png,,RUSP WIM,25_PROSECUTE_ASK.png,25_PROSECUTE_DOTS.png,ZETH WAN,RUSP WIM,RUSP WIM,ZETH WAN,25_PROSECUTE_ZETH_WAN.png,ZETH WAN,,,,,
42,1712312655339,05/04/2024 10:24:15,1712316255339,1,05/04/2024 12:24:15,139619,19,task-eihb,,36766846,BLIND,10840472,,complete,,660fcd810afb7b528ef3e31f,computer,Desktop or Laptop,Windows 10,Chrome 123.0.0.0,1920x1080,1920x919,,,0,1i-3 A Training,4,,,1i-3,,,Pass,,1i-3 A Training,1i-3 A Training,12,Training02,TrainingA,34efq7,1,response,FICH WUNG,6417.099999999977,11217.400000000023,11234.20000000007,6417.099999999977,11217.400000000023,11234.20000000007,1,6417.099999999977,4817.100000000093,0,,Single Text Entry,TextResponseA,4,object-97,1i-3,_,09,1i-3_09,3,Training02,32_QWC,ASK,.png,32_QWC_ASK.png,FICH,WUNG,32_QWC_FICH_WUNG.png,,FICH WUNG,13_QUIBBLER_ASK.png,13_QUIBBLER_DOTS.png,FICH WUNG,WOUX WAN,FICH WUNG,WOUX WAN,13_QUIBBLER_WOUX_WAN.png,,WOUX WAN,,,,
43,1712312661886,05/04/2024 10:24:21,1712316261886,1,05/04/2024 12:24:21,139619,19,task-eihb,,36766846,BLIND,10840472,,complete,,660fcd810afb7b528ef3e31f,computer,Desktop or Laptop,Windows 10,Chrome 123.0.0.0,1920x1080,1920x919,,,0,1i-3 A Training,4,,,1i-3,,,Pass,,1i-3 A Training,1i-3 A Training,12,Training02,TrainingB,2yfdu9,2,response,,6564.800000002957,6550.299999999988,6564.800000002957,6564.800000002957,6550.299999999988,6564.800000002957,1,6564.800000002957,0,0,,Click Response,Option A,4,object-245,1i-3,_,09,1i-3_09,3,Training02,32_QWC,ASK,.png,32_QWC_ASK.png,FICH,WUNG,32_QWC_FICH_WUNG.png,,FICH WUNG,13_QUIBBLER_ASK.png,13_QUIBBLER_DOTS.png,FICH WUNG,WOUX WAN,FICH WUNG,WOUX WAN,13_QUIBBLER_WOUX_WAN.png,,WOUX WAN,,,,
44,1712312665950,05/04/2024 10:24:25,1712316265950,1,05/04/2024 12:24:25,139619,19,task-eihb,,36766846,BLIND,10840472,,complete,,660fcd810afb7b528ef3e31f,computer,Desktop or Laptop,Windows 10,Chrome 123.0.0.0,1920x1080,1920x919,,,0,1i-3 A Training,4,,,1i-3,,,Pass,,1i-3 A Training,1i-3 A Training,12,Training02,TrainingC,1ouhhw,3,continue,,4077.5000000029686,4067.0999999999767,4077.5000000029686,4077.5000000029686,4067.0999999999767,4077.5000000029686,1,4077.5000000029686,0,0,,Click To Continue,Continue Button,6,object-272,1i-3,_,09,1i-3_09,3,Training02,32_QWC,ASK,.png,32_QWC_ASK.png,FICH,WUNG,32_QWC_FICH_WUNG.png,,FICH WUNG,13_QUIBBLER_ASK.png,13_QUIBBLER_DOTS.png,FICH WUNG,WOUX WAN,FICH WUNG,WOUX WAN,13_QUIBBLER_WOUX_WAN.png,,WOUX WAN,,,,
45,1712312673346,05/04/2024 10:24:33,1712316273346,1,05/04/2024 12:24:33,139619,19,task-eihb,,36766846,BLIND,10840472,,complete,,660fcd810afb7b528ef3e31f,computer,Desktop or Laptop,Windows 10,Chrome 123.0.0.0,1920x1080,1920x919,,,0,1i-3 A Training,4,,,1i-3,,,Pass,,1i-3 A Training,1i-3 A Training,13,Training02,TrainingA,34efq7,1,response,ZETH WAN,4416.900000000023,7400.5,7406.300000008952,4416.900000000023,7400.5,7406.300000008952,1,4416.900000000023,2989.400000008929,0,,Single Text Entry,TextResponseA,4,object-97,1i-3,_,14,1i-3_14,4,Training02,33_ROR,ASK,.png,33_ROR_ASK.png,ZETH,WAN,33_ROR_ZETH_WAN.png,,ZETH WAN,19_BURYVOLDY_ASK.png,19_BURYVOLDY_DOTS.png,ZETH WAN,WOUX WAN,ZETH WAN,WOUX WAN,19_BURYVOLDY_WOUX_WAN.png,,WOUX WAN,,,,
46,1712312688420,05/04/2024 10:24:48,1712316288420,1,05/04/2024 12:24:48,139619,19,task-eihb,,36766846,BLIND,10840472,,complete,,660fcd810afb7b528ef3e31f,computer,Desktop or Laptop,Windows 10,Chrome 123.0.0.0,1920x1080,1920x919,,,0,1i-3 A Training,4,,,1i-3,,,Pass,,1i-3 A Training,1i-3 A Training,13,Training02,TrainingB,2yfdu9,2,response,,15079.499999997031,15067.600000000035,15079.499999997031,15079.499999997031,15067.600000000035,15079.499999997031,1,15079.499999997031,0,0,,Click Response,Option A,4,object-245,1i-3,_,14,1i-3_14,4,Training02,33_ROR,ASK,.png,33_ROR_ASK.png,ZETH,WAN,33_ROR_ZETH_WAN.png,,ZETH WAN,19_BURYVOLDY_ASK.png,19_BURYVOLDY_DOTS.png,ZETH WAN,WOUX WAN,ZETH WAN,WOUX WAN,19_BURYVOLDY_WOUX_WAN.png,,WOUX WAN,,,,
47,1712312689775,05/04/2024 10:24:49,1712316289775,1,05/04/2024 12:24:49,139619,19,task-eihb,,36766846,BLIND,10840472,,complete,,660fcd810afb7b528ef3e31f,computer,Desktop or Laptop,Windows 10,Chrome 123.0.0.0,1920x1080,1920x919,,,0,1i-3 A Training,4,,,1i-3,,,Pass,,1i-3 A Training,1i-3 A Training,13,Training02,TrainingC,1ouhhw,3,continue,,1366.7999999999884,1350.0999999999767,1366.7999999999884,1366.7999999999884,1350.0999999999767,1366.7999999999884,1,1366.7999999999884,0,0,,Click To Continue,Continue Button,6,object-272,1i-3,_,14,1i-3_14,4,Training02,33_ROR,ASK,.png,33_ROR_ASK.png,ZETH,WAN,33_ROR_ZETH_WAN.png,,ZETH WAN,19_BURYVOLDY_ASK.png,19_BURYVOLDY_DOTS.png,ZETH WAN,WOUX WAN,ZETH WAN,WOUX WAN,19_BURYVOLDY_WOUX_WAN.png,,WOUX WAN,,,,
48,1712312696592,05/04/2024 10:24:56,1712316296592,1,05/04/2024 12:24:56,139619,19,task-eihb,,36766846,BLIND,10840472,,complete,,660fcd810afb7b528ef3e31f,computer,Desktop or Laptop,Windows 10,Chrome 123.0.0.0,1920x1080,1920x919,,,0,1i-3 A Training,4,,,1i-3,,,Pass,,1i-3 A Training,1i-3 A Training,14,Training02,TrainingA,34efq7,1,response,WOUX WAN,3800.2000000000116,6817,6833.700000000012,3800.2000000000116,6817,6833.700000000012,1,3800.2000000000116,3033.5,0,,Single Text Entry,TextResponseA,4,object-97,1i-3,_,16,1i-3_16,4,Training02,42_ENGLAND,ASK,.png,42_ENGLAND_ASK.png,WOUX,WAN,42_ENGLAND_WOUX_WAN.png,,WOUX WAN,41_PIXIE_ASK.png,41_PIXIE_DOTS.png,RUSP WIM,WOUX WAN,WOUX WAN,RUSP WIM,41_PIXIE_RUSP_WIM.png,RUSP WIM,,,,,
49,1712312704560,05/04/2024 10:25:04,1712316304560,1,05/04/2024 12:25:04,139619,19,task-eihb,,36766846,BLIND,10840472,,complete,,660fcd810afb7b528ef3e31f,computer,Desktop or Laptop,Windows 10,Chrome 123.0.0.0,1920x1080,1920x919,,,0,1i-3 A Training,4,,,1i-3,,,Pass,,1i-3 A Training,1i-3 A Training,14,Training02,TrainingB,2yfdu9,2,response,,7983.800000000047,7967.200000000012,7983.800000000047,7983.800000000047,7967.200000000012,7983.800000000047,1,7983.800000000047,0,0,,Click Response,Option A,4,object-245,1i-3,_,16,1i-3_16,4,Training02,42_ENGLAND,ASK,.png,42_ENGLAND_ASK.png,WOUX,WAN,42_ENGLAND_WOUX_WAN.png,,WOUX WAN,41_PIXIE_ASK.png,41_PIXIE_DOTS.png,RUSP WIM,WOUX WAN,WOUX WAN,RUSP WIM,41_PIXIE_RUSP_WIM.png,RUSP WIM,,,,,
50,1712312705654,05/04/2024 10:25:05,1712316305654,1,05/04/2024 12:25:05,139619,19,task-eihb,,36766846,BLIND,10840472,,complete,,660fcd810afb7b528ef3e31f,computer,Desktop or Laptop,Windows 10,Chrome 123.0.0.0,1920x1080,1920x919,,,0,1i-3 A Training,4,,,1i-3,,,Pass,,1i-3 A Training,1i-3 A Training,14,Training02,TrainingC,1ouhhw,3,continue,,1111.5999999970081,1100.2000000000116,1111.5999999970081,1111.5999999970081,1100.2000000000116,1111.5999999970081,1,1111.5999999970081,0,0,,Click To Continue,Continue Button,6,object-272,1i-3,_,16,1i-3_16,4,Training02,42_ENGLAND,ASK,.png,42_ENGLAND_ASK.png,WOUX,WAN,42_ENGLAND_WOUX_WAN.png,,WOUX WAN,41_PIXIE_ASK.png,41_PIXIE_DOTS.png,RUSP WIM,WOUX WAN,WOUX WAN,RUSP WIM,41_PIXIE_RUSP_WIM.png,RUSP WIM,,,,,
51,1712312728049,05/04/2024 10:25:28,1712316328049,1,05/04/2024 12:25:28,139619,19,task-eihb,,36766846,BLIND,10840472,,complete,,660fcd810afb7b528ef3e31f,computer,Desktop or Laptop,Windows 10,Chrome 123.0.0.0,1920x1080,1920x919,,,0,1i-3 A Training,4,,,1i-3,,,Pass,,1i-3 A Training,1i-3 A Training,15,Training02,TrainingA,34efq7,1,response,FICH WUNG,5683.599999999977,22401.399999999965,22407.500000005937,5683.599999999977,22401.399999999965,22407.500000005937,1,5683.599999999977,16723.90000000596,0,,Single Text Entry,TextResponseA,4,object-97,1i-3,_,13,1i-3_13,4,Training02,11_RONWAND,ASK,.png,11_RONWAND_ASK.png,FICH,WUNG,11_RONWAND_FICH_WUNG.png,,FICH WUNG,06_MOM_ASK.png,06_MOM_DOTS.png,ZETH WAN,FICH WUNG,FICH WUNG,ZETH WAN,06_MOM_ZETH_WAN.png,ZETH WAN,,,,,
52,1712312738288,05/04/2024 10:25:38,1712316338288,1,05/04/2024 12:25:38,139619,19,task-eihb,,36766846,BLIND,10840472,,complete,,660fcd810afb7b528ef3e31f,computer,Desktop or Laptop,Windows 10,Chrome 123.0.0.0,1920x1080,1920x919,,,0,1i-3 A Training,4,,,1i-3,,,Pass,,1i-3 A Training,1i-3 A Training,15,Training02,TrainingB,2yfdu9,2,response,,10245.400000002992,10233.900000000023,10245.400000002992,10245.400000002992,10233.900000000023,10245.400000002992,1,10245.400000002992,0,0,,Click Response,Option B,5,object-246,1i-3,_,13,1i-3_13,4,Training02,11_RONWAND,ASK,.png,11_RONWAND_ASK.png,FICH,WUNG,11_RONWAND_FICH_WUNG.png,,FICH WUNG,06_MOM_ASK.png,06_MOM_DOTS.png,ZETH WAN,FICH WUNG,FICH WUNG,ZETH WAN,06_MOM_ZETH_WAN.png,ZETH WAN,,,,,
53,1712312740998,05/04/2024 10:25:40,1712316340998,1,05/04/2024 12:25:40,139619,19,task-eihb,,36766846,BLIND,10840472,,complete,,660fcd810afb7b528ef3e31f,computer,Desktop or Laptop,Windows 10,Chrome 123.0.0.0,1920x1080,1920x919,,,0,1i-3 A Training,4,,,1i-3,,,Pass,,1i-3 A Training,1i-3 A Training,15,Training02,TrainingC,1ouhhw,3,continue,,2720.700000005949,2716.899999999965,2720.700000005949,2720.700000005949,2716.899999999965,2720.700000005949,1,2720.700000005949,0,0,,Click To Continue,Continue Button,6,object-272,1i-3,_,13,1i-3_13,4,Training02,11_RONWAND,ASK,.png,11_RONWAND_ASK.png,FICH,WUNG,11_RONWAND_FICH_WUNG.png,,FICH WUNG,06_MOM_ASK.png,06_MOM_DOTS.png,ZETH WAN,FICH WUNG,FICH WUNG,ZETH WAN,06_MOM_ZETH_WAN.png,ZETH WAN,,,,,
54,1712312752021,05/04/2024 10:25:52,1712316352021,1,05/04/2024 12:25:52,139619,19,task-eihb,,36766846,BLIND,10840472,,complete,,660fcd810afb7b528ef3e31f,computer,Desktop or Laptop,Windows 10,Chrome 123.0.0.0,1920x1080,1920x919,,,0,1i-3 A Training,4,,,1i-3,,,Pass,,1i-3 A Training,1i-3 A Training,16,Training02,TrainingA,34efq7,1,response,RUSP WIM,7050.5,11017.300000000047,11027.300000005984,7050.5,11017.300000000047,11027.300000005984,1,7050.5,3976.8000000059837,0,,Single Text Entry,TextResponseA,4,object-97,1i-3,_,15,1i-3_15,4,Training02,06_MOM,ASK,.png,06_MOM_ASK.png,RUSP,WIM,06_MOM_RUSP_WIM.png,,RUSP WIM,26_ERISED_ASK.png,26_ERISED_DOTS.png,RUSP WIM,FICH WUNG,RUSP WIM,FICH WUNG,26_ERISED_FICH_WUNG.png,,FICH WUNG,,,,
55,1712312760142,05/04/2024 10:26:00,1712316360142,1,05/04/2024 12:26:00,139619,19,task-eihb,,36766846,BLIND,10840472,,complete,,660fcd810afb7b528ef3e31f,computer,Desktop or Laptop,Windows 10,Chrome 123.0.0.0,1920x1080,1920x919,,,0,1i-3 A Training,4,,,1i-3,,,Pass,,1i-3 A Training,1i-3 A Training,16,Training02,TrainingB,2yfdu9,2,response,,8130.700000008917,8117.299999999988,8130.700000008917,8130.700000008917,8117.299999999988,8130.700000008917,1,8130.700000008917,0,0,,Click Response,Option A,4,object-245,1i-3,_,15,1i-3_15,4,Training02,06_MOM,ASK,.png,06_MOM_ASK.png,RUSP,WIM,06_MOM_RUSP_WIM.png,,RUSP WIM,26_ERISED_ASK.png,26_ERISED_DOTS.png,RUSP WIM,FICH WUNG,RUSP WIM,FICH WUNG,26_ERISED_FICH_WUNG.png,,FICH WUNG,,,,
56,1712312761430,05/04/2024 10:26:01,1712316361430,1,05/04/2024 12:26:01,139619,19,task-eihb,,36766846,BLIND,10840472,,complete,,660fcd810afb7b528ef3e31f,computer,Desktop or Laptop,Windows 10,Chrome 123.0.0.0,1920x1080,1920x919,,,0,1i-3 A Training,4,,,1i-3,,,Pass,,1i-3 A Training,1i-3 A Training,16,Training02,TrainingC,1ouhhw,3,continue,,1299.9999999999418,1283.399999999965,1299.9999999999418,1299.9999999999418,1283.399999999965,1299.9999999999418,1,1299.9999999999418,0,0,,Click To Continue,Continue Button,6,object-272,1i-3,_,15,1i-3_15,4,Training02,06_MOM,ASK,.png,06_MOM_ASK.png,RUSP,WIM,06_MOM_RUSP_WIM.png,,RUSP WIM,26_ERISED_ASK.png,26_ERISED_DOTS.png,RUSP WIM,FICH WUNG,RUSP WIM,FICH WUNG,26_ERISED_FICH_WUNG.png,,FICH WUNG,,,,
57,1712312771625,05/04/2024 10:26:11,1712316371625,1,05/04/2024 12:26:11,139619,19,task-eihb,,36766846,BLIND,10840472,,complete,,660fcd810afb7b528ef3e31f,computer,Desktop or Laptop,Windows 10,Chrome 123.0.0.0,1920x1080,1920x919,,,0,1i-3 A Training,4,,,1i-3,,,Pass,,1i-3 A Training,1i-3 A Training,17,Training02,TrainingA,34efq7,1,response,RUSP WIM,6900.400000000023,10200.5,10213.199999997043,6900.400000000023,10200.5,10213.199999997043,1,6900.400000000023,3312.7999999970198,0,,Single Text Entry,TextResponseA,4,object-97,1i-3,_,19,1i-3_19,5,Training02,41_PIXIE,ASK,.png,41_PIXIE_ASK.png,RUSP,WIM,41_PIXIE_RUSP_WIM.png,,RUSP WIM,35_PROPHET_ASK.png,35_PROPHET_DOTS.png,WOUX WAN,RUSP WIM,RUSP WIM,WOUX WAN,35_PROPHET_WOUX_WAN.png,WOUX WAN,,,,,
58,1712312776614,05/04/2024 10:26:16,1712316376614,1,05/04/2024 12:26:16,139619,19,task-eihb,,36766846,BLIND,10840472,,complete,,660fcd810afb7b528ef3e31f,computer,Desktop or Laptop,Windows 10,Chrome 123.0.0.0,1920x1080,1920x919,,,0,1i-3 A Training,4,,,1i-3,,,Pass,,1i-3 A Training,1i-3 A Training,17,Training02,TrainingB,2yfdu9,2,response,,5000.500000000116,4983.800000000047,5000.500000000116,5000.500000000116,4983.800000000047,5000.500000000116,1,5000.500000000116,0,0,,Click Response,Option A,4,object-245,1i-3,_,19,1i-3_19,5,Training02,41_PIXIE,ASK,.png,41_PIXIE_ASK.png,RUSP,WIM,41_PIXIE_RUSP_WIM.png,,RUSP WIM,35_PROPHET_ASK.png,35_PROPHET_DOTS.png,WOUX WAN,RUSP WIM,RUSP WIM,WOUX WAN,35_PROPHET_WOUX_WAN.png,WOUX WAN,,,,,
59,1712312778139,05/04/2024 10:26:18,1712316378139,1,05/04/2024 12:26:18,139619,19,task-eihb,,36766846,BLIND,10840472,,complete,,660fcd810afb7b528ef3e31f,computer,Desktop or Laptop,Windows 10,Chrome 123.0.0.0,1920x1080,1920x919,,,0,1i-3 A Training,4,,,1i-3,,,Pass,,1i-3 A Training,1i-3 A Training,17,Training02,TrainingC,1ouhhw,3,continue,,1543.0000000059372,1533.4000000000233,1543.0000000059372,1543.0000000059372,1533.4000000000233,1543.0000000059372,1,1543.0000000059372,0,0,,Click To Continue,Continue Button,6,object-272,1i-3,_,19,1i-3_19,5,Training02,41_PIXIE,ASK,.png,41_PIXIE_ASK.png,RUSP,WIM,41_PIXIE_RUSP_WIM.png,,RUSP WIM,35_PROPHET_ASK.png,35_PROPHET_DOTS.png,WOUX WAN,RUSP WIM,RUSP WIM,WOUX WAN,35_PROPHET_WOUX_WAN.png,WOUX WAN,,,,,
60,1712312789030,05/04/2024 10:26:29,1712316389030,1,05/04/2024 12:26:29,139619,19,task-eihb,,36766846,BLIND,10840472,,complete,,660fcd810afb7b528ef3e31f,computer,Desktop or Laptop,Windows 10,Chrome 123.0.0.0,1920x1080,1920x919,,,0,1i-3 A Training,4,,,1i-3,,,Pass,,1i-3 A Training,1i-3 A Training,18,Training02,TrainingA,34efq7,1,response,FICH WUNG,6150.29999999993,10900.699999999953,10901.499999996973,6150.29999999993,10900.699999999953,10901.499999996973,1,6150.29999999993,4751.199999997043,0,,Single Text Entry,TextResponseA,4,object-97,1i-3,_,17,1i-3_17,5,Training02,25_PROSECUTE,ASK,.png,25_PROSECUTE_ASK.png,FICH,WUNG,25_PROSECUTE_FICH_WUNG.png,,FICH WUNG,04_WHEEZES_ASK.png,04_WHEEZES_DOTS.png,RUSP WIM,FICH WUNG,FICH WUNG,RUSP WIM,04_WHEEZES_RUSP_WIM.png,RUSP WIM,,,,,
61,1712312794829,05/04/2024 10:26:34,1712316394829,1,05/04/2024 12:26:34,139619,19,task-eihb,,36766846,BLIND,10840472,,complete,,660fcd810afb7b528ef3e31f,computer,Desktop or Laptop,Windows 10,Chrome 123.0.0.0,1920x1080,1920x919,,,0,1i-3 A Training,4,,,1i-3,,,Pass,,1i-3 A Training,1i-3 A Training,18,Training02,TrainingB,2yfdu9,2,response,,5799.29999999702,5783.699999999953,5799.29999999702,5799.29999999702,5783.699999999953,5799.29999999702,1,5799.29999999702,0,0,,Click Response,Option A,4,object-245,1i-3,_,17,1i-3_17,5,Training02,25_PROSECUTE,ASK,.png,25_PROSECUTE_ASK.png,FICH,WUNG,25_PROSECUTE_FICH_WUNG.png,,FICH WUNG,04_WHEEZES_ASK.png,04_WHEEZES_DOTS.png,RUSP WIM,FICH WUNG,FICH WUNG,RUSP WIM,04_WHEEZES_RUSP_WIM.png,RUSP WIM,,,,,
62,1712312796423,05/04/2024 10:26:36,1712316396423,1,05/04/2024 12:26:36,139619,19,task-eihb,,36766846,BLIND,10840472,,complete,,660fcd810afb7b528ef3e31f,computer,Desktop or Laptop,Windows 10,Chrome 123.0.0.0,1920x1080,1920x919,,,0,1i-3 A Training,4,,,1i-3,,,Pass,,1i-3 A Training,1i-3 A Training,18,Training02,TrainingC,1ouhhw,3,continue,,1610.3000000000466,1600.2000000000698,1610.3000000000466,1610.3000000000466,1600.2000000000698,1610.3000000000466,1,1610.3000000000466,0,0,,Click To Continue,Continue Button,6,object-272,1i-3,_,17,1i-3_17,5,Training02,25_PROSECUTE,ASK,.png,25_PROSECUTE_ASK.png,FICH,WUNG,25_PROSECUTE_FICH_WUNG.png,,FICH WUNG,04_WHEEZES_ASK.png,04_WHEEZES_DOTS.png,RUSP WIM,FICH WUNG,FICH WUNG,RUSP WIM,04_WHEEZES_RUSP_WIM.png,RUSP WIM,,,,,
63,1712312804876,05/04/2024 10:26:44,1712316404876,1,05/04/2024 12:26:44,139619,19,task-eihb,,36766846,BLIND,10840472,,complete,,660fcd810afb7b528ef3e31f,computer,Desktop or Laptop,Windows 10,Chrome 123.0.0.0,1920x1080,1920x919,,,0,1i-3 A Training,4,,,1i-3,,,Pass,,1i-3 A Training,1i-3 A Training,19,Training02,TrainingA,34efq7,1,response,ZETH WAN,4866.900000000023,8450.5,8463.000000005937,4866.900000000023,8450.5,8463.000000005937,1,4866.900000000023,3596.100000005914,0,,Single Text Entry,TextResponseA,4,object-97,1i-3,_,18,1i-3_18,5,Training02,05_AUROR,ASK,.png,05_AUROR_ASK.png,ZETH,WAN,05_AUROR_ZETH_WAN.png,,ZETH WAN,11_RONWAND_ASK.png,11_RONWAND_DOTS.png,ZETH WAN,FICH WUNG,ZETH WAN,FICH WUNG,11_RONWAND_FICH_WUNG.png,,FICH WUNG,,,,
64,1712312811153,05/04/2024 10:26:51,1712316411153,1,05/04/2024 12:26:51,139619,19,task-eihb,,36766846,BLIND,10840472,,complete,,660fcd810afb7b528ef3e31f,computer,Desktop or Laptop,Windows 10,Chrome 123.0.0.0,1920x1080,1920x919,,,0,1i-3 A Training,4,,,1i-3,,,Pass,,1i-3 A Training,1i-3 A Training,19,Training02,TrainingB,2yfdu9,2,response,,6289.099999999977,6283.699999999953,6289.099999999977,6289.099999999977,6283.699999999953,6289.099999999977,1,6289.099999999977,0,0,,Click Response,Option A,4,object-245,1i-3,_,18,1i-3_18,5,Training02,05_AUROR,ASK,.png,05_AUROR_ASK.png,ZETH,WAN,05_AUROR_ZETH_WAN.png,,ZETH WAN,11_RONWAND_ASK.png,11_RONWAND_DOTS.png,ZETH WAN,FICH WUNG,ZETH WAN,FICH WUNG,11_RONWAND_FICH_WUNG.png,,FICH WUNG,,,,
65,1712312816174,05/04/2024 10:26:56,1712316416174,1,05/04/2024 12:26:56,139619,19,task-eihb,,36766846,BLIND,10840472,,complete,,660fcd810afb7b528ef3e31f,computer,Desktop or Laptop,Windows 10,Chrome 123.0.0.0,1920x1080,1920x919,,,0,1i-3 A Training,4,,,1i-3,,,Pass,,1i-3 A Training,1i-3 A Training,19,Training02,TrainingC,1ouhhw,3,continue,,5027.000000008964,5017,5027.000000008964,5027.000000008964,5017,5027.000000008964,1,5027.000000008964,0,0,,Click To Continue,Continue Button,6,object-272,1i-3,_,18,1i-3_18,5,Training02,05_AUROR,ASK,.png,05_AUROR_ASK.png,ZETH,WAN,05_AUROR_ZETH_WAN.png,,ZETH WAN,11_RONWAND_ASK.png,11_RONWAND_DOTS.png,ZETH WAN,FICH WUNG,ZETH WAN,FICH WUNG,11_RONWAND_FICH_WUNG.png,,FICH WUNG,,,,
66,1712312825312,05/04/2024 10:27:05,1712316425312,1,05/04/2024 12:27:05,139619,19,task-eihb,,36766846,BLIND,10840472,,complete,,660fcd810afb7b528ef3e31f,computer,Desktop or Laptop,Windows 10,Chrome 123.0.0.0,1920x1080,1920x919,,,0,1i-3 A Training,4,,,1i-3,,,Pass,,1i-3 A Training,1i-3 A Training,20,Training02,TrainingA,34efq7,1,response,WOUX WAN,6617,9133.900000000023,9147.699999997043,6617,9133.900000000023,9147.699999997043,1,6617,2530.699999997043,0,,Single Text Entry,TextResponseA,4,object-97,1i-3,_,20,1i-3_20,5,Training02,21_TEACHHOG,ASK,.png,21_TEACHHOG_ASK.png,WOUX,WAN,21_TEACHHOG_WOUX_WAN.png,,WOUX WAN,42_ENGLAND_ASK.png,42_ENGLAND_DOTS.png,WOUX WAN,ZETH WAN,WOUX WAN,ZETH WAN,42_ENGLAND_ZETH_WAN.png,,ZETH WAN,,,,
67,1712312828988,05/04/2024 10:27:08,1712316428988,1,05/04/2024 12:27:08,139619,19,task-eihb,,36766846,BLIND,10840472,,complete,,660fcd810afb7b528ef3e31f,computer,Desktop or Laptop,Windows 10,Chrome 123.0.0.0,1920x1080,1920x919,,,0,1i-3 A Training,4,,,1i-3,,,Pass,,1i-3 A Training,1i-3 A Training,20,Training02,TrainingB,2yfdu9,2,response,,3689.4000000059605,3683.5999999999767,3689.4000000059605,3689.4000000059605,3683.5999999999767,3689.4000000059605,1,3689.4000000059605,0,0,,Click Response,Option A,4,object-245,1i-3,_,20,1i-3_20,5,Training02,21_TEACHHOG,ASK,.png,21_TEACHHOG_ASK.png,WOUX,WAN,21_TEACHHOG_WOUX_WAN.png,,WOUX WAN,42_ENGLAND_ASK.png,42_ENGLAND_DOTS.png,WOUX WAN,ZETH WAN,WOUX WAN,ZETH WAN,42_ENGLAND_ZETH_WAN.png,,ZETH WAN,,,,
68,1712312832241,05/04/2024 10:27:12,1712316432241,1,05/04/2024 12:27:12,139619,19,task-eihb,,36766846,BLIND,10840472,,complete,,660fcd810afb7b528ef3e31f,computer,Desktop or Laptop,Windows 10,Chrome 123.0.0.0,1920x1080,1920x919,,,0,1i-3 A Training,4,,,1i-3,,,Pass,,1i-3 A Training,1i-3 A Training,20,Training02,TrainingC,1ouhhw,3,continue,,3259.500000008964,3250.0999999999767,3259.500000008964,3259.500000008964,3250.0999999999767,3259.500000008964,1,3259.500000008964,0,0,,Click To Continue,Continue Button,6,object-272,1i-3,_,20,1i-3_20,5,Training02,21_TEACHHOG,ASK,.png,21_TEACHHOG_ASK.png,WOUX,WAN,21_TEACHHOG_WOUX_WAN.png,,WOUX WAN,42_ENGLAND_ASK.png,42_ENGLAND_DOTS.png,WOUX WAN,ZETH WAN,WOUX WAN,ZETH WAN,42_ENGLAND_ZETH_WAN.png,,ZETH WAN,,,,
69,1712312846039,05/04/2024 10:27:26,1712316446039,1,05/04/2024 12:27:26,139619,19,task-eihb,,36766846,BLIND,10840472,,complete,,660fcd810afb7b528ef3e31f,computer,Desktop or Laptop,Windows 10,Chrome 123.0.0.0,1920x1080,1920x919,,,0,1i-3 A Training,4,,,1i-3,,,Pass,,1i-3 A Training,1i-3 A Training,21,Training02,TrainingA,34efq7,1,response,RUSP WIM,7734,13817.600000000093,13822.200000006007,7734,13817.600000000093,13822.200000006007,1,7734,6088.200000006007,0,,Single Text Entry,TextResponseA,4,object-97,1i-3,_,23,1i-3_23,6,Training02,20_PULLSWORD,ASK,.png,20_PULLSWORD_ASK.png,RUSP,WIM,20_PULLSWORD_RUSP_WIM.png,,RUSP WIM,28_GALLEONS_ASK.png,28_GALLEONS_DOTS.png,RUSP WIM,ZETH WAN,RUSP WIM,ZETH WAN,28_GALLEONS_ZETH_WAN.png,,ZETH WAN,,,,
70,1712312850882,05/04/2024 10:27:30,1712316450882,1,05/04/2024 12:27:30,139619,19,task-eihb,,36766846,BLIND,10840472,,complete,,660fcd810afb7b528ef3e31f,computer,Desktop or Laptop,Windows 10,Chrome 123.0.0.0,1920x1080,1920x919,,,0,1i-3 A Training,4,,,1i-3,,,Pass,,1i-3 A Training,1i-3 A Training,21,Training02,TrainingB,2yfdu9,2,response,,4848.300000008894,4833.699999999953,4848.300000008894,4848.300000008894,4833.699999999953,4848.300000008894,1,4848.300000008894,0,0,,Click Response,Option B,5,object-246,1i-3,_,23,1i-3_23,6,Training02,20_PULLSWORD,ASK,.png,20_PULLSWORD_ASK.png,RUSP,WIM,20_PULLSWORD_RUSP_WIM.png,,RUSP WIM,28_GALLEONS_ASK.png,28_GALLEONS_DOTS.png,RUSP WIM,ZETH WAN,RUSP WIM,ZETH WAN,28_GALLEONS_ZETH_WAN.png,,ZETH WAN,,,,
71,1712312854509,05/04/2024 10:27:34,1712316454509,1,05/04/2024 12:27:34,139619,19,task-eihb,,36766846,BLIND,10840472,,complete,,660fcd810afb7b528ef3e31f,computer,Desktop or Laptop,Windows 10,Chrome 123.0.0.0,1920x1080,1920x919,,,0,1i-3 A Training,4,,,1i-3,,,Pass,,1i-3 A Training,1i-3 A Training,21,Training02,TrainingC,1ouhhw,3,continue,,3640.7999999970198,3633.5,3640.7999999970198,3640.7999999970198,3633.5,3640.7999999970198,1,3640.7999999970198,0,0,,Click To Continue,Continue Button,6,object-272,1i-3,_,23,1i-3_23,6,Training02,20_PULLSWORD,ASK,.png,20_PULLSWORD_ASK.png,RUSP,WIM,20_PULLSWORD_RUSP_WIM.png,,RUSP WIM,28_GALLEONS_ASK.png,28_GALLEONS_DOTS.png,RUSP WIM,ZETH WAN,RUSP WIM,ZETH WAN,28_GALLEONS_ZETH_WAN.png,,ZETH WAN,,,,
72,1712312862760,05/04/2024 10:27:42,1712316462760,1,05/04/2024 12:27:42,139619,19,task-eihb,,36766846,BLIND,10840472,,complete,,660fcd810afb7b528ef3e31f,computer,Desktop or Laptop,Windows 10,Chrome 123.0.0.0,1920x1080,1920x919,,,0,1i-3 A Training,4,,,1i-3,,,Pass,,1i-3 A Training,1i-3 A Training,22,Training02,TrainingA,34efq7,1,response,WOUX WAN,5017.099999999977,8250.5,8259,5017.099999999977,8250.5,8259,1,5017.099999999977,3241.9000000000233,0,,Single Text Entry,TextResponseA,4,object-97,1i-3,_,24,1i-3_24,6,Training02,07_AZKABAN,ASK,.png,07_AZKABAN_ASK.png,WOUX,WAN,07_AZKABAN_WOUX_WAN.png,,WOUX WAN,32_QWC_ASK.png,32_QWC_DOTS.png,WOUX WAN,FICH WUNG,WOUX WAN,FICH WUNG,32_QWC_FICH_WUNG.png,,FICH WUNG,,,,
73,1712312866661,05/04/2024 10:27:46,1712316466661,1,05/04/2024 12:27:46,139619,19,task-eihb,,36766846,BLIND,10840472,,complete,,660fcd810afb7b528ef3e31f,computer,Desktop or Laptop,Windows 10,Chrome 123.0.0.0,1920x1080,1920x919,,,0,1i-3 A Training,4,,,1i-3,,,Pass,,1i-3 A Training,1i-3 A Training,22,Training02,TrainingB,2yfdu9,2,response,,3908.7000000029802,3900.4000000000233,3908.7000000029802,3908.7000000029802,3900.4000000000233,3908.7000000029802,1,3908.7000000029802,0,0,,Click Response,Option B,5,object-246,1i-3,_,24,1i-3_24,6,Training02,07_AZKABAN,ASK,.png,07_AZKABAN_ASK.png,WOUX,WAN,07_AZKABAN_WOUX_WAN.png,,WOUX WAN,32_QWC_ASK.png,32_QWC_DOTS.png,WOUX WAN,FICH WUNG,WOUX WAN,FICH WUNG,32_QWC_FICH_WUNG.png,,FICH WUNG,,,,
74,1712312867889,05/04/2024 10:27:47,1712316467889,1,05/04/2024 12:27:47,139619,19,task-eihb,,36766846,BLIND,10840472,,complete,,660fcd810afb7b528ef3e31f,computer,Desktop or Laptop,Windows 10,Chrome 123.0.0.0,1920x1080,1920x919,,,0,1i-3 A Training,4,,,1i-3,,,Pass,,1i-3 A Training,1i-3 A Training,22,Training02,TrainingC,1ouhhw,3,continue,,1236.800000002957,1233.1999999999534,1236.800000002957,1236.800000002957,1233.1999999999534,1236.800000002957,1,1236.800000002957,0,0,,Click To Continue,Continue Button,6,object-272,1i-3,_,24,1i-3_24,6,Training02,07_AZKABAN,ASK,.png,07_AZKABAN_ASK.png,WOUX,WAN,07_AZKABAN_WOUX_WAN.png,,WOUX WAN,32_QWC_ASK.png,32_QWC_DOTS.png,WOUX WAN,FICH WUNG,WOUX WAN,FICH WUNG,32_QWC_FICH_WUNG.png,,FICH WUNG,,,,
75,1712312875821,05/04/2024 10:27:55,1712316475821,1,05/04/2024 12:27:55,139619,19,task-eihb,,36766846,BLIND,10840472,,complete,,660fcd810afb7b528ef3e31f,computer,Desktop or Laptop,Windows 10,Chrome 123.0.0.0,1920x1080,1920x919,,,0,1i-3 A Training,4,,,1i-3,,,Pass,,1i-3 A Training,1i-3 A Training,23,Training02,TrainingA,34efq7,1,response,ZETH WAN,3783.8000000000466,7934,7935.300000005984,3783.8000000000466,7934,7935.300000005984,1,3783.8000000000466,4151.500000005937,0,,Single Text Entry,TextResponseA,4,object-97,1i-3,_,22,1i-3_22,6,Training02,26_ERISED,ASK,.png,26_ERISED_ASK.png,ZETH,WAN,26_ERISED_ZETH_WAN.png,,ZETH WAN,18_LIVEGODRIC_ASK.png,18_LIVEGODRIC_DOTS.png,RUSP WIM,ZETH WAN,ZETH WAN,RUSP WIM,18_LIVEGODRIC_RUSP_WIM.png,RUSP WIM,,,,,
76,1712312882441,05/04/2024 10:28:02,1712316482441,1,05/04/2024 12:28:02,139619,19,task-eihb,,36766846,BLIND,10840472,,complete,,660fcd810afb7b528ef3e31f,computer,Desktop or Laptop,Windows 10,Chrome 123.0.0.0,1920x1080,1920x919,,,0,1i-3 A Training,4,,,1i-3,,,Pass,,1i-3 A Training,1i-3 A Training,23,Training02,TrainingB,2yfdu9,2,response,,6621.1000000030035,6617.099999999977,6621.1000000030035,6621.1000000030035,6617.099999999977,6621.1000000030035,1,6621.1000000030035,0,0,,Click Response,Option A,4,object-245,1i-3,_,22,1i-3_22,6,Training02,26_ERISED,ASK,.png,26_ERISED_ASK.png,ZETH,WAN,26_ERISED_ZETH_WAN.png,,ZETH WAN,18_LIVEGODRIC_ASK.png,18_LIVEGODRIC_DOTS.png,RUSP WIM,ZETH WAN,ZETH WAN,RUSP WIM,18_LIVEGODRIC_RUSP_WIM.png,RUSP WIM,,,,,
77,1712312884996,05/04/2024 10:28:04,1712316484996,1,05/04/2024 12:28:04,139619,19,task-eihb,,36766846,BLIND,10840472,,complete,,660fcd810afb7b528ef3e31f,computer,Desktop or Laptop,Windows 10,Chrome 123.0.0.0,1920x1080,1920x919,,,0,1i-3 A Training,4,,,1i-3,,,Pass,,1i-3 A Training,1i-3 A Training,23,Training02,TrainingC,1ouhhw,3,continue,,2559.9000000089873,2550.100000000093,2559.9000000089873,2559.9000000089873,2550.100000000093,2559.9000000089873,1,2559.9000000089873,0,0,,Click To Continue,Continue Button,6,object-272,1i-3,_,22,1i-3_22,6,Training02,26_ERISED,ASK,.png,26_ERISED_ASK.png,ZETH,WAN,26_ERISED_ZETH_WAN.png,,ZETH WAN,18_LIVEGODRIC_ASK.png,18_LIVEGODRIC_DOTS.png,RUSP WIM,ZETH WAN,ZETH WAN,RUSP WIM,18_LIVEGODRIC_RUSP_WIM.png,RUSP WIM,,,,,
78,1712312897269,05/04/2024 10:28:17,1712316497269,1,05/04/2024 12:28:17,139619,19,task-eihb,,36766846,BLIND,10840472,,complete,,660fcd810afb7b528ef3e31f,computer,Desktop or Laptop,Windows 10,Chrome 123.0.0.0,1920x1080,1920x919,,,0,1i-3 A Training,4,,,1i-3,,,Pass,,1i-3 A Training,1i-3 A Training,24,Training02,TrainingA,34efq7,1,response,FICH WUNG,8017.199999999953,12267.5,12281.900000002934,8017.199999999953,12267.5,12281.900000002934,1,8017.199999999953,4264.70000000298,0,,Single Text Entry,TextResponseA,4,object-97,1i-3,_,21,1i-3_21,6,Training02,39_STOPHAGRID,ASK,.png,39_STOPHAGRID_ASK.png,FICH,WUNG,39_STOPHAGRID_FICH_WUNG.png,,FICH WUNG,14_MUNGOS_ASK.png,14_MUNGOS_DOTS.png,WOUX WAN,FICH WUNG,FICH WUNG,WOUX WAN,14_MUNGOS_WOUX_WAN.png,WOUX WAN,,,,,
79,1712312903340,05/04/2024 10:28:23,1712316503340,1,05/04/2024 12:28:23,139619,19,task-eihb,,36766846,BLIND,10840472,,complete,,660fcd810afb7b528ef3e31f,computer,Desktop or Laptop,Windows 10,Chrome 123.0.0.0,1920x1080,1920x919,,,0,1i-3 A Training,4,,,1i-3,,,Pass,,1i-3 A Training,1i-3 A Training,24,Training02,TrainingB,2yfdu9,2,response,,6085.999999996973,6083.699999999953,6085.999999996973,6085.999999996973,6083.699999999953,6085.999999996973,1,6085.999999996973,0,0,,Click Response,Option A,4,object-245,1i-3,_,21,1i-3_21,6,Training02,39_STOPHAGRID,ASK,.png,39_STOPHAGRID_ASK.png,FICH,WUNG,39_STOPHAGRID_FICH_WUNG.png,,FICH WUNG,14_MUNGOS_ASK.png,14_MUNGOS_DOTS.png,WOUX WAN,FICH WUNG,FICH WUNG,WOUX WAN,14_MUNGOS_WOUX_WAN.png,WOUX WAN,,,,,
80,1712312905735,05/04/2024 10:28:25,1712316505735,1,05/04/2024 12:28:25,139619,19,task-eihb,,36766846,BLIND,10840472,,complete,,660fcd810afb7b528ef3e31f,computer,Desktop or Laptop,Windows 10,Chrome 123.0.0.0,1920x1080,1920x919,,,0,1i-3 A Training,4,,,1i-3,,,Pass,,1i-3 A Training,1i-3 A Training,24,Training02,TrainingC,1ouhhw,3,continue,,2410.9000000059605,2400.0999999999767,2410.9000000059605,2410.9000000059605,2400.0999999999767,2410.9000000059605,1,2410.9000000059605,0,0,,Click To Continue,Continue Button,6,object-272,1i-3,_,21,1i-3_21,6,Training02,39_STOPHAGRID,ASK,.png,39_STOPHAGRID_ASK.png,FICH,WUNG,39_STOPHAGRID_FICH_WUNG.png,,FICH WUNG,14_MUNGOS_ASK.png,14_MUNGOS_DOTS.png,WOUX WAN,FICH WUNG,FICH WUNG,WOUX WAN,14_MUNGOS_WOUX_WAN.png,WOUX WAN,,,,,
81,1712312905742,05/04/2024 10:28:25,1712316505742,1,05/04/2024 12:28:25,139619,19,task-eihb,,36766846,BLIND,10840472,,complete,,660fcd810afb7b528ef3e31f,computer,Desktop or Laptop,Windows 10,Chrome 123.0.0.0,1920x1080,1920x919,,,0,1i-3 A Training,4,,,1i-3,,,Pass,,1i-3 A Training,1i-3 A Training,,,,,,5,END,,,,,,,0,,,,,,,,,,,,,,,,,,,,,,,,,,,,,,,,,,,,
1,1712312374673,05/04/2024 10:19:34,1712315974673,1,05/04/2024 12:19:34,139619,19,task-eihb,,36766909,BLIND,10840505,,complete,,660fceb39294f27c2d97f4af,computer,Desktop or Laptop,Chromium OS 14541.0.0,Chrome 122.0.0.0,1366x768,1366x633,,,0,1i-3 A Training,4,,,1i-3,,,Pass,,1i-3 A Training,1i-3 A Training,,,,,,5,BEGIN,,,,,,,0,,,,,,,,,,,,,,,,,,,,,,,,,,,,,,,,,,,,
2,1712312386503,05/04/2024 10:19:46,1712315986503,1,05/04/2024 12:19:46,139619,19,task-eihb,,36766909,BLIND,10840505,,complete,,660fceb39294f27c2d97f4af,computer,Desktop or Laptop,Chromium OS 14541.0.0,Chrome 122.0.0.0,1366x768,1366x633,,,0,1i-3 A Training,4,,,1i-3,,,Pass,,1i-3 A Training,1i-3 A Training,1,Instructions,Attention Check 5,4xnmv6,1,continue,,11569.900000000373,11555.4,11569.900000000373,11569.900000000373,11555.4,11569.900000000373,1,11569.900000000373,0,0,,Click To Continue,Continue Button,4,object-285,,,,,,Instructions,,,,,,,,,,,,,,,,,,,,,,
3,1712312386507,05/04/2024 10:19:46,1712315986507,1,05/04/2024 12:19:46,139619,19,task-eihb,,36766909,BLIND,10840505,,complete,,660fceb39294f27c2d97f4af,computer,Desktop or Laptop,Chromium OS 14541.0.0,Chrome 122.0.0.0,1366x768,1366x633,,,0,1i-3 A Training,4,,,1i-3,,,Pass,,1i-3 A Training,1i-3 A Training,1,Instructions,Attention Check 5,4xnmv6,1,response,Accio!,3346.7,11555.4,11572.099999999999,3346.7,11555.4,11572.099999999999,1,3346.7,8225.399999999998,0,,Dropdown,Dropdown5,3,object-284,,,,,,Instructions,,,,,,,,,,,,,,,,,,,,,,
4,1712312392291,05/04/2024 10:19:52,1712315992291,1,05/04/2024 12:19:52,139619,19,task-eihb,,36766909,BLIND,10840505,,complete,,660fceb39294f27c2d97f4af,computer,Desktop or Laptop,Chromium OS 14541.0.0,Chrome 122.0.0.0,1366x768,1366x633,,,0,1i-3 A Training,4,,,1i-3,,,Pass,,1i-3 A Training,1i-3 A Training,1,Instructions,Attention Check 6,wf497f,2,continue,,5803.000000000373,5794.300000000001,5803.000000000373,5803.000000000373,5794.300000000001,5803.000000000373,1,5803.000000000373,0,0,,Click To Continue,Continue Button,4,object-292,,,,,,Instructions,,,,,,,,,,,,,,,,,,,,,,
5,1712312392291,05/04/2024 10:19:52,1712315992291,1,05/04/2024 12:19:52,139619,19,task-eihb,,36766909,BLIND,10840505,,complete,,660fceb39294f27c2d97f4af,computer,Desktop or Laptop,Chromium OS 14541.0.0,Chrome 122.0.0.0,1366x768,1366x633,,,0,1i-3 A Training,4,,,1i-3,,,Pass,,1i-3 A Training,1i-3 A Training,1,Instructions,Attention Check 6,wf497f,2,response,The Invisibility Cloak,4545.500000000002,5794.300000000001,5803.6,4545.500000000002,5794.300000000001,5803.6,1,4545.500000000002,1258.0999999999985,0,,Dropdown,Dropdown6,3,object-291,,,,,,Instructions,,,,,,,,,,,,,,,,,,,,,,
6,1712312413937,05/04/2024 10:20:13,1712316013937,1,05/04/2024 12:20:13,139619,19,task-eihb,,36766909,BLIND,10840505,,complete,,660fceb39294f27c2d97f4af,computer,Desktop or Laptop,Chromium OS 14541.0.0,Chrome 122.0.0.0,1366x768,1366x633,,,0,1i-3 A Training,4,,,1i-3,,,Pass,,1i-3 A Training,1i-3 A Training,1,Instructions,Screen 22,3y4guk,3,continue,,21654.70000000037,21645.2,21654.70000000037,21654.70000000037,21645.2,21654.70000000037,1,21654.70000000037,0,0,,Click To Continue,Continue Button,3,object-297,,,,,,Instructions,,,,,,,,,,,,,,,,,,,,,,
7,1712312445440,05/04/2024 10:20:45,1712316045440,1,05/04/2024 12:20:45,139619,19,task-eihb,,36766909,BLIND,10840505,,complete,,660fceb39294f27c2d97f4af,computer,Desktop or Laptop,Chromium OS 14541.0.0,Chrome 122.0.0.0,1366x768,1366x633,,,0,1i-3 A Training,4,,,1i-3,,,Pass,,1i-3 A Training,1i-3 A Training,1,Instructions,Instructions 02,q3gk2e,4,continue,,31512.6,31502.499999999993,31512.6,31512.6,31502.499999999993,31512.6,1,31512.6,0,0,,Click To Continue,Continue Button,2,object-75,,,,,,Instructions,,,,,,,,,,,,,,,,,,,,,,
8,1712312447645,05/04/2024 10:20:47,1712316047645,1,05/04/2024 12:20:47,139619,19,task-eihb,,36766909,BLIND,10840505,,complete,,660fceb39294f27c2d97f4af,computer,Desktop or Laptop,Chromium OS 14541.0.0,Chrome 122.0.0.0,1366x768,1366x633,,,0,1i-3 A Training,4,,,1i-3,,,Pass,,1i-3 A Training,1i-3 A Training,1,Instructions,Instructions 03,gxa3vr,5,continue,,2214.5999999999913,2198,2214.5999999999913,2214.5999999999913,2198,2214.5999999999913,1,2214.5999999999913,0,0,,Click To Continue,Continue Button,1,object-165,,,,,,Instructions,,,,,,,,,,,,,,,,,,,,,,
9,1712312452774,05/04/2024 10:20:52,1712316052774,1,05/04/2024 12:20:52,139619,19,task-eihb,,36766909,BLIND,10840505,,complete,,660fceb39294f27c2d97f4af,computer,Desktop or Laptop,Chromium OS 14541.0.0,Chrome 122.0.0.0,1366x768,1366x633,,,0,1i-3 A Training,4,,,1i-3,,,Pass,,1i-3 A Training,1i-3 A Training,1,Training02,TrainingA,34efq7,1,response,RUSP WIM,3063.800000000003,5128.5,5145.199999999997,3063.800000000003,5128.5,5145.199999999997,1,3063.800000000003,2081.399999999994,0,,Single Text Entry,TextResponseA,4,object-97,1i-3,_,03,1i-3_03,1,Training02,13_QUIBBLER,ASK,.png,13_QUIBBLER_ASK.png,RUSP,WIM,13_QUIBBLER_RUSP_WIM.png,,RUSP WIM,27_BESTSELLER_ASK.png,27_BESTSELLER_DOTS.png,FICH WUNG,RUSP WIM,RUSP WIM,FICH WUNG,27_BESTSELLER_FICH_WUNG.png,FICH WUNG,,,,,
10,1712312456477,05/04/2024 10:20:56,1712316056477,1,05/04/2024 12:20:56,139619,19,task-eihb,,36766909,BLIND,10840505,,complete,,660fceb39294f27c2d97f4af,computer,Desktop or Laptop,Chromium OS 14541.0.0,Chrome 122.0.0.0,1366x768,1366x633,,,0,1i-3 A Training,4,,,1i-3,,,Pass,,1i-3 A Training,1i-3 A Training,1,Training02,TrainingB,2yfdu9,2,response,,3721.0000000003783,3712.9000000000087,3721.0000000003783,3721.0000000003783,3712.9000000000087,3721.0000000003783,1,3721.0000000003783,0,0,,Click Response,Option A,4,object-245,1i-3,_,03,1i-3_03,1,Training02,13_QUIBBLER,ASK,.png,13_QUIBBLER_ASK.png,RUSP,WIM,13_QUIBBLER_RUSP_WIM.png,,RUSP WIM,27_BESTSELLER_ASK.png,27_BESTSELLER_DOTS.png,FICH WUNG,RUSP WIM,RUSP WIM,FICH WUNG,27_BESTSELLER_FICH_WUNG.png,FICH WUNG,,,,,
11,1712312457883,05/04/2024 10:20:57,1712316057883,1,05/04/2024 12:20:57,139619,19,task-eihb,,36766909,BLIND,10840505,,complete,,660fceb39294f27c2d97f4af,computer,Desktop or Laptop,Chromium OS 14541.0.0,Chrome 122.0.0.0,1366x768,1366x633,,,0,1i-3 A Training,4,,,1i-3,,,Pass,,1i-3 A Training,1i-3 A Training,1,Training02,TrainingC,1ouhhw,3,continue,,1414.0000000007421,1398.699999999997,1414.0000000007421,1414.0000000007421,1398.699999999997,1414.0000000007421,1,1414.0000000007421,0,0,,Click To Continue,Continue Button,6,object-272,1i-3,_,03,1i-3_03,1,Training02,13_QUIBBLER,ASK,.png,13_QUIBBLER_ASK.png,RUSP,WIM,13_QUIBBLER_RUSP_WIM.png,,RUSP WIM,27_BESTSELLER_ASK.png,27_BESTSELLER_DOTS.png,FICH WUNG,RUSP WIM,RUSP WIM,FICH WUNG,27_BESTSELLER_FICH_WUNG.png,FICH WUNG,,,,,
12,1712312464322,05/04/2024 10:21:04,1712316064322,1,05/04/2024 12:21:04,139619,19,task-eihb,,36766909,BLIND,10840505,,complete,,660fceb39294f27c2d97f4af,computer,Desktop or Laptop,Chromium OS 14541.0.0,Chrome 122.0.0.0,1366x768,1366x633,,,0,1i-3 A Training,4,,,1i-3,,,Pass,,1i-3 A Training,1i-3 A Training,2,Training02,TrainingA,34efq7,1,response,WOUX WAN,2714,6443.600000000006,6454,2714,6443.600000000006,6454,1,2714,3740,0,,Single Text Entry,TextResponseA,4,object-97,1i-3,_,04,1i-3_04,1,Training02,35_PROPHET,ASK,.png,35_PROPHET_ASK.png,WOUX,WAN,35_PROPHET_WOUX_WAN.png,,WOUX WAN,40_BURYSNAPE_ASK.png,40_BURYSNAPE_DOTS.png,WOUX WAN,RUSP WIM,WOUX WAN,RUSP WIM,40_BURYSNAPE_RUSP_WIM.png,,RUSP WIM,,,,
13,1712312469458,05/04/2024 10:21:09,1712316069458,1,05/04/2024 12:21:09,139619,19,task-eihb,,36766909,BLIND,10840505,,complete,,660fceb39294f27c2d97f4af,computer,Desktop or Laptop,Chromium OS 14541.0.0,Chrome 122.0.0.0,1366x768,1366x633,,,0,1i-3 A Training,4,,,1i-3,,,Pass,,1i-3 A Training,1i-3 A Training,2,Training02,TrainingB,2yfdu9,2,response,,5146.399999999994,5144.899999999994,5146.399999999994,5146.399999999994,5144.899999999994,5146.399999999994,1,5146.399999999994,0,0,,Click Response,Option B,5,object-246,1i-3,_,04,1i-3_04,1,Training02,35_PROPHET,ASK,.png,35_PROPHET_ASK.png,WOUX,WAN,35_PROPHET_WOUX_WAN.png,,WOUX WAN,40_BURYSNAPE_ASK.png,40_BURYSNAPE_DOTS.png,WOUX WAN,RUSP WIM,WOUX WAN,RUSP WIM,40_BURYSNAPE_RUSP_WIM.png,,RUSP WIM,,,,
14,1712312489715,05/04/2024 10:21:29,1712316089715,1,05/04/2024 12:21:29,139619,19,task-eihb,,36766909,BLIND,10840505,,complete,,660fceb39294f27c2d97f4af,computer,Desktop or Laptop,Chromium OS 14541.0.0,Chrome 122.0.0.0,1366x768,1366x633,,,0,1i-3 A Training,4,,,1i-3,,,Pass,,1i-3 A Training,1i-3 A Training,2,Training02,TrainingC,1ouhhw,3,continue,,20258.200000001118,20247,20258.200000001118,20258.200000001118,20247,20258.200000001118,1,20258.200000001118,0,0,,Click To Continue,Continue Button,6,object-272,1i-3,_,04,1i-3_04,1,Training02,35_PROPHET,ASK,.png,35_PROPHET_ASK.png,WOUX,WAN,35_PROPHET_WOUX_WAN.png,,WOUX WAN,40_BURYSNAPE_ASK.png,40_BURYSNAPE_DOTS.png,WOUX WAN,RUSP WIM,WOUX WAN,RUSP WIM,40_BURYSNAPE_RUSP_WIM.png,,RUSP WIM,,,,
15,1712312499867,05/04/2024 10:21:39,1712316099867,1,05/04/2024 12:21:39,139619,19,task-eihb,,36766909,BLIND,10840505,,complete,,660fceb39294f27c2d97f4af,computer,Desktop or Laptop,Chromium OS 14541.0.0,Chrome 122.0.0.0,1366x768,1366x633,,,0,1i-3 A Training,4,,,1i-3,,,Pass,,1i-3 A Training,1i-3 A Training,3,Training02,TrainingA,34efq7,1,response,ZETH WAN,6277.300000000003,10156.800000000003,10163.300000000745,6277.300000000003,10156.800000000003,10163.300000000745,1,6277.300000000003,3886.000000000742,0,,Single Text Entry,TextResponseA,4,object-97,1i-3,_,02,1i-3_02,1,Training02,40_BURYSNAPE,ASK,.png,40_BURYSNAPE_ASK.png,ZETH,WAN,40_BURYSNAPE_ZETH_WAN.png,,ZETH WAN,20_PULLSWORD_ASK.png,20_PULLSWORD_DOTS.png,WOUX WAN,ZETH WAN,ZETH WAN,WOUX WAN,20_PULLSWORD_WOUX_WAN.png,WOUX WAN,,,,,
16,1712312512908,05/04/2024 10:21:52,1712316112908,1,05/04/2024 12:21:52,139619,19,task-eihb,,36766909,BLIND,10840505,,complete,,660fceb39294f27c2d97f4af,computer,Desktop or Laptop,Chromium OS 14541.0.0,Chrome 122.0.0.0,1366x768,1366x633,,,0,1i-3 A Training,4,,,1i-3,,,Pass,,1i-3 A Training,1i-3 A Training,3,Training02,TrainingB,2yfdu9,2,response,,13047.300000001487,13036.900000000009,13047.300000001487,13047.300000001487,13036.900000000009,13047.300000001487,1,13047.300000001487,0,0,,Click Response,Option A,4,object-245,1i-3,_,02,1i-3_02,1,Training02,40_BURYSNAPE,ASK,.png,40_BURYSNAPE_ASK.png,ZETH,WAN,40_BURYSNAPE_ZETH_WAN.png,,ZETH WAN,20_PULLSWORD_ASK.png,20_PULLSWORD_DOTS.png,WOUX WAN,ZETH WAN,ZETH WAN,WOUX WAN,20_PULLSWORD_WOUX_WAN.png,WOUX WAN,,,,,
17,1712312520576,05/04/2024 10:22:00,1712316120576,1,05/04/2024 12:22:00,139619,19,task-eihb,,36766909,BLIND,10840505,,complete,,660fceb39294f27c2d97f4af,computer,Desktop or Laptop,Chromium OS 14541.0.0,Chrome 122.0.0.0,1366x768,1366x633,,,0,1i-3 A Training,4,,,1i-3,,,Pass,,1i-3 A Training,1i-3 A Training,3,Training02,TrainingC,1ouhhw,3,continue,,7679.200000000361,7676.099999999977,7679.200000000361,7679.200000000361,7676.099999999977,7679.200000000361,1,7679.200000000361,0,0,,Click To Continue,Continue Button,6,object-272,1i-3,_,02,1i-3_02,1,Training02,40_BURYSNAPE,ASK,.png,40_BURYSNAPE_ASK.png,ZETH,WAN,40_BURYSNAPE_ZETH_WAN.png,,ZETH WAN,20_PULLSWORD_ASK.png,20_PULLSWORD_DOTS.png,WOUX WAN,ZETH WAN,ZETH WAN,WOUX WAN,20_PULLSWORD_WOUX_WAN.png,WOUX WAN,,,,,
18,1712312538288,05/04/2024 10:22:18,1712316138288,1,05/04/2024 12:22:18,139619,19,task-eihb,,36766909,BLIND,10840505,,complete,,660fceb39294f27c2d97f4af,computer,Desktop or Laptop,Chromium OS 14541.0.0,Chrome 122.0.0.0,1366x768,1366x633,,,0,1i-3 A Training,4,,,1i-3,,,Pass,,1i-3 A Training,1i-3 A Training,4,Training02,TrainingA,34efq7,1,response,FICH WUNG,3063.7000000000116,17699.300000000017,17714.20000000001,3063.7000000000116,17699.300000000017,17714.20000000001,1,3063.7000000000116,14650.5,0,,Single Text Entry,TextResponseA,4,object-97,1i-3,_,01,1i-3_01,1,Training02,04_WHEEZES,ASK,.png,04_WHEEZES_ASK.png,FICH,WUNG,04_WHEEZES_FICH_WUNG.png,,FICH WUNG,05_AUROR_ASK.png,05_AUROR_DOTS.png,FICH WUNG,ZETH WAN,FICH WUNG,ZETH WAN,05_AUROR_ZETH_WAN.png,,ZETH WAN,,,,
19,1712312555867,05/04/2024 10:22:35,1712316155867,1,05/04/2024 12:22:35,139619,19,task-eihb,,36766909,BLIND,10840505,,complete,,660fceb39294f27c2d97f4af,computer,Desktop or Laptop,Chromium OS 14541.0.0,Chrome 122.0.0.0,1366x768,1366x633,,,0,1i-3 A Training,4,,,1i-3,,,Pass,,1i-3 A Training,1i-3 A Training,4,Training02,TrainingB,2yfdu9,2,response,,17594.500000001484,17582.5,17594.500000001484,17594.500000001484,17582.5,17594.500000001484,1,17594.500000001484,0,0,,Click Response,Option B,5,object-246,1i-3,_,01,1i-3_01,1,Training02,04_WHEEZES,ASK,.png,04_WHEEZES_ASK.png,FICH,WUNG,04_WHEEZES_FICH_WUNG.png,,FICH WUNG,05_AUROR_ASK.png,05_AUROR_DOTS.png,FICH WUNG,ZETH WAN,FICH WUNG,ZETH WAN,05_AUROR_ZETH_WAN.png,,ZETH WAN,,,,
20,1712312557496,05/04/2024 10:22:37,1712316157496,1,05/04/2024 12:22:37,139619,19,task-eihb,,36766909,BLIND,10840505,,complete,,660fceb39294f27c2d97f4af,computer,Desktop or Laptop,Chromium OS 14541.0.0,Chrome 122.0.0.0,1366x768,1366x633,,,0,1i-3 A Training,4,,,1i-3,,,Pass,,1i-3 A Training,1i-3 A Training,4,Training02,TrainingC,1ouhhw,3,continue,,1640.8999999999942,1632.1000000000058,1640.8999999999942,1640.8999999999942,1632.1000000000058,1640.8999999999942,1,1640.8999999999942,0,0,,Click To Continue,Continue Button,6,object-272,1i-3,_,01,1i-3_01,1,Training02,04_WHEEZES,ASK,.png,04_WHEEZES_ASK.png,FICH,WUNG,04_WHEEZES_FICH_WUNG.png,,FICH WUNG,05_AUROR_ASK.png,05_AUROR_DOTS.png,FICH WUNG,ZETH WAN,FICH WUNG,ZETH WAN,05_AUROR_ZETH_WAN.png,,ZETH WAN,,,,
21,1712312562639,05/04/2024 10:22:42,1712316162639,1,05/04/2024 12:22:42,139619,19,task-eihb,,36766909,BLIND,10840505,,complete,,660fceb39294f27c2d97f4af,computer,Desktop or Laptop,Chromium OS 14541.0.0,Chrome 122.0.0.0,1366x768,1366x633,,,0,1i-3 A Training,4,,,1i-3,,,Pass,,1i-3 A Training,1i-3 A Training,5,Training02,TrainingA,34efq7,1,response,WOUX WAN,2530.7999999999884,5145,5151.500000001106,2530.7999999999884,5145,5151.500000001106,1,2530.7999999999884,2620.7000000011176,0,,Single Text Entry,TextResponseA,4,object-97,1i-3,_,08,1i-3_08,2,Training02,28_GALLEONS,ASK,.png,28_GALLEONS_ASK.png,WOUX,WAN,28_GALLEONS_WOUX_WAN.png,,WOUX WAN,39_STOPHAGRID_ASK.png,39_STOPHAGRID_DOTS.png,ZETH WAN,WOUX WAN,WOUX WAN,ZETH WAN,39_STOPHAGRID_ZETH_WAN.png,ZETH WAN,,,,,
22,1712312566036,05/04/2024 10:22:46,1712316166036,1,05/04/2024 12:22:46,139619,19,task-eihb,,36766909,BLIND,10840505,,complete,,660fceb39294f27c2d97f4af,computer,Desktop or Laptop,Chromium OS 14541.0.0,Chrome 122.0.0.0,1366x768,1366x633,,,0,1i-3 A Training,4,,,1i-3,,,Pass,,1i-3 A Training,1i-3 A Training,5,Training02,TrainingB,2yfdu9,2,response,,3403.500000001106,3396.5999999999767,3403.500000001106,3403.500000001106,3396.5999999999767,3403.500000001106,1,3403.500000001106,0,0,,Click Response,Option A,4,object-245,1i-3,_,08,1i-3_08,2,Training02,28_GALLEONS,ASK,.png,28_GALLEONS_ASK.png,WOUX,WAN,28_GALLEONS_WOUX_WAN.png,,WOUX WAN,39_STOPHAGRID_ASK.png,39_STOPHAGRID_DOTS.png,ZETH WAN,WOUX WAN,WOUX WAN,ZETH WAN,39_STOPHAGRID_ZETH_WAN.png,ZETH WAN,,,,,
23,1712312582731,05/04/2024 10:23:02,1712316182731,1,05/04/2024 12:23:02,139619,19,task-eihb,,36766909,BLIND,10840505,,complete,,660fceb39294f27c2d97f4af,computer,Desktop or Laptop,Chromium OS 14541.0.0,Chrome 122.0.0.0,1366x768,1366x633,,,0,1i-3 A Training,4,,,1i-3,,,Pass,,1i-3 A Training,1i-3 A Training,5,Training02,TrainingC,1ouhhw,3,continue,,16702.500000000757,16700.400000000023,16702.500000000757,16702.500000000757,16700.400000000023,16702.500000000757,1,16702.500000000757,0,0,,Click To Continue,Continue Button,6,object-272,1i-3,_,08,1i-3_08,2,Training02,28_GALLEONS,ASK,.png,28_GALLEONS_ASK.png,WOUX,WAN,28_GALLEONS_WOUX_WAN.png,,WOUX WAN,39_STOPHAGRID_ASK.png,39_STOPHAGRID_DOTS.png,ZETH WAN,WOUX WAN,WOUX WAN,ZETH WAN,39_STOPHAGRID_ZETH_WAN.png,ZETH WAN,,,,,
24,1712312595797,05/04/2024 10:23:15,1712316195797,1,05/04/2024 12:23:15,139619,19,task-eihb,,36766909,BLIND,10840505,,complete,,660fceb39294f27c2d97f4af,computer,Desktop or Laptop,Chromium OS 14541.0.0,Chrome 122.0.0.0,1366x768,1366x633,,,0,1i-3 A Training,4,,,1i-3,,,Pass,,1i-3 A Training,1i-3 A Training,6,Training02,TrainingA,34efq7,1,response,RUSP WIM,3929.5,13053.899999999994,13068.299999999988,3929.5,13053.899999999994,13068.299999999988,1,3929.5,9138.799999999988,0,,Single Text Entry,TextResponseA,4,object-97,1i-3,_,07,1i-3_07,2,Training02,34_FANLETTERS,ASK,.png,34_FANLETTERS_ASK.png,RUSP,WIM,34_FANLETTERS_RUSP_WIM.png,,RUSP WIM,34_FANLETTERS_ASK.png,34_FANLETTERS_DOTS.png,RUSP WIM,WOUX WAN,RUSP WIM,WOUX WAN,34_FANLETTERS_WOUX_WAN.png,,WOUX WAN,,,,
25,1712312599457,05/04/2024 10:23:19,1712316199457,1,05/04/2024 12:23:19,139619,19,task-eihb,,36766909,BLIND,10840505,,complete,,660fceb39294f27c2d97f4af,computer,Desktop or Laptop,Chromium OS 14541.0.0,Chrome 122.0.0.0,1366x768,1366x633,,,0,1i-3 A Training,4,,,1i-3,,,Pass,,1i-3 A Training,1i-3 A Training,6,Training02,TrainingB,2yfdu9,2,response,,3674.0000000014843,3663,3674.0000000014843,3674.0000000014843,3663,3674.0000000014843,1,3674.0000000014843,0,0,,Click Response,Option B,5,object-246,1i-3,_,07,1i-3_07,2,Training02,34_FANLETTERS,ASK,.png,34_FANLETTERS_ASK.png,RUSP,WIM,34_FANLETTERS_RUSP_WIM.png,,RUSP WIM,34_FANLETTERS_ASK.png,34_FANLETTERS_DOTS.png,RUSP WIM,WOUX WAN,RUSP WIM,WOUX WAN,34_FANLETTERS_WOUX_WAN.png,,WOUX WAN,,,,
26,1712312607706,05/04/2024 10:23:27,1712316207706,1,05/04/2024 12:23:27,139619,19,task-eihb,,36766909,BLIND,10840505,,complete,,660fceb39294f27c2d97f4af,computer,Desktop or Laptop,Chromium OS 14541.0.0,Chrome 122.0.0.0,1366x768,1366x633,,,0,1i-3 A Training,4,,,1i-3,,,Pass,,1i-3 A Training,1i-3 A Training,6,Training02,TrainingC,1ouhhw,3,continue,,8258.700000000012,8242,8258.700000000012,8258.700000000012,8242,8258.700000000012,1,8258.700000000012,0,0,,Click To Continue,Continue Button,6,object-272,1i-3,_,07,1i-3_07,2,Training02,34_FANLETTERS,ASK,.png,34_FANLETTERS_ASK.png,RUSP,WIM,34_FANLETTERS_RUSP_WIM.png,,RUSP WIM,34_FANLETTERS_ASK.png,34_FANLETTERS_DOTS.png,RUSP WIM,WOUX WAN,RUSP WIM,WOUX WAN,34_FANLETTERS_WOUX_WAN.png,,WOUX WAN,,,,
27,1712312615115,05/04/2024 10:23:35,1712316215115,1,05/04/2024 12:23:35,139619,19,task-eihb,,36766909,BLIND,10840505,,complete,,660fceb39294f27c2d97f4af,computer,Desktop or Laptop,Chromium OS 14541.0.0,Chrome 122.0.0.0,1366x768,1366x633,,,0,1i-3 A Training,4,,,1i-3,,,Pass,,1i-3 A Training,1i-3 A Training,7,Training02,TrainingA,34efq7,1,response,ZETH WAN,3113.600000000006,7409.399999999994,7426,3113.600000000006,7409.399999999994,7426,1,3113.600000000006,4312.399999999994,0,,Single Text Entry,TextResponseA,4,object-97,1i-3,_,06,1i-3_06,2,Training02,12_SKEETER,ASK,.png,12_SKEETER_ASK.png,ZETH,WAN,12_SKEETER_ZETH_WAN.png,,ZETH WAN,12_SKEETER_ASK.png,12_SKEETER_DOTS.png,FICH WUNG,ZETH WAN,ZETH WAN,FICH WUNG,12_SKEETER_FICH_WUNG.png,FICH WUNG,,,,,
28,1712312631239,05/04/2024 10:23:51,1712316231239,1,05/04/2024 12:23:51,139619,19,task-eihb,,36766909,BLIND,10840505,,complete,,660fceb39294f27c2d97f4af,computer,Desktop or Laptop,Chromium OS 14541.0.0,Chrome 122.0.0.0,1366x768,1366x633,,,0,1i-3 A Training,4,,,1i-3,,,Pass,,1i-3 A Training,1i-3 A Training,7,Training02,TrainingB,2yfdu9,2,response,,16141.700000001118,16134,16141.700000001118,16141.700000001118,16134,16141.700000001118,1,16141.700000001118,0,0,,Click Response,Option A,4,object-245,1i-3,_,06,1i-3_06,2,Training02,12_SKEETER,ASK,.png,12_SKEETER_ASK.png,ZETH,WAN,12_SKEETER_ZETH_WAN.png,,ZETH WAN,12_SKEETER_ASK.png,12_SKEETER_DOTS.png,FICH WUNG,ZETH WAN,ZETH WAN,FICH WUNG,12_SKEETER_FICH_WUNG.png,FICH WUNG,,,,,
29,1712312638978,05/04/2024 10:23:58,1712316238978,1,05/04/2024 12:23:58,139619,19,task-eihb,,36766909,BLIND,10840505,,complete,,660fceb39294f27c2d97f4af,computer,Desktop or Laptop,Chromium OS 14541.0.0,Chrome 122.0.0.0,1366x768,1366x633,,,0,1i-3 A Training,4,,,1i-3,,,Pass,,1i-3 A Training,1i-3 A Training,7,Training02,TrainingC,1ouhhw,3,continue,,7746.200000001118,7742.599999999977,7746.200000001118,7746.200000001118,7742.599999999977,7746.200000001118,1,7746.200000001118,0,0,,Click To Continue,Continue Button,6,object-272,1i-3,_,06,1i-3_06,2,Training02,12_SKEETER,ASK,.png,12_SKEETER_ASK.png,ZETH,WAN,12_SKEETER_ZETH_WAN.png,,ZETH WAN,12_SKEETER_ASK.png,12_SKEETER_DOTS.png,FICH WUNG,ZETH WAN,ZETH WAN,FICH WUNG,12_SKEETER_FICH_WUNG.png,FICH WUNG,,,,,
30,1712312650888,05/04/2024 10:24:10,1712316250888,1,05/04/2024 12:24:10,139619,19,task-eihb,,36766909,BLIND,10840505,,complete,,660fceb39294f27c2d97f4af,computer,Desktop or Laptop,Chromium OS 14541.0.0,Chrome 122.0.0.0,1366x768,1366x633,,,0,1i-3 A Training,4,,,1i-3,,,Pass,,1i-3 A Training,1i-3 A Training,8,Training02,TrainingA,34efq7,1,response,FICH WUNG,9507.400000000023,11905.100000000035,11913.900000000023,9507.400000000023,11905.100000000035,11913.900000000023,1,9507.400000000023,2406.5,0,,Single Text Entry,TextResponseA,4,object-97,1i-3,_,05,1i-3_05,2,Training02,18_LIVEGODRIC,ASK,.png,18_LIVEGODRIC_ASK.png,FICH,WUNG,18_LIVEGODRIC_FICH_WUNG.png,,FICH WUNG,07_AZKABAN_ASK.png,07_AZKABAN_DOTS.png,FICH WUNG,RUSP WIM,FICH WUNG,RUSP WIM,07_AZKABAN_RUSP_WIM.png,,RUSP WIM,,,,
31,1712312662095,05/04/2024 10:24:22,1712316262095,1,05/04/2024 12:24:22,139619,19,task-eihb,,36766909,BLIND,10840505,,complete,,660fceb39294f27c2d97f4af,computer,Desktop or Laptop,Chromium OS 14541.0.0,Chrome 122.0.0.0,1366x768,1366x633,,,0,1i-3 A Training,4,,,1i-3,,,Pass,,1i-3 A Training,1i-3 A Training,8,Training02,TrainingB,2yfdu9,2,response,,11216.000000001106,11205.399999999965,11216.000000001106,11216.000000001106,11205.399999999965,11216.000000001106,1,11216.000000001106,0,0,,Click Response,Option B,5,object-246,1i-3,_,05,1i-3_05,2,Training02,18_LIVEGODRIC,ASK,.png,18_LIVEGODRIC_ASK.png,FICH,WUNG,18_LIVEGODRIC_FICH_WUNG.png,,FICH WUNG,07_AZKABAN_ASK.png,07_AZKABAN_DOTS.png,FICH WUNG,RUSP WIM,FICH WUNG,RUSP WIM,07_AZKABAN_RUSP_WIM.png,,RUSP WIM,,,,
32,1712312663460,05/04/2024 10:24:23,1712316263460,1,05/04/2024 12:24:23,139619,19,task-eihb,,36766909,BLIND,10840505,,complete,,660fceb39294f27c2d97f4af,computer,Desktop or Laptop,Chromium OS 14541.0.0,Chrome 122.0.0.0,1366x768,1366x633,,,0,1i-3 A Training,4,,,1i-3,,,Pass,,1i-3 A Training,1i-3 A Training,8,Training02,TrainingC,1ouhhw,3,continue,,1376.0000000015134,1365.600000000035,1376.0000000015134,1376.0000000015134,1365.600000000035,1376.0000000015134,1,1376.0000000015134,0,0,,Click To Continue,Continue Button,6,object-272,1i-3,_,05,1i-3_05,2,Training02,18_LIVEGODRIC,ASK,.png,18_LIVEGODRIC_ASK.png,FICH,WUNG,18_LIVEGODRIC_FICH_WUNG.png,,FICH WUNG,07_AZKABAN_ASK.png,07_AZKABAN_DOTS.png,FICH WUNG,RUSP WIM,FICH WUNG,RUSP WIM,07_AZKABAN_RUSP_WIM.png,,RUSP WIM,,,,
33,1712312678407,05/04/2024 10:24:38,1712316278407,1,05/04/2024 12:24:38,139619,19,task-eihb,,36766909,BLIND,10840505,,complete,,660fceb39294f27c2d97f4af,computer,Desktop or Laptop,Chromium OS 14541.0.0,Chrome 122.0.0.0,1366x768,1366x633,,,0,1i-3 A Training,4,,,1i-3,,,Pass,,1i-3 A Training,1i-3 A Training,9,Training02,TrainingA,34efq7,1,response,RUSP WIM,11438.799999999988,14935.399999999965,14952.099999999919,11438.799999999988,14935.399999999965,14952.099999999919,1,11438.799999999988,3513.29999999993,0,,Single Text Entry,TextResponseA,4,object-97,1i-3,_,11,1i-3_11,3,Training02,27_BESTSELLER,ASK,.png,27_BESTSELLER_ASK.png,RUSP,WIM,27_BESTSELLER_RUSP_WIM.png,,RUSP WIM,25_PROSECUTE_ASK.png,25_PROSECUTE_DOTS.png,ZETH WAN,RUSP WIM,RUSP WIM,ZETH WAN,25_PROSECUTE_ZETH_WAN.png,ZETH WAN,,,,,
34,1712312683938,05/04/2024 10:24:43,1712316283938,1,05/04/2024 12:24:43,139619,19,task-eihb,,36766909,BLIND,10840505,,complete,,660fceb39294f27c2d97f4af,computer,Desktop or Laptop,Chromium OS 14541.0.0,Chrome 122.0.0.0,1366x768,1366x633,,,0,1i-3 A Training,4,,,1i-3,,,Pass,,1i-3 A Training,1i-3 A Training,9,Training02,TrainingB,2yfdu9,2,response,,5551.900000000023,5544.400000000023,5551.900000000023,5551.900000000023,5544.400000000023,5551.900000000023,1,5551.900000000023,0,0,,Click Response,Option A,4,object-245,1i-3,_,11,1i-3_11,3,Training02,27_BESTSELLER,ASK,.png,27_BESTSELLER_ASK.png,RUSP,WIM,27_BESTSELLER_RUSP_WIM.png,,RUSP WIM,25_PROSECUTE_ASK.png,25_PROSECUTE_DOTS.png,ZETH WAN,RUSP WIM,RUSP WIM,ZETH WAN,25_PROSECUTE_ZETH_WAN.png,ZETH WAN,,,,,
35,1712312685182,05/04/2024 10:24:45,1712316285182,1,05/04/2024 12:24:45,139619,19,task-eihb,,36766909,BLIND,10840505,,complete,,660fceb39294f27c2d97f4af,computer,Desktop or Laptop,Chromium OS 14541.0.0,Chrome 122.0.0.0,1366x768,1366x633,,,0,1i-3 A Training,4,,,1i-3,,,Pass,,1i-3 A Training,1i-3 A Training,9,Training02,TrainingC,1ouhhw,3,continue,,1252.2000000011176,1249,1252.2000000011176,1252.2000000011176,1249,1252.2000000011176,1,1252.2000000011176,0,0,,Click To Continue,Continue Button,6,object-272,1i-3,_,11,1i-3_11,3,Training02,27_BESTSELLER,ASK,.png,27_BESTSELLER_ASK.png,RUSP,WIM,27_BESTSELLER_RUSP_WIM.png,,RUSP WIM,25_PROSECUTE_ASK.png,25_PROSECUTE_DOTS.png,ZETH WAN,RUSP WIM,RUSP WIM,ZETH WAN,25_PROSECUTE_ZETH_WAN.png,ZETH WAN,,,,,
36,1712312694800,05/04/2024 10:24:54,1712316294800,1,05/04/2024 12:24:54,139619,19,task-eihb,,36766909,BLIND,10840505,,complete,,660fceb39294f27c2d97f4af,computer,Desktop or Laptop,Chromium OS 14541.0.0,Chrome 122.0.0.0,1366x768,1366x633,,,0,1i-3 A Training,4,,,1i-3,,,Pass,,1i-3 A Training,1i-3 A Training,10,Training02,TrainingA,34efq7,1,response,ZETH WAN,2381,9607.200000000012,9620.800000000745,2381,9607.200000000012,9620.800000000745,1,2381,7239.800000000745,0,,Single Text Entry,TextResponseA,4,object-97,1i-3,_,10,1i-3_10,3,Training02,19_BURYVOLDY,ASK,.png,19_BURYVOLDY_ASK.png,ZETH,WAN,19_BURYVOLDY_ZETH_WAN.png,,ZETH WAN,21_TEACHHOG_ASK.png,21_TEACHHOG_DOTS.png,ZETH WAN,RUSP WIM,ZETH WAN,RUSP WIM,21_TEACHHOG_RUSP_WIM.png,,RUSP WIM,,,,
37,1712312696879,05/04/2024 10:24:56,1712316296879,1,05/04/2024 12:24:56,139619,19,task-eihb,,36766909,BLIND,10840505,,complete,,660fceb39294f27c2d97f4af,computer,Desktop or Laptop,Chromium OS 14541.0.0,Chrome 122.0.0.0,1366x768,1366x633,,,0,1i-3 A Training,4,,,1i-3,,,Pass,,1i-3 A Training,1i-3 A Training,10,Training02,TrainingB,2yfdu9,2,response,,2092.7999999999884,2081.2000000000116,2092.7999999999884,2092.7999999999884,2081.2000000000116,2092.7999999999884,1,2092.7999999999884,0,0,,Click Response,Option B,5,object-246,1i-3,_,10,1i-3_10,3,Training02,19_BURYVOLDY,ASK,.png,19_BURYVOLDY_ASK.png,ZETH,WAN,19_BURYVOLDY_ZETH_WAN.png,,ZETH WAN,21_TEACHHOG_ASK.png,21_TEACHHOG_DOTS.png,ZETH WAN,RUSP WIM,ZETH WAN,RUSP WIM,21_TEACHHOG_RUSP_WIM.png,,RUSP WIM,,,,
38,1712312698579,05/04/2024 10:24:58,1712316298579,1,05/04/2024 12:24:58,139619,19,task-eihb,,36766909,BLIND,10840505,,complete,,660fceb39294f27c2d97f4af,computer,Desktop or Laptop,Chromium OS 14541.0.0,Chrome 122.0.0.0,1366x768,1366x633,,,0,1i-3 A Training,4,,,1i-3,,,Pass,,1i-3 A Training,1i-3 A Training,10,Training02,TrainingC,1ouhhw,3,continue,,1712.0999999999767,1698.5,1712.0999999999767,1712.0999999999767,1698.5,1712.0999999999767,1,1712.0999999999767,0,0,,Click To Continue,Continue Button,6,object-272,1i-3,_,10,1i-3_10,3,Training02,19_BURYVOLDY,ASK,.png,19_BURYVOLDY_ASK.png,ZETH,WAN,19_BURYVOLDY_ZETH_WAN.png,,ZETH WAN,21_TEACHHOG_ASK.png,21_TEACHHOG_DOTS.png,ZETH WAN,RUSP WIM,ZETH WAN,RUSP WIM,21_TEACHHOG_RUSP_WIM.png,,RUSP WIM,,,,
39,1712312703428,05/04/2024 10:25:03,1712316303428,1,05/04/2024 12:25:03,139619,19,task-eihb,,36766909,BLIND,10840505,,complete,,660fceb39294f27c2d97f4af,computer,Desktop or Laptop,Chromium OS 14541.0.0,Chrome 122.0.0.0,1366x768,1366x633,,,0,1i-3 A Training,4,,,1i-3,,,Pass,,1i-3 A Training,1i-3 A Training,11,Training02,TrainingA,34efq7,1,response,WOUX WAN,2197.7999999999884,4845.199999999953,4861.899999999907,2197.7999999999884,4845.199999999953,4861.899999999907,1,2197.7999999999884,2664.0999999999185,0,,Single Text Entry,TextResponseA,4,object-97,1i-3,_,12,1i-3_12,3,Training02,14_MUNGOS,ASK,.png,14_MUNGOS_ASK.png,WOUX,WAN,14_MUNGOS_WOUX_WAN.png,,WOUX WAN,33_ROR_ASK.png,33_ROR_DOTS.png,FICH WUNG,WOUX WAN,WOUX WAN,FICH WUNG,33_ROR_FICH_WUNG.png,FICH WUNG,,,,,
40,1712312706997,05/04/2024 10:25:06,1712316306997,1,05/04/2024 12:25:06,139619,19,task-eihb,,36766909,BLIND,10840505,,complete,,660fceb39294f27c2d97f4af,computer,Desktop or Laptop,Chromium OS 14541.0.0,Chrome 122.0.0.0,1366x768,1366x633,,,0,1i-3 A Training,4,,,1i-3,,,Pass,,1i-3 A Training,1i-3 A Training,11,Training02,TrainingB,2yfdu9,2,response,,3586.100000001141,3579.8000000000466,3586.100000001141,3586.100000001141,3579.8000000000466,3586.100000001141,1,3586.100000001141,0,0,,Click Response,Option A,4,object-245,1i-3,_,12,1i-3_12,3,Training02,14_MUNGOS,ASK,.png,14_MUNGOS_ASK.png,WOUX,WAN,14_MUNGOS_WOUX_WAN.png,,WOUX WAN,33_ROR_ASK.png,33_ROR_DOTS.png,FICH WUNG,WOUX WAN,WOUX WAN,FICH WUNG,33_ROR_FICH_WUNG.png,FICH WUNG,,,,,
41,1712312708403,05/04/2024 10:25:08,1712316308403,1,05/04/2024 12:25:08,139619,19,task-eihb,,36766909,BLIND,10840505,,complete,,660fceb39294f27c2d97f4af,computer,Desktop or Laptop,Chromium OS 14541.0.0,Chrome 122.0.0.0,1366x768,1366x633,,,0,1i-3 A Training,4,,,1i-3,,,Pass,,1i-3 A Training,1i-3 A Training,11,Training02,TrainingC,1ouhhw,3,continue,,1411.9000000007218,1398.6999999999534,1411.9000000007218,1411.9000000007218,1398.6999999999534,1411.9000000007218,1,1411.9000000007218,0,0,,Click To Continue,Continue Button,6,object-272,1i-3,_,12,1i-3_12,3,Training02,14_MUNGOS,ASK,.png,14_MUNGOS_ASK.png,WOUX,WAN,14_MUNGOS_WOUX_WAN.png,,WOUX WAN,33_ROR_ASK.png,33_ROR_DOTS.png,FICH WUNG,WOUX WAN,WOUX WAN,FICH WUNG,33_ROR_FICH_WUNG.png,FICH WUNG,,,,,
42,1712312713130,05/04/2024 10:25:13,1712316313130,1,05/04/2024 12:25:13,139619,19,task-eihb,,36766909,BLIND,10840505,,complete,,660fceb39294f27c2d97f4af,computer,Desktop or Laptop,Chromium OS 14541.0.0,Chrome 122.0.0.0,1366x768,1366x633,,,0,1i-3 A Training,4,,,1i-3,,,Pass,,1i-3 A Training,1i-3 A Training,12,Training02,TrainingA,34efq7,1,response,FICH WUNG,2031.3000000000466,4728.700000000012,4740.500000001513,2031.3000000000466,4728.700000000012,4740.500000001513,1,2031.3000000000466,2709.200000001467,0,,Single Text Entry,TextResponseA,4,object-97,1i-3,_,09,1i-3_09,3,Training02,32_QWC,ASK,.png,32_QWC_ASK.png,FICH,WUNG,32_QWC_FICH_WUNG.png,,FICH WUNG,13_QUIBBLER_ASK.png,13_QUIBBLER_DOTS.png,FICH WUNG,WOUX WAN,FICH WUNG,WOUX WAN,13_QUIBBLER_WOUX_WAN.png,,WOUX WAN,,,,
43,1712312714937,05/04/2024 10:25:14,1712316314937,1,05/04/2024 12:25:14,139619,19,task-eihb,,36766909,BLIND,10840505,,complete,,660fceb39294f27c2d97f4af,computer,Desktop or Laptop,Chromium OS 14541.0.0,Chrome 122.0.0.0,1366x768,1366x633,,,0,1i-3 A Training,4,,,1i-3,,,Pass,,1i-3 A Training,1i-3 A Training,12,Training02,TrainingB,2yfdu9,2,response,,1819.1000000003842,1814.7999999999884,1819.1000000003842,1819.1000000003842,1814.7999999999884,1819.1000000003842,1,1819.1000000003842,0,0,,Click Response,Option B,5,object-246,1i-3,_,09,1i-3_09,3,Training02,32_QWC,ASK,.png,32_QWC_ASK.png,FICH,WUNG,32_QWC_FICH_WUNG.png,,FICH WUNG,13_QUIBBLER_ASK.png,13_QUIBBLER_DOTS.png,FICH WUNG,WOUX WAN,FICH WUNG,WOUX WAN,13_QUIBBLER_WOUX_WAN.png,,WOUX WAN,,,,
44,1712312715950,05/04/2024 10:25:15,1712316315950,1,05/04/2024 12:25:15,139619,19,task-eihb,,36766909,BLIND,10840505,,complete,,660fceb39294f27c2d97f4af,computer,Desktop or Laptop,Chromium OS 14541.0.0,Chrome 122.0.0.0,1366x768,1366x633,,,0,1i-3 A Training,4,,,1i-3,,,Pass,,1i-3 A Training,1i-3 A Training,12,Training02,TrainingC,1ouhhw,3,continue,,1015.8000000000466,999.1000000000349,1015.8000000000466,1015.8000000000466,999.1000000000349,1015.8000000000466,1,1015.8000000000466,0,0,,Click To Continue,Continue Button,6,object-272,1i-3,_,09,1i-3_09,3,Training02,32_QWC,ASK,.png,32_QWC_ASK.png,FICH,WUNG,32_QWC_FICH_WUNG.png,,FICH WUNG,13_QUIBBLER_ASK.png,13_QUIBBLER_DOTS.png,FICH WUNG,WOUX WAN,FICH WUNG,WOUX WAN,13_QUIBBLER_WOUX_WAN.png,,WOUX WAN,,,,
45,1712312719989,05/04/2024 10:25:19,1712316319989,1,05/04/2024 12:25:19,139619,19,task-eihb,,36766909,BLIND,10840505,,complete,,660fceb39294f27c2d97f4af,computer,Desktop or Laptop,Chromium OS 14541.0.0,Chrome 122.0.0.0,1366x768,1366x633,,,0,1i-3 A Training,4,,,1i-3,,,Pass,,1i-3 A Training,1i-3 A Training,13,Training02,TrainingA,34efq7,1,response,FICH WUNG,1981.399999999965,4046,4057.000000001106,1981.399999999965,4046,4057.000000001106,1,1981.399999999965,2075.600000001141,0,,Single Text Entry,TextResponseA,4,object-97,1i-3,_,13,1i-3_13,4,Training02,11_RONWAND,ASK,.png,11_RONWAND_ASK.png,FICH,WUNG,11_RONWAND_FICH_WUNG.png,,FICH WUNG,06_MOM_ASK.png,06_MOM_DOTS.png,ZETH WAN,FICH WUNG,FICH WUNG,ZETH WAN,06_MOM_ZETH_WAN.png,ZETH WAN,,,,,
46,1712312721868,05/04/2024 10:25:21,1712316321868,1,05/04/2024 12:25:21,139619,19,task-eihb,,36766909,BLIND,10840505,,complete,,660fceb39294f27c2d97f4af,computer,Desktop or Laptop,Chromium OS 14541.0.0,Chrome 122.0.0.0,1366x768,1366x633,,,0,1i-3 A Training,4,,,1i-3,,,Pass,,1i-3 A Training,1i-3 A Training,13,Training02,TrainingB,2yfdu9,2,response,,1889.700000000361,1881.5,1889.700000000361,1889.700000000361,1881.5,1889.700000000361,1,1889.700000000361,0,0,,Click Response,Option A,4,object-245,1i-3,_,13,1i-3_13,4,Training02,11_RONWAND,ASK,.png,11_RONWAND_ASK.png,FICH,WUNG,11_RONWAND_FICH_WUNG.png,,FICH WUNG,06_MOM_ASK.png,06_MOM_DOTS.png,ZETH WAN,FICH WUNG,FICH WUNG,ZETH WAN,06_MOM_ZETH_WAN.png,ZETH WAN,,,,,
47,1712312722879,05/04/2024 10:25:22,1712316322879,1,05/04/2024 12:25:22,139619,19,task-eihb,,36766909,BLIND,10840505,,complete,,660fceb39294f27c2d97f4af,computer,Desktop or Laptop,Chromium OS 14541.0.0,Chrome 122.0.0.0,1366x768,1366x633,,,0,1i-3 A Training,4,,,1i-3,,,Pass,,1i-3 A Training,1i-3 A Training,13,Training02,TrainingC,1ouhhw,3,continue,,1019.2000000003609,1015.7000000000116,1019.2000000003609,1019.2000000003609,1015.7000000000116,1019.2000000003609,1,1019.2000000003609,0,0,,Click To Continue,Continue Button,6,object-272,1i-3,_,13,1i-3_13,4,Training02,11_RONWAND,ASK,.png,11_RONWAND_ASK.png,FICH,WUNG,11_RONWAND_FICH_WUNG.png,,FICH WUNG,06_MOM_ASK.png,06_MOM_DOTS.png,ZETH WAN,FICH WUNG,FICH WUNG,ZETH WAN,06_MOM_ZETH_WAN.png,ZETH WAN,,,,,
48,1712312727475,05/04/2024 10:25:27,1712316327475,1,05/04/2024 12:25:27,139619,19,task-eihb,,36766909,BLIND,10840505,,complete,,660fceb39294f27c2d97f4af,computer,Desktop or Laptop,Chromium OS 14541.0.0,Chrome 122.0.0.0,1366x768,1366x633,,,0,1i-3 A Training,4,,,1i-3,,,Pass,,1i-3 A Training,1i-3 A Training,14,Training02,TrainingA,34efq7,1,response,ZETH WAN,2314.2999999999884,4578.799999999988,4595.400000000023,2314.2999999999884,4578.799999999988,4595.400000000023,1,2314.2999999999884,2281.100000000035,0,,Single Text Entry,TextResponseA,4,object-97,1i-3,_,14,1i-3_14,4,Training02,33_ROR,ASK,.png,33_ROR_ASK.png,ZETH,WAN,33_ROR_ZETH_WAN.png,,ZETH WAN,19_BURYVOLDY_ASK.png,19_BURYVOLDY_DOTS.png,ZETH WAN,WOUX WAN,ZETH WAN,WOUX WAN,19_BURYVOLDY_WOUX_WAN.png,,WOUX WAN,,,,
49,1712312728806,05/04/2024 10:25:28,1712316328806,1,05/04/2024 12:25:28,139619,19,task-eihb,,36766909,BLIND,10840505,,complete,,660fceb39294f27c2d97f4af,computer,Desktop or Laptop,Chromium OS 14541.0.0,Chrome 122.0.0.0,1366x768,1366x633,,,0,1i-3 A Training,4,,,1i-3,,,Pass,,1i-3 A Training,1i-3 A Training,14,Training02,TrainingB,2yfdu9,2,response,,1352.2999999999884,1348.7000000000116,1352.2999999999884,1352.2999999999884,1348.7000000000116,1352.2999999999884,1,1352.2999999999884,0,0,,Click Response,Option B,5,object-246,1i-3,_,14,1i-3_14,4,Training02,33_ROR,ASK,.png,33_ROR_ASK.png,ZETH,WAN,33_ROR_ZETH_WAN.png,,ZETH WAN,19_BURYVOLDY_ASK.png,19_BURYVOLDY_DOTS.png,ZETH WAN,WOUX WAN,ZETH WAN,WOUX WAN,19_BURYVOLDY_WOUX_WAN.png,,WOUX WAN,,,,
50,1712312730304,05/04/2024 10:25:30,1712316330304,1,05/04/2024 12:25:30,139619,19,task-eihb,,36766909,BLIND,10840505,,complete,,660fceb39294f27c2d97f4af,computer,Desktop or Laptop,Chromium OS 14541.0.0,Chrome 122.0.0.0,1366x768,1366x633,,,0,1i-3 A Training,4,,,1i-3,,,Pass,,1i-3 A Training,1i-3 A Training,14,Training02,TrainingC,1ouhhw,3,continue,,1500.8000000010943,1498.5,1500.8000000010943,1500.8000000010943,1498.5,1500.8000000010943,1,1500.8000000010943,0,0,,Click To Continue,Continue Button,6,object-272,1i-3,_,14,1i-3_14,4,Training02,33_ROR,ASK,.png,33_ROR_ASK.png,ZETH,WAN,33_ROR_ZETH_WAN.png,,ZETH WAN,19_BURYVOLDY_ASK.png,19_BURYVOLDY_DOTS.png,ZETH WAN,WOUX WAN,ZETH WAN,WOUX WAN,19_BURYVOLDY_WOUX_WAN.png,,WOUX WAN,,,,
51,1712312737683,05/04/2024 10:25:37,1712316337683,1,05/04/2024 12:25:37,139619,19,task-eihb,,36766909,BLIND,10840505,,complete,,660fceb39294f27c2d97f4af,computer,Desktop or Laptop,Chromium OS 14541.0.0,Chrome 122.0.0.0,1366x768,1366x633,,,0,1i-3 A Training,4,,,1i-3,,,Pass,,1i-3 A Training,1i-3 A Training,15,Training02,TrainingA,34efq7,1,response,WOUX WAN,4895.199999999953,7376.099999999977,7381.700000001467,4895.199999999953,7376.099999999977,7381.700000001467,1,4895.199999999953,2486.5000000015134,0,,Single Text Entry,TextResponseA,4,object-97,1i-3,_,16,1i-3_16,4,Training02,42_ENGLAND,ASK,.png,42_ENGLAND_ASK.png,WOUX,WAN,42_ENGLAND_WOUX_WAN.png,,WOUX WAN,41_PIXIE_ASK.png,41_PIXIE_DOTS.png,RUSP WIM,WOUX WAN,WOUX WAN,RUSP WIM,41_PIXIE_RUSP_WIM.png,RUSP WIM,,,,,
52,1712312739317,05/04/2024 10:25:39,1712316339317,1,05/04/2024 12:25:39,139619,19,task-eihb,,36766909,BLIND,10840505,,complete,,660fceb39294f27c2d97f4af,computer,Desktop or Laptop,Chromium OS 14541.0.0,Chrome 122.0.0.0,1366x768,1366x633,,,0,1i-3 A Training,4,,,1i-3,,,Pass,,1i-3 A Training,1i-3 A Training,15,Training02,TrainingB,2yfdu9,2,response,,1639.300000000745,1631.7999999999884,1639.300000000745,1639.300000000745,1631.7999999999884,1639.300000000745,1,1639.300000000745,0,0,,Click Response,Option A,4,object-245,1i-3,_,16,1i-3_16,4,Training02,42_ENGLAND,ASK,.png,42_ENGLAND_ASK.png,WOUX,WAN,42_ENGLAND_WOUX_WAN.png,,WOUX WAN,41_PIXIE_ASK.png,41_PIXIE_DOTS.png,RUSP WIM,WOUX WAN,WOUX WAN,RUSP WIM,41_PIXIE_RUSP_WIM.png,RUSP WIM,,,,,
53,1712312740470,05/04/2024 10:25:40,1712316340470,1,05/04/2024 12:25:40,139619,19,task-eihb,,36766909,BLIND,10840505,,complete,,660fceb39294f27c2d97f4af,computer,Desktop or Laptop,Chromium OS 14541.0.0,Chrome 122.0.0.0,1366x768,1366x633,,,0,1i-3 A Training,4,,,1i-3,,,Pass,,1i-3 A Training,1i-3 A Training,15,Training02,TrainingC,1ouhhw,3,continue,,1161.0000000007567,1148.7999999999884,1161.0000000007567,1161.0000000007567,1148.7999999999884,1161.0000000007567,1,1161.0000000007567,0,0,,Click To Continue,Continue Button,6,object-272,1i-3,_,16,1i-3_16,4,Training02,42_ENGLAND,ASK,.png,42_ENGLAND_ASK.png,WOUX,WAN,42_ENGLAND_WOUX_WAN.png,,WOUX WAN,41_PIXIE_ASK.png,41_PIXIE_DOTS.png,RUSP WIM,WOUX WAN,WOUX WAN,RUSP WIM,41_PIXIE_RUSP_WIM.png,RUSP WIM,,,,,
54,1712312744248,05/04/2024 10:25:44,1712316344248,1,05/04/2024 12:25:44,139619,19,task-eihb,,36766909,BLIND,10840505,,complete,,660fceb39294f27c2d97f4af,computer,Desktop or Laptop,Chromium OS 14541.0.0,Chrome 122.0.0.0,1366x768,1366x633,,,0,1i-3 A Training,4,,,1i-3,,,Pass,,1i-3 A Training,1i-3 A Training,16,Training02,TrainingA,34efq7,1,response,RUSP WIM,1698.5,3779.7000000000116,3789.4000000000233,1698.5,3779.7000000000116,3789.4000000000233,1,1698.5,2090.9000000000233,0,,Single Text Entry,TextResponseA,4,object-97,1i-3,_,15,1i-3_15,4,Training02,06_MOM,ASK,.png,06_MOM_ASK.png,RUSP,WIM,06_MOM_RUSP_WIM.png,,RUSP WIM,26_ERISED_ASK.png,26_ERISED_DOTS.png,RUSP WIM,FICH WUNG,RUSP WIM,FICH WUNG,26_ERISED_FICH_WUNG.png,,FICH WUNG,,,,
55,1712312746631,05/04/2024 10:25:46,1712316346631,1,05/04/2024 12:25:46,139619,19,task-eihb,,36766909,BLIND,10840505,,complete,,660fceb39294f27c2d97f4af,computer,Desktop or Laptop,Chromium OS 14541.0.0,Chrome 122.0.0.0,1366x768,1366x633,,,0,1i-3 A Training,4,,,1i-3,,,Pass,,1i-3 A Training,1i-3 A Training,16,Training02,TrainingB,2yfdu9,2,response,,2392.8000000015018,2380.9000000000233,2392.8000000015018,2392.8000000015018,2380.9000000000233,2392.8000000015018,1,2392.8000000015018,0,0,,Click Response,Option B,5,object-246,1i-3,_,15,1i-3_15,4,Training02,06_MOM,ASK,.png,06_MOM_ASK.png,RUSP,WIM,06_MOM_RUSP_WIM.png,,RUSP WIM,26_ERISED_ASK.png,26_ERISED_DOTS.png,RUSP WIM,FICH WUNG,RUSP WIM,FICH WUNG,26_ERISED_FICH_WUNG.png,,FICH WUNG,,,,
56,1712312747987,05/04/2024 10:25:47,1712316347987,1,05/04/2024 12:25:47,139619,19,task-eihb,,36766909,BLIND,10840505,,complete,,660fceb39294f27c2d97f4af,computer,Desktop or Laptop,Chromium OS 14541.0.0,Chrome 122.0.0.0,1366x768,1366x633,,,0,1i-3 A Training,4,,,1i-3,,,Pass,,1i-3 A Training,1i-3 A Training,16,Training02,TrainingC,1ouhhw,3,continue,,1367.9000000014785,1365.399999999965,1367.9000000014785,1367.9000000014785,1365.399999999965,1367.9000000014785,1,1367.9000000014785,0,0,,Click To Continue,Continue Button,6,object-272,1i-3,_,15,1i-3_15,4,Training02,06_MOM,ASK,.png,06_MOM_ASK.png,RUSP,WIM,06_MOM_RUSP_WIM.png,,RUSP WIM,26_ERISED_ASK.png,26_ERISED_DOTS.png,RUSP WIM,FICH WUNG,RUSP WIM,FICH WUNG,26_ERISED_FICH_WUNG.png,,FICH WUNG,,,,
57,1712312752612,05/04/2024 10:25:52,1712316352612,1,05/04/2024 12:25:52,139619,19,task-eihb,,36766909,BLIND,10840505,,complete,,660fceb39294f27c2d97f4af,computer,Desktop or Laptop,Chromium OS 14541.0.0,Chrome 122.0.0.0,1366x768,1366x633,,,0,1i-3 A Training,4,,,1i-3,,,Pass,,1i-3 A Training,1i-3 A Training,17,Training02,TrainingA,34efq7,1,response,FICH WUNG,2247.8000000000466,4612.200000000012,4628.400000000023,2247.8000000000466,4612.200000000012,4628.400000000023,1,2247.8000000000466,2380.5999999999767,0,,Single Text Entry,TextResponseA,4,object-97,1i-3,_,17,1i-3_17,5,Training02,25_PROSECUTE,ASK,.png,25_PROSECUTE_ASK.png,FICH,WUNG,25_PROSECUTE_FICH_WUNG.png,,FICH WUNG,04_WHEEZES_ASK.png,04_WHEEZES_DOTS.png,RUSP WIM,FICH WUNG,FICH WUNG,RUSP WIM,04_WHEEZES_RUSP_WIM.png,RUSP WIM,,,,,
58,1712312754248,05/04/2024 10:25:54,1712316354248,1,05/04/2024 12:25:54,139619,19,task-eihb,,36766909,BLIND,10840505,,complete,,660fceb39294f27c2d97f4af,computer,Desktop or Laptop,Chromium OS 14541.0.0,Chrome 122.0.0.0,1366x768,1366x633,,,0,1i-3 A Training,4,,,1i-3,,,Pass,,1i-3 A Training,1i-3 A Training,17,Training02,TrainingB,2yfdu9,2,response,,1652.1000000003842,1648.4000000000233,1652.1000000003842,1652.1000000003842,1648.4000000000233,1652.1000000003842,1,1652.1000000003842,0,0,,Click Response,Option A,4,object-245,1i-3,_,17,1i-3_17,5,Training02,25_PROSECUTE,ASK,.png,25_PROSECUTE_ASK.png,FICH,WUNG,25_PROSECUTE_FICH_WUNG.png,,FICH WUNG,04_WHEEZES_ASK.png,04_WHEEZES_DOTS.png,RUSP WIM,FICH WUNG,FICH WUNG,RUSP WIM,04_WHEEZES_RUSP_WIM.png,RUSP WIM,,,,,
59,1712312755352,05/04/2024 10:25:55,1712316355352,1,05/04/2024 12:25:55,139619,19,task-eihb,,36766909,BLIND,10840505,,complete,,660fceb39294f27c2d97f4af,computer,Desktop or Laptop,Chromium OS 14541.0.0,Chrome 122.0.0.0,1366x768,1366x633,,,0,1i-3 A Training,4,,,1i-3,,,Pass,,1i-3 A Training,1i-3 A Training,17,Training02,TrainingC,1ouhhw,3,continue,,1107.2999999999884,1098.899999999965,1107.2999999999884,1107.2999999999884,1098.899999999965,1107.2999999999884,1,1107.2999999999884,0,0,,Click To Continue,Continue Button,6,object-272,1i-3,_,17,1i-3_17,5,Training02,25_PROSECUTE,ASK,.png,25_PROSECUTE_ASK.png,FICH,WUNG,25_PROSECUTE_FICH_WUNG.png,,FICH WUNG,04_WHEEZES_ASK.png,04_WHEEZES_DOTS.png,RUSP WIM,FICH WUNG,FICH WUNG,RUSP WIM,04_WHEEZES_RUSP_WIM.png,RUSP WIM,,,,,
60,1712312759322,05/04/2024 10:25:59,1712316359322,1,05/04/2024 12:25:59,139619,19,task-eihb,,36766909,BLIND,10840505,,complete,,660fceb39294f27c2d97f4af,computer,Desktop or Laptop,Chromium OS 14541.0.0,Chrome 122.0.0.0,1366x768,1366x633,,,0,1i-3 A Training,4,,,1i-3,,,Pass,,1i-3 A Training,1i-3 A Training,18,Training02,TrainingA,34efq7,1,response,WOUX WAN,1848.3000000000466,3962.8000000000466,3978.800000000396,1848.3000000000466,3962.8000000000466,3978.800000000396,1,1848.3000000000466,2130.5000000003492,0,,Single Text Entry,TextResponseA,4,object-97,1i-3,_,20,1i-3_20,5,Training02,21_TEACHHOG,ASK,.png,21_TEACHHOG_ASK.png,WOUX,WAN,21_TEACHHOG_WOUX_WAN.png,,WOUX WAN,42_ENGLAND_ASK.png,42_ENGLAND_DOTS.png,WOUX WAN,ZETH WAN,WOUX WAN,ZETH WAN,42_ENGLAND_ZETH_WAN.png,,ZETH WAN,,,,
61,1712312760300,05/04/2024 10:26:00,1712316360300,1,05/04/2024 12:26:00,139619,19,task-eihb,,36766909,BLIND,10840505,,complete,,660fceb39294f27c2d97f4af,computer,Desktop or Laptop,Chromium OS 14541.0.0,Chrome 122.0.0.0,1366x768,1366x633,,,0,1i-3 A Training,4,,,1i-3,,,Pass,,1i-3 A Training,1i-3 A Training,18,Training02,TrainingB,2yfdu9,2,response,,993.8000000010943,982.3999999999651,993.8000000010943,993.8000000010943,982.3999999999651,993.8000000010943,1,993.8000000010943,0,0,,Click Response,Option B,5,object-246,1i-3,_,20,1i-3_20,5,Training02,21_TEACHHOG,ASK,.png,21_TEACHHOG_ASK.png,WOUX,WAN,21_TEACHHOG_WOUX_WAN.png,,WOUX WAN,42_ENGLAND_ASK.png,42_ENGLAND_DOTS.png,WOUX WAN,ZETH WAN,WOUX WAN,ZETH WAN,42_ENGLAND_ZETH_WAN.png,,ZETH WAN,,,,
62,1712312762344,05/04/2024 10:26:02,1712316362344,1,05/04/2024 12:26:02,139619,19,task-eihb,,36766909,BLIND,10840505,,complete,,660fceb39294f27c2d97f4af,computer,Desktop or Laptop,Chromium OS 14541.0.0,Chrome 122.0.0.0,1366x768,1366x633,,,0,1i-3 A Training,4,,,1i-3,,,Pass,,1i-3 A Training,1i-3 A Training,18,Training02,TrainingC,1ouhhw,3,continue,,2055.5000000007567,2047.9000000000233,2055.5000000007567,2055.5000000007567,2047.9000000000233,2055.5000000007567,1,2055.5000000007567,0,0,,Click To Continue,Continue Button,6,object-272,1i-3,_,20,1i-3_20,5,Training02,21_TEACHHOG,ASK,.png,21_TEACHHOG_ASK.png,WOUX,WAN,21_TEACHHOG_WOUX_WAN.png,,WOUX WAN,42_ENGLAND_ASK.png,42_ENGLAND_DOTS.png,WOUX WAN,ZETH WAN,WOUX WAN,ZETH WAN,42_ENGLAND_ZETH_WAN.png,,ZETH WAN,,,,
63,1712312765929,05/04/2024 10:26:05,1712316365929,1,05/04/2024 12:26:05,139619,19,task-eihb,,36766909,BLIND,10840505,,complete,,660fceb39294f27c2d97f4af,computer,Desktop or Laptop,Chromium OS 14541.0.0,Chrome 122.0.0.0,1366x768,1366x633,,,0,1i-3 A Training,4,,,1i-3,,,Pass,,1i-3 A Training,1i-3 A Training,19,Training02,TrainingA,34efq7,1,response,ZETH WAN,1565.2000000000116,3579.899999999965,3592.6000000007334,1565.2000000000116,3579.899999999965,3592.6000000007334,1,1565.2000000000116,2027.4000000007218,0,,Single Text Entry,TextResponseA,4,object-97,1i-3,_,18,1i-3_18,5,Training02,05_AUROR,ASK,.png,05_AUROR_ASK.png,ZETH,WAN,05_AUROR_ZETH_WAN.png,,ZETH WAN,11_RONWAND_ASK.png,11_RONWAND_DOTS.png,ZETH WAN,FICH WUNG,ZETH WAN,FICH WUNG,11_RONWAND_FICH_WUNG.png,,FICH WUNG,,,,
64,1712312766725,05/04/2024 10:26:06,1712316366725,1,05/04/2024 12:26:06,139619,19,task-eihb,,36766909,BLIND,10840505,,complete,,660fceb39294f27c2d97f4af,computer,Desktop or Laptop,Chromium OS 14541.0.0,Chrome 122.0.0.0,1366x768,1366x633,,,0,1i-3 A Training,4,,,1i-3,,,Pass,,1i-3 A Training,1i-3 A Training,19,Training02,TrainingB,2yfdu9,2,response,,808.1000000011409,799.2000000000116,808.1000000011409,808.1000000011409,799.2000000000116,808.1000000011409,1,808.1000000011409,0,0,,Click Response,Option B,5,object-246,1i-3,_,18,1i-3_18,5,Training02,05_AUROR,ASK,.png,05_AUROR_ASK.png,ZETH,WAN,05_AUROR_ZETH_WAN.png,,ZETH WAN,11_RONWAND_ASK.png,11_RONWAND_DOTS.png,ZETH WAN,FICH WUNG,ZETH WAN,FICH WUNG,11_RONWAND_FICH_WUNG.png,,FICH WUNG,,,,
65,1712312769275,05/04/2024 10:26:09,1712316369275,1,05/04/2024 12:26:09,139619,19,task-eihb,,36766909,BLIND,10840505,,complete,,660fceb39294f27c2d97f4af,computer,Desktop or Laptop,Chromium OS 14541.0.0,Chrome 122.0.0.0,1366x768,1366x633,,,0,1i-3 A Training,4,,,1i-3,,,Pass,,1i-3 A Training,1i-3 A Training,19,Training02,TrainingC,1ouhhw,3,continue,,2559.0000000007567,2547.5,2559.0000000007567,2559.0000000007567,2547.5,2559.0000000007567,1,2559.0000000007567,0,0,,Click To Continue,Continue Button,6,object-272,1i-3,_,18,1i-3_18,5,Training02,05_AUROR,ASK,.png,05_AUROR_ASK.png,ZETH,WAN,05_AUROR_ZETH_WAN.png,,ZETH WAN,11_RONWAND_ASK.png,11_RONWAND_DOTS.png,ZETH WAN,FICH WUNG,ZETH WAN,FICH WUNG,11_RONWAND_FICH_WUNG.png,,FICH WUNG,,,,
66,1712312774227,05/04/2024 10:26:14,1712316374227,1,05/04/2024 12:26:14,139619,19,task-eihb,,36766909,BLIND,10840505,,complete,,660fceb39294f27c2d97f4af,computer,Desktop or Laptop,Chromium OS 14541.0.0,Chrome 122.0.0.0,1366x768,1366x633,,,0,1i-3 A Training,4,,,1i-3,,,Pass,,1i-3 A Training,1i-3 A Training,20,Training02,TrainingA,34efq7,1,response,RUSP WIM,2481,4945.200000000012,4961.799999999988,2481,4945.200000000012,4961.799999999988,1,2481,2480.7999999999884,0,,Single Text Entry,TextResponseA,4,object-97,1i-3,_,19,1i-3_19,5,Training02,41_PIXIE,ASK,.png,41_PIXIE_ASK.png,RUSP,WIM,41_PIXIE_RUSP_WIM.png,,RUSP WIM,35_PROPHET_ASK.png,35_PROPHET_DOTS.png,WOUX WAN,RUSP WIM,RUSP WIM,WOUX WAN,35_PROPHET_WOUX_WAN.png,WOUX WAN,,,,,
67,1712312776500,05/04/2024 10:26:16,1712316376500,1,05/04/2024 12:26:16,139619,19,task-eihb,,36766909,BLIND,10840505,,complete,,660fceb39294f27c2d97f4af,computer,Desktop or Laptop,Chromium OS 14541.0.0,Chrome 122.0.0.0,1366x768,1366x633,,,0,1i-3 A Training,4,,,1i-3,,,Pass,,1i-3 A Training,1i-3 A Training,20,Training02,TrainingB,2yfdu9,2,response,,2291,2281,2291,2291,2281,2291,1,2291,0,0,,Click Response,Option A,4,object-245,1i-3,_,19,1i-3_19,5,Training02,41_PIXIE,ASK,.png,41_PIXIE_ASK.png,RUSP,WIM,41_PIXIE_RUSP_WIM.png,,RUSP WIM,35_PROPHET_ASK.png,35_PROPHET_DOTS.png,WOUX WAN,RUSP WIM,RUSP WIM,WOUX WAN,35_PROPHET_WOUX_WAN.png,WOUX WAN,,,,,
68,1712312777572,05/04/2024 10:26:17,1712316377572,1,05/04/2024 12:26:17,139619,19,task-eihb,,36766909,BLIND,10840505,,complete,,660fceb39294f27c2d97f4af,computer,Desktop or Laptop,Chromium OS 14541.0.0,Chrome 122.0.0.0,1366x768,1366x633,,,0,1i-3 A Training,4,,,1i-3,,,Pass,,1i-3 A Training,1i-3 A Training,20,Training02,TrainingC,1ouhhw,3,continue,,1082.3000000000466,1065.7000000000116,1082.3000000000466,1082.3000000000466,1065.7000000000116,1082.3000000000466,1,1082.3000000000466,0,0,,Click To Continue,Continue Button,6,object-272,1i-3,_,19,1i-3_19,5,Training02,41_PIXIE,ASK,.png,41_PIXIE_ASK.png,RUSP,WIM,41_PIXIE_RUSP_WIM.png,,RUSP WIM,35_PROPHET_ASK.png,35_PROPHET_DOTS.png,WOUX WAN,RUSP WIM,RUSP WIM,WOUX WAN,35_PROPHET_WOUX_WAN.png,WOUX WAN,,,,,
69,1712312782048,05/04/2024 10:26:22,1712316382048,1,05/04/2024 12:26:22,139619,19,task-eihb,,36766909,BLIND,10840505,,complete,,660fceb39294f27c2d97f4af,computer,Desktop or Laptop,Chromium OS 14541.0.0,Chrome 122.0.0.0,1366x768,1366x633,,,0,1i-3 A Training,4,,,1i-3,,,Pass,,1i-3 A Training,1i-3 A Training,21,Training02,TrainingA,34efq7,1,response,ZETH WAN,1848.2000000000116,4479,4492.600000000733,1848.2000000000116,4479,4492.600000000733,1,1848.2000000000116,2644.400000000722,0,,Single Text Entry,TextResponseA,4,object-97,1i-3,_,22,1i-3_22,6,Training02,26_ERISED,ASK,.png,26_ERISED_ASK.png,ZETH,WAN,26_ERISED_ZETH_WAN.png,,ZETH WAN,18_LIVEGODRIC_ASK.png,18_LIVEGODRIC_DOTS.png,RUSP WIM,ZETH WAN,ZETH WAN,RUSP WIM,18_LIVEGODRIC_RUSP_WIM.png,RUSP WIM,,,,,
70,1712312783643,05/04/2024 10:26:23,1712316383643,1,05/04/2024 12:26:23,139619,19,task-eihb,,36766909,BLIND,10840505,,complete,,660fceb39294f27c2d97f4af,computer,Desktop or Laptop,Chromium OS 14541.0.0,Chrome 122.0.0.0,1366x768,1366x633,,,0,1i-3 A Training,4,,,1i-3,,,Pass,,1i-3 A Training,1i-3 A Training,21,Training02,TrainingB,2yfdu9,2,response,,1608.6000000007334,1598.399999999965,1608.6000000007334,1608.6000000007334,1598.399999999965,1608.6000000007334,1,1608.6000000007334,0,0,,Click Response,Option A,4,object-245,1i-3,_,22,1i-3_22,6,Training02,26_ERISED,ASK,.png,26_ERISED_ASK.png,ZETH,WAN,26_ERISED_ZETH_WAN.png,,ZETH WAN,18_LIVEGODRIC_ASK.png,18_LIVEGODRIC_DOTS.png,RUSP WIM,ZETH WAN,ZETH WAN,RUSP WIM,18_LIVEGODRIC_RUSP_WIM.png,RUSP WIM,,,,,
71,1712312785050,05/04/2024 10:26:25,1712316385050,1,05/04/2024 12:26:25,139619,19,task-eihb,,36766909,BLIND,10840505,,complete,,660fceb39294f27c2d97f4af,computer,Desktop or Laptop,Chromium OS 14541.0.0,Chrome 122.0.0.0,1366x768,1366x633,,,0,1i-3 A Training,4,,,1i-3,,,Pass,,1i-3 A Training,1i-3 A Training,21,Training02,TrainingC,1ouhhw,3,continue,,1417.7000000007683,1415.3000000000466,1417.7000000007683,1417.7000000007683,1415.3000000000466,1417.7000000007683,1,1417.7000000007683,0,0,,Click To Continue,Continue Button,6,object-272,1i-3,_,22,1i-3_22,6,Training02,26_ERISED,ASK,.png,26_ERISED_ASK.png,ZETH,WAN,26_ERISED_ZETH_WAN.png,,ZETH WAN,18_LIVEGODRIC_ASK.png,18_LIVEGODRIC_DOTS.png,RUSP WIM,ZETH WAN,ZETH WAN,RUSP WIM,18_LIVEGODRIC_RUSP_WIM.png,RUSP WIM,,,,,
72,1712312813646,05/04/2024 10:26:53,1712316413646,1,05/04/2024 12:26:53,139619,19,task-eihb,,36766909,BLIND,10840505,,complete,,660fceb39294f27c2d97f4af,computer,Desktop or Laptop,Chromium OS 14541.0.0,Chrome 122.0.0.0,1366x768,1366x633,,,0,1i-3 A Training,4,,,1i-3,,,Pass,,1i-3 A Training,1i-3 A Training,22,Training02,TrainingA,34efq7,1,response,RUSP WIM,26307.599999999977,28588.699999999953,28597.800000001094,26307.599999999977,28588.699999999953,28597.800000001094,1,26307.599999999977,2290.2000000011176,0,,Single Text Entry,TextResponseA,4,object-97,1i-3,_,23,1i-3_23,6,Training02,20_PULLSWORD,ASK,.png,20_PULLSWORD_ASK.png,RUSP,WIM,20_PULLSWORD_RUSP_WIM.png,,RUSP WIM,28_GALLEONS_ASK.png,28_GALLEONS_DOTS.png,RUSP WIM,ZETH WAN,RUSP WIM,ZETH WAN,28_GALLEONS_ZETH_WAN.png,,ZETH WAN,,,,
73,1712312823023,05/04/2024 10:27:03,1712316423023,1,05/04/2024 12:27:03,139619,19,task-eihb,,36766909,BLIND,10840505,,complete,,660fceb39294f27c2d97f4af,computer,Desktop or Laptop,Chromium OS 14541.0.0,Chrome 122.0.0.0,1366x768,1366x633,,,0,1i-3 A Training,4,,,1i-3,,,Pass,,1i-3 A Training,1i-3 A Training,22,Training02,TrainingB,2yfdu9,2,response,,9386.900000000023,9374.200000000012,9386.900000000023,9386.900000000023,9374.200000000012,9386.900000000023,1,9386.900000000023,0,0,,Click Response,Option B,5,object-246,1i-3,_,23,1i-3_23,6,Training02,20_PULLSWORD,ASK,.png,20_PULLSWORD_ASK.png,RUSP,WIM,20_PULLSWORD_RUSP_WIM.png,,RUSP WIM,28_GALLEONS_ASK.png,28_GALLEONS_DOTS.png,RUSP WIM,ZETH WAN,RUSP WIM,ZETH WAN,28_GALLEONS_ZETH_WAN.png,,ZETH WAN,,,,
74,1712312830409,05/04/2024 10:27:10,1712316430409,1,05/04/2024 12:27:10,139619,19,task-eihb,,36766909,BLIND,10840505,,complete,,660fceb39294f27c2d97f4af,computer,Desktop or Laptop,Chromium OS 14541.0.0,Chrome 122.0.0.0,1366x768,1366x633,,,0,1i-3 A Training,4,,,1i-3,,,Pass,,1i-3 A Training,1i-3 A Training,22,Training02,TrainingC,1ouhhw,3,continue,,7398.300000001502,7392.700000000012,7398.300000001502,7398.300000001502,7392.700000000012,7398.300000001502,1,7398.300000001502,0,0,,Click To Continue,Continue Button,6,object-272,1i-3,_,23,1i-3_23,6,Training02,20_PULLSWORD,ASK,.png,20_PULLSWORD_ASK.png,RUSP,WIM,20_PULLSWORD_RUSP_WIM.png,,RUSP WIM,28_GALLEONS_ASK.png,28_GALLEONS_DOTS.png,RUSP WIM,ZETH WAN,RUSP WIM,ZETH WAN,28_GALLEONS_ZETH_WAN.png,,ZETH WAN,,,,
75,1712312843567,05/04/2024 10:27:23,1712316443567,1,05/04/2024 12:27:23,139619,19,task-eihb,,36766909,BLIND,10840505,,complete,,660fceb39294f27c2d97f4af,computer,Desktop or Laptop,Chromium OS 14541.0.0,Chrome 122.0.0.0,1366x768,1366x633,,,0,1i-3 A Training,4,,,1i-3,,,Pass,,1i-3 A Training,1i-3 A Training,23,Training02,TrainingA,34efq7,1,response,WOUX WAN,11322.200000000012,13153.799999999988,13163.400000000373,11322.200000000012,13153.799999999988,13163.400000000373,1,11322.200000000012,1841.200000000361,0,,Single Text Entry,TextResponseA,4,object-97,1i-3,_,24,1i-3_24,6,Training02,07_AZKABAN,ASK,.png,07_AZKABAN_ASK.png,WOUX,WAN,07_AZKABAN_WOUX_WAN.png,,WOUX WAN,32_QWC_ASK.png,32_QWC_DOTS.png,WOUX WAN,FICH WUNG,WOUX WAN,FICH WUNG,32_QWC_FICH_WUNG.png,,FICH WUNG,,,,
76,1712312847539,05/04/2024 10:27:27,1712316447539,1,05/04/2024 12:27:27,139619,19,task-eihb,,36766909,BLIND,10840505,,complete,,660fceb39294f27c2d97f4af,computer,Desktop or Laptop,Chromium OS 14541.0.0,Chrome 122.0.0.0,1366x768,1366x633,,,0,1i-3 A Training,4,,,1i-3,,,Pass,,1i-3 A Training,1i-3 A Training,23,Training02,TrainingB,2yfdu9,2,response,,3981.9000000011292,3979.2999999999884,3981.9000000011292,3981.9000000011292,3979.2999999999884,3981.9000000011292,1,3981.9000000011292,0,0,,Click Response,Option B,5,object-246,1i-3,_,24,1i-3_24,6,Training02,07_AZKABAN,ASK,.png,07_AZKABAN_ASK.png,WOUX,WAN,07_AZKABAN_WOUX_WAN.png,,WOUX WAN,32_QWC_ASK.png,32_QWC_DOTS.png,WOUX WAN,FICH WUNG,WOUX WAN,FICH WUNG,32_QWC_FICH_WUNG.png,,FICH WUNG,,,,
77,1712312858064,05/04/2024 10:27:38,1712316458064,1,05/04/2024 12:27:38,139619,19,task-eihb,,36766909,BLIND,10840505,,complete,,660fceb39294f27c2d97f4af,computer,Desktop or Laptop,Chromium OS 14541.0.0,Chrome 122.0.0.0,1366x768,1366x633,,,0,1i-3 A Training,4,,,1i-3,,,Pass,,1i-3 A Training,1i-3 A Training,23,Training02,TrainingC,1ouhhw,3,continue,,10527.000000001513,10523.200000000012,10527.000000001513,10527.000000001513,10523.200000000012,10527.000000001513,1,10527.000000001513,0,0,,Click To Continue,Continue Button,6,object-272,1i-3,_,24,1i-3_24,6,Training02,07_AZKABAN,ASK,.png,07_AZKABAN_ASK.png,WOUX,WAN,07_AZKABAN_WOUX_WAN.png,,WOUX WAN,32_QWC_ASK.png,32_QWC_DOTS.png,WOUX WAN,FICH WUNG,WOUX WAN,FICH WUNG,32_QWC_FICH_WUNG.png,,FICH WUNG,,,,
78,1712312874206,05/04/2024 10:27:54,1712316474206,1,05/04/2024 12:27:54,139619,19,task-eihb,,36766909,BLIND,10840505,,complete,,660fceb39294f27c2d97f4af,computer,Desktop or Laptop,Chromium OS 14541.0.0,Chrome 122.0.0.0,1366x768,1366x633,,,0,1i-3 A Training,4,,,1i-3,,,Pass,,1i-3 A Training,1i-3 A Training,24,Training02,TrainingA,34efq7,1,response,FICH WUNG,4645.400000000023,16134.200000000012,16146.300000001502,4645.400000000023,16134.200000000012,16146.300000001502,1,4645.400000000023,11500.900000001478,0,,Single Text Entry,TextResponseA,4,object-97,1i-3,_,21,1i-3_21,6,Training02,39_STOPHAGRID,ASK,.png,39_STOPHAGRID_ASK.png,FICH,WUNG,39_STOPHAGRID_FICH_WUNG.png,,FICH WUNG,14_MUNGOS_ASK.png,14_MUNGOS_DOTS.png,WOUX WAN,FICH WUNG,FICH WUNG,WOUX WAN,14_MUNGOS_WOUX_WAN.png,WOUX WAN,,,,,
79,1712312878898,05/04/2024 10:27:58,1712316478898,1,05/04/2024 12:27:58,139619,19,task-eihb,,36766909,BLIND,10840505,,complete,,660fceb39294f27c2d97f4af,computer,Desktop or Laptop,Chromium OS 14541.0.0,Chrome 122.0.0.0,1366x768,1366x633,,,0,1i-3 A Training,4,,,1i-3,,,Pass,,1i-3 A Training,1i-3 A Training,24,Training02,TrainingB,2yfdu9,2,response,,4704.200000001118,4695.400000000023,4704.200000001118,4704.200000001118,4695.400000000023,4704.200000001118,1,4704.200000001118,0,0,,Click Response,Option A,4,object-245,1i-3,_,21,1i-3_21,6,Training02,39_STOPHAGRID,ASK,.png,39_STOPHAGRID_ASK.png,FICH,WUNG,39_STOPHAGRID_FICH_WUNG.png,,FICH WUNG,14_MUNGOS_ASK.png,14_MUNGOS_DOTS.png,WOUX WAN,FICH WUNG,FICH WUNG,WOUX WAN,14_MUNGOS_WOUX_WAN.png,WOUX WAN,,,,,
80,1712312889140,05/04/2024 10:28:09,1712316489140,1,05/04/2024 12:28:09,139619,19,task-eihb,,36766909,BLIND,10840505,,complete,,660fceb39294f27c2d97f4af,computer,Desktop or Laptop,Chromium OS 14541.0.0,Chrome 122.0.0.0,1366x768,1366x633,,,0,1i-3 A Training,4,,,1i-3,,,Pass,,1i-3 A Training,1i-3 A Training,24,Training02,TrainingC,1ouhhw,3,continue,,10250.599999999977,10240,10250.599999999977,10250.599999999977,10240,10250.599999999977,1,10250.599999999977,0,0,,Click To Continue,Continue Button,6,object-272,1i-3,_,21,1i-3_21,6,Training02,39_STOPHAGRID,ASK,.png,39_STOPHAGRID_ASK.png,FICH,WUNG,39_STOPHAGRID_FICH_WUNG.png,,FICH WUNG,14_MUNGOS_ASK.png,14_MUNGOS_DOTS.png,WOUX WAN,FICH WUNG,FICH WUNG,WOUX WAN,14_MUNGOS_WOUX_WAN.png,WOUX WAN,,,,,
81,1712312889149,05/04/2024 10:28:09,1712316489149,1,05/04/2024 12:28:09,139619,19,task-eihb,,36766909,BLIND,10840505,,complete,,660fceb39294f27c2d97f4af,computer,Desktop or Laptop,Chromium OS 14541.0.0,Chrome 122.0.0.0,1366x768,1366x633,,,0,1i-3 A Training,4,,,1i-3,,,Pass,,1i-3 A Training,1i-3 A Training,,,,,,5,END,,,,,,,0,,,,,,,,,,,,,,,,,,,,,,,,,,,,,,,,,,,,
1,1712314783040,05/04/2024 10:59:43,1712318383040,1,05/04/2024 12:59:43,139619,19,task-eihb,,36767738,BLIND,10840777,,complete,,660fd63d6788a769472aa1a4,computer,Desktop or Laptop,Windows 10,Chrome 123.0.0.0,1920x1080,1920x919,,,0,1i-3 A Training,4,,,1i-3,,,Pass,,1i-3 A Training,1i-3 A Training,,,,,,5,BEGIN,,,,,,,0,,,,,,,,,,,,,,,,,,,,,,,,,,,,,,,,,,,,
2,1712314788137,05/04/2024 10:59:48,1712318388137,1,05/04/2024 12:59:48,139619,19,task-eihb,,36767738,BLIND,10840777,,complete,,660fd63d6788a769472aa1a4,computer,Desktop or Laptop,Windows 10,Chrome 123.0.0.0,1920x1080,1920x919,,,0,1i-3 A Training,4,,,1i-3,,,Pass,,1i-3 A Training,1i-3 A Training,1,Instructions,Attention Check 5,4xnmv6,1,continue,,4575.4000000476835,4566.7,4575.4000000476835,4575.4000000476835,4566.7,4575.4000000476835,1,4575.4000000476835,0,0,,Click To Continue,Continue Button,4,object-285,,,,,,Instructions,,,,,,,,,,,,,,,,,,,,,,
3,1712314788138,05/04/2024 10:59:48,1712318388138,1,05/04/2024 12:59:48,139619,19,task-eihb,,36767738,BLIND,10840777,,complete,,660fd63d6788a769472aa1a4,computer,Desktop or Laptop,Windows 10,Chrome 123.0.0.0,1920x1080,1920x919,,,0,1i-3 A Training,4,,,1i-3,,,Pass,,1i-3 A Training,1i-3 A Training,1,Instructions,Attention Check 5,4xnmv6,1,response,Accio!,3666.7,4566.7,4575.999999952316,3666.7,4566.7,4575.999999952316,1,3666.7,909.2999999523163,0,,Dropdown,Dropdown5,3,object-284,,,,,,Instructions,,,,,,,,,,,,,,,,,,,,,,
4,1712314803161,05/04/2024 11:00:03,1712318403161,1,05/04/2024 13:00:03,139619,19,task-eihb,,36767738,BLIND,10840777,,complete,,660fd63d6788a769472aa1a4,computer,Desktop or Laptop,Windows 10,Chrome 123.0.0.0,1920x1080,1920x919,,,0,1i-3 A Training,4,,,1i-3,,,Pass,,1i-3 A Training,1i-3 A Training,1,Instructions,Attention Check 6,wf497f,2,continue,,15032.700000047684,15016.8,15032.700000047684,15032.700000047684,15016.8,15032.700000047684,1,15032.700000047684,0,0,,Click To Continue,Continue Button,4,object-292,,,,,,Instructions,,,,,,,,,,,,,,,,,,,,,,
5,1712314803163,05/04/2024 11:00:03,1712318403163,1,05/04/2024 13:00:03,139619,19,task-eihb,,36767738,BLIND,10840777,,complete,,660fd63d6788a769472aa1a4,computer,Desktop or Laptop,Windows 10,Chrome 123.0.0.0,1920x1080,1920x919,,,0,1i-3 A Training,4,,,1i-3,,,Pass,,1i-3 A Training,1i-3 A Training,1,Instructions,Attention Check 6,wf497f,2,response,The Invisibility Cloak,12200.099999999999,15016.8,15033.5,12200.099999999999,15016.8,15033.5,1,12200.099999999999,2833.4000000000015,0,,Dropdown,Dropdown6,3,object-291,,,,,,Instructions,,,,,,,,,,,,,,,,,,,,,,
6,1712314807353,05/04/2024 11:00:07,1712318407353,1,05/04/2024 13:00:07,139619,19,task-eihb,,36767738,BLIND,10840777,,complete,,660fd63d6788a769472aa1a4,computer,Desktop or Laptop,Windows 10,Chrome 123.0.0.0,1920x1080,1920x919,,,0,1i-3 A Training,4,,,1i-3,,,Pass,,1i-3 A Training,1i-3 A Training,1,Instructions,Screen 22,3y4guk,3,continue,,4207.799999904633,4199.9000000000015,4207.799999904633,4207.799999904633,4199.9000000000015,4207.799999904633,1,4207.799999904633,0,0,,Click To Continue,Continue Button,3,object-297,,,,,,Instructions,,,,,,,,,,,,,,,,,,,,,,
7,1712314825849,05/04/2024 11:00:25,1712318425849,1,05/04/2024 13:00:25,139619,19,task-eihb,,36767738,BLIND,10840777,,complete,,660fd63d6788a769472aa1a4,computer,Desktop or Laptop,Windows 10,Chrome 123.0.0.0,1920x1080,1920x919,,,0,1i-3 A Training,4,,,1i-3,,,Pass,,1i-3 A Training,1i-3 A Training,1,Instructions,Instructions 02,q3gk2e,4,continue,,18504.000000047683,18500.100000000002,18504.000000047683,18504.000000047683,18500.100000000002,18504.000000047683,1,18504.000000047683,0,0,,Click To Continue,Continue Button,2,object-75,,,,,,Instructions,,,,,,,,,,,,,,,,,,,,,,
8,1712314828833,05/04/2024 11:00:28,1712318428833,1,05/04/2024 13:00:28,139619,19,task-eihb,,36767738,BLIND,10840777,,complete,,660fd63d6788a769472aa1a4,computer,Desktop or Laptop,Windows 10,Chrome 123.0.0.0,1920x1080,1920x919,,,0,1i-3 A Training,4,,,1i-3,,,Pass,,1i-3 A Training,1i-3 A Training,1,Instructions,Instructions 03,gxa3vr,5,continue,,2988.099999856946,2983.399999999994,2988.099999856946,2988.099999856946,2983.399999999994,2988.099999856946,1,2988.099999856946,0,0,,Click To Continue,Continue Button,1,object-165,,,,,,Instructions,,,,,,,,,,,,,,,,,,,,,,
9,1712314842073,05/04/2024 11:00:42,1712318442073,1,05/04/2024 13:00:42,139619,19,task-eihb,,36767738,BLIND,10840777,,complete,,660fd63d6788a769472aa1a4,computer,Desktop or Laptop,Windows 10,Chrome 123.0.0.0,1920x1080,1920x919,,,0,1i-3 A Training,4,,,1i-3,,,Pass,,1i-3 A Training,1i-3 A Training,1,Training02,TrainingA,34efq7,1,response,FICH WUNG,4816.700000000004,13233.5,13244.09999995232,4816.700000000004,13233.5,13244.09999995232,1,4816.700000000004,8427.399999952315,0,,Single Text Entry,TextResponseA,4,object-97,1i-3,_,01,1i-3_01,1,Training02,04_WHEEZES,ASK,.png,04_WHEEZES_ASK.png,FICH,WUNG,04_WHEEZES_FICH_WUNG.png,,FICH WUNG,05_AUROR_ASK.png,05_AUROR_DOTS.png,FICH WUNG,ZETH WAN,FICH WUNG,ZETH WAN,05_AUROR_ZETH_WAN.png,,ZETH WAN,,,,
10,1712314849321,05/04/2024 11:00:49,1712318449321,1,05/04/2024 13:00:49,139619,19,task-eihb,,36767738,BLIND,10840777,,complete,,660fd63d6788a769472aa1a4,computer,Desktop or Laptop,Windows 10,Chrome 123.0.0.0,1920x1080,1920x919,,,0,1i-3 A Training,4,,,1i-3,,,Pass,,1i-3 A Training,1i-3 A Training,1,Training02,TrainingB,2yfdu9,2,response,,7258.800000000003,7249.900000000009,7258.800000000003,7258.800000000003,7249.900000000009,7258.800000000003,1,7258.800000000003,0,0,,Click Response,Option A,4,object-245,1i-3,_,01,1i-3_01,1,Training02,04_WHEEZES,ASK,.png,04_WHEEZES_ASK.png,FICH,WUNG,04_WHEEZES_FICH_WUNG.png,,FICH WUNG,05_AUROR_ASK.png,05_AUROR_DOTS.png,FICH WUNG,ZETH WAN,FICH WUNG,ZETH WAN,05_AUROR_ZETH_WAN.png,,ZETH WAN,,,,
11,1712314857993,05/04/2024 11:00:57,1712318457993,1,05/04/2024 13:00:57,139619,19,task-eihb,,36767738,BLIND,10840777,,complete,,660fd63d6788a769472aa1a4,computer,Desktop or Laptop,Windows 10,Chrome 123.0.0.0,1920x1080,1920x919,,,0,1i-3 A Training,4,,,1i-3,,,Pass,,1i-3 A Training,1i-3 A Training,1,Training02,TrainingC,1ouhhw,3,continue,,8680.999999904627,8666.799999999988,8680.999999904627,8680.999999904627,8666.799999999988,8680.999999904627,1,8680.999999904627,0,0,,Click To Continue,Continue Button,6,object-272,1i-3,_,01,1i-3_01,1,Training02,04_WHEEZES,ASK,.png,04_WHEEZES_ASK.png,FICH,WUNG,04_WHEEZES_FICH_WUNG.png,,FICH WUNG,05_AUROR_ASK.png,05_AUROR_DOTS.png,FICH WUNG,ZETH WAN,FICH WUNG,ZETH WAN,05_AUROR_ZETH_WAN.png,,ZETH WAN,,,,
12,1712314869985,05/04/2024 11:01:09,1712318469985,1,05/04/2024 13:01:09,139619,19,task-eihb,,36767738,BLIND,10840777,,complete,,660fd63d6788a769472aa1a4,computer,Desktop or Laptop,Windows 10,Chrome 123.0.0.0,1920x1080,1920x919,,,0,1i-3 A Training,4,,,1i-3,,,Pass,,1i-3 A Training,1i-3 A Training,2,Training02,TrainingA,34efq7,1,response,WOUX WAN,7366.700000000012,12000,12005.999999856955,7366.700000000012,12000,12005.999999856955,1,7366.700000000012,4639.299999856943,0,,Single Text Entry,TextResponseA,4,object-97,1i-3,_,04,1i-3_04,1,Training02,35_PROPHET,ASK,.png,35_PROPHET_ASK.png,WOUX,WAN,35_PROPHET_WOUX_WAN.png,,WOUX WAN,40_BURYSNAPE_ASK.png,40_BURYSNAPE_DOTS.png,WOUX WAN,RUSP WIM,WOUX WAN,RUSP WIM,40_BURYSNAPE_RUSP_WIM.png,,RUSP WIM,,,,
13,1712314878865,05/04/2024 11:01:18,1712318478865,1,05/04/2024 13:01:18,139619,19,task-eihb,,36767738,BLIND,10840777,,complete,,660fd63d6788a769472aa1a4,computer,Desktop or Laptop,Windows 10,Chrome 123.0.0.0,1920x1080,1920x919,,,0,1i-3 A Training,4,,,1i-3,,,Pass,,1i-3 A Training,1i-3 A Training,2,Training02,TrainingB,2yfdu9,2,response,,8886.30000004769,8883.400000000009,8886.30000004769,8886.30000004769,8883.400000000009,8886.30000004769,1,8886.30000004769,0,0,,Click Response,Option B,5,object-246,1i-3,_,04,1i-3_04,1,Training02,35_PROPHET,ASK,.png,35_PROPHET_ASK.png,WOUX,WAN,35_PROPHET_WOUX_WAN.png,,WOUX WAN,40_BURYSNAPE_ASK.png,40_BURYSNAPE_DOTS.png,WOUX WAN,RUSP WIM,WOUX WAN,RUSP WIM,40_BURYSNAPE_RUSP_WIM.png,,RUSP WIM,,,,
14,1712314885177,05/04/2024 11:01:25,1712318485177,1,05/04/2024 13:01:25,139619,19,task-eihb,,36767738,BLIND,10840777,,complete,,660fd63d6788a769472aa1a4,computer,Desktop or Laptop,Windows 10,Chrome 123.0.0.0,1920x1080,1920x919,,,0,1i-3 A Training,4,,,1i-3,,,Pass,,1i-3 A Training,1i-3 A Training,2,Training02,TrainingC,1ouhhw,3,continue,,6314.79999990463,6300,6314.79999990463,6314.79999990463,6300,6314.79999990463,1,6314.79999990463,0,0,,Click To Continue,Continue Button,6,object-272,1i-3,_,04,1i-3_04,1,Training02,35_PROPHET,ASK,.png,35_PROPHET_ASK.png,WOUX,WAN,35_PROPHET_WOUX_WAN.png,,WOUX WAN,40_BURYSNAPE_ASK.png,40_BURYSNAPE_DOTS.png,WOUX WAN,RUSP WIM,WOUX WAN,RUSP WIM,40_BURYSNAPE_RUSP_WIM.png,,RUSP WIM,,,,
15,1712314899936,05/04/2024 11:01:39,1712318499936,1,05/04/2024 13:01:39,139619,19,task-eihb,,36767738,BLIND,10840777,,complete,,660fd63d6788a769472aa1a4,computer,Desktop or Laptop,Windows 10,Chrome 123.0.0.0,1920x1080,1920x919,,,0,1i-3 A Training,4,,,1i-3,,,Pass,,1i-3 A Training,1i-3 A Training,3,Training02,TrainingA,34efq7,1,response,ZETH WAN,6733.399999999994,14766.800000000003,14774.29999990463,6733.399999999994,14766.800000000003,14774.29999990463,1,6733.399999999994,8040.8999999046355,0,,Single Text Entry,TextResponseA,4,object-97,1i-3,_,02,1i-3_02,1,Training02,40_BURYSNAPE,ASK,.png,40_BURYSNAPE_ASK.png,ZETH,WAN,40_BURYSNAPE_ZETH_WAN.png,,ZETH WAN,20_PULLSWORD_ASK.png,20_PULLSWORD_DOTS.png,WOUX WAN,ZETH WAN,ZETH WAN,WOUX WAN,20_PULLSWORD_WOUX_WAN.png,WOUX WAN,,,,,
16,1712314907953,05/04/2024 11:01:47,1712318507953,1,05/04/2024 13:01:47,139619,19,task-eihb,,36767738,BLIND,10840777,,complete,,660fd63d6788a769472aa1a4,computer,Desktop or Laptop,Windows 10,Chrome 123.0.0.0,1920x1080,1920x919,,,0,1i-3 A Training,4,,,1i-3,,,Pass,,1i-3 A Training,1i-3 A Training,3,Training02,TrainingB,2yfdu9,2,response,,8024.1999999523105,8016.699999999997,8024.1999999523105,8024.1999999523105,8016.699999999997,8024.1999999523105,1,8024.1999999523105,0,0,,Click Response,Option A,4,object-245,1i-3,_,02,1i-3_02,1,Training02,40_BURYSNAPE,ASK,.png,40_BURYSNAPE_ASK.png,ZETH,WAN,40_BURYSNAPE_ZETH_WAN.png,,ZETH WAN,20_PULLSWORD_ASK.png,20_PULLSWORD_DOTS.png,WOUX WAN,ZETH WAN,ZETH WAN,WOUX WAN,20_PULLSWORD_WOUX_WAN.png,WOUX WAN,,,,,
17,1712314911569,05/04/2024 11:01:51,1712318511569,1,05/04/2024 13:01:51,139619,19,task-eihb,,36767738,BLIND,10840777,,complete,,660fd63d6788a769472aa1a4,computer,Desktop or Laptop,Windows 10,Chrome 123.0.0.0,1920x1080,1920x919,,,0,1i-3 A Training,4,,,1i-3,,,Pass,,1i-3 A Training,1i-3 A Training,3,Training02,TrainingC,1ouhhw,3,continue,,3623.400000047681,3616.5999999999913,3623.400000047681,3623.400000047681,3616.5999999999913,3623.400000047681,1,3623.400000047681,0,0,,Click To Continue,Continue Button,6,object-272,1i-3,_,02,1i-3_02,1,Training02,40_BURYSNAPE,ASK,.png,40_BURYSNAPE_ASK.png,ZETH,WAN,40_BURYSNAPE_ZETH_WAN.png,,ZETH WAN,20_PULLSWORD_ASK.png,20_PULLSWORD_DOTS.png,WOUX WAN,ZETH WAN,ZETH WAN,WOUX WAN,20_PULLSWORD_WOUX_WAN.png,WOUX WAN,,,,,
18,1712314922896,05/04/2024 11:02:02,1712318522896,1,05/04/2024 13:02:02,139619,19,task-eihb,,36767738,BLIND,10840777,,complete,,660fd63d6788a769472aa1a4,computer,Desktop or Laptop,Windows 10,Chrome 123.0.0.0,1920x1080,1920x919,,,0,1i-3 A Training,4,,,1i-3,,,Pass,,1i-3 A Training,1i-3 A Training,4,Training02,TrainingA,34efq7,1,response,RUSP WIM,5266.8000000000175,11333.5,11334.30000004769,5266.8000000000175,11333.5,11334.30000004769,1,5266.8000000000175,6067.500000047672,0,,Single Text Entry,TextResponseA,4,object-97,1i-3,_,03,1i-3_03,1,Training02,13_QUIBBLER,ASK,.png,13_QUIBBLER_ASK.png,RUSP,WIM,13_QUIBBLER_RUSP_WIM.png,,RUSP WIM,27_BESTSELLER_ASK.png,27_BESTSELLER_DOTS.png,FICH WUNG,RUSP WIM,RUSP WIM,FICH WUNG,27_BESTSELLER_FICH_WUNG.png,FICH WUNG,,,,,
19,1712314927209,05/04/2024 11:02:07,1712318527209,1,05/04/2024 13:02:07,139619,19,task-eihb,,36767738,BLIND,10840777,,complete,,660fd63d6788a769472aa1a4,computer,Desktop or Laptop,Windows 10,Chrome 123.0.0.0,1920x1080,1920x919,,,0,1i-3 A Training,4,,,1i-3,,,Pass,,1i-3 A Training,1i-3 A Training,4,Training02,TrainingB,2yfdu9,2,response,,4313.3000000476895,4300,4313.3000000476895,4313.3000000476895,4300,4313.3000000476895,1,4313.3000000476895,0,0,,Click Response,Option B,5,object-246,1i-3,_,03,1i-3_03,1,Training02,13_QUIBBLER,ASK,.png,13_QUIBBLER_ASK.png,RUSP,WIM,13_QUIBBLER_RUSP_WIM.png,,RUSP WIM,27_BESTSELLER_ASK.png,27_BESTSELLER_DOTS.png,FICH WUNG,RUSP WIM,RUSP WIM,FICH WUNG,27_BESTSELLER_FICH_WUNG.png,FICH WUNG,,,,,
20,1712314969266,05/04/2024 11:02:49,1712318569266,1,05/04/2024 13:02:49,139619,19,task-eihb,,36767738,BLIND,10840777,,complete,,660fd63d6788a769472aa1a4,computer,Desktop or Laptop,Windows 10,Chrome 123.0.0.0,1920x1080,1920x919,,,0,1i-3 A Training,4,,,1i-3,,,Pass,,1i-3 A Training,1i-3 A Training,4,Training02,TrainingC,1ouhhw,3,continue,,42069.499999856955,42066.899999999994,42069.499999856955,42069.499999856955,42066.899999999994,42069.499999856955,1,42069.499999856955,0,0,,Click To Continue,Continue Button,6,object-272,1i-3,_,03,1i-3_03,1,Training02,13_QUIBBLER,ASK,.png,13_QUIBBLER_ASK.png,RUSP,WIM,13_QUIBBLER_RUSP_WIM.png,,RUSP WIM,27_BESTSELLER_ASK.png,27_BESTSELLER_DOTS.png,FICH WUNG,RUSP WIM,RUSP WIM,FICH WUNG,27_BESTSELLER_FICH_WUNG.png,FICH WUNG,,,,,
21,1712314982665,05/04/2024 11:03:02,1712318582665,1,05/04/2024 13:03:02,139619,19,task-eihb,,36767738,BLIND,10840777,,complete,,660fd63d6788a769472aa1a4,computer,Desktop or Laptop,Windows 10,Chrome 123.0.0.0,1920x1080,1920x919,,,0,1i-3 A Training,4,,,1i-3,,,Pass,,1i-3 A Training,1i-3 A Training,5,Training02,TrainingA,34efq7,1,response,WOUX WAN,5000,13400,13401.999999952328,5000,13400,13401.999999952328,1,5000,8401.999999952328,0,,Single Text Entry,TextResponseA,4,object-97,1i-3,_,08,1i-3_08,2,Training02,28_GALLEONS,ASK,.png,28_GALLEONS_ASK.png,WOUX,WAN,28_GALLEONS_WOUX_WAN.png,,WOUX WAN,39_STOPHAGRID_ASK.png,39_STOPHAGRID_DOTS.png,ZETH WAN,WOUX WAN,WOUX WAN,ZETH WAN,39_STOPHAGRID_ZETH_WAN.png,ZETH WAN,,,,,
22,1712314987393,05/04/2024 11:03:07,1712318587393,1,05/04/2024 13:03:07,139619,19,task-eihb,,36767738,BLIND,10840777,,complete,,660fd63d6788a769472aa1a4,computer,Desktop or Laptop,Windows 10,Chrome 123.0.0.0,1920x1080,1920x919,,,0,1i-3 A Training,4,,,1i-3,,,Pass,,1i-3 A Training,1i-3 A Training,5,Training02,TrainingB,2yfdu9,2,response,,4730.400000047695,4716.700000000012,4730.400000047695,4730.400000047695,4716.700000000012,4730.400000047695,1,4730.400000047695,0,0,,Click Response,Option A,4,object-245,1i-3,_,08,1i-3_08,2,Training02,28_GALLEONS,ASK,.png,28_GALLEONS_ASK.png,WOUX,WAN,28_GALLEONS_WOUX_WAN.png,,WOUX WAN,39_STOPHAGRID_ASK.png,39_STOPHAGRID_DOTS.png,ZETH WAN,WOUX WAN,WOUX WAN,ZETH WAN,39_STOPHAGRID_ZETH_WAN.png,ZETH WAN,,,,,
23,1712314991881,05/04/2024 11:03:11,1712318591881,1,05/04/2024 13:03:11,139619,19,task-eihb,,36767738,BLIND,10840777,,complete,,660fd63d6788a769472aa1a4,computer,Desktop or Laptop,Windows 10,Chrome 123.0.0.0,1920x1080,1920x919,,,0,1i-3 A Training,4,,,1i-3,,,Pass,,1i-3 A Training,1i-3 A Training,5,Training02,TrainingC,1ouhhw,3,continue,,4501.399999856949,4500.100000000006,4501.399999856949,4501.399999856949,4500.100000000006,4501.399999856949,1,4501.399999856949,0,0,,Click To Continue,Continue Button,6,object-272,1i-3,_,08,1i-3_08,2,Training02,28_GALLEONS,ASK,.png,28_GALLEONS_ASK.png,WOUX,WAN,28_GALLEONS_WOUX_WAN.png,,WOUX WAN,39_STOPHAGRID_ASK.png,39_STOPHAGRID_DOTS.png,ZETH WAN,WOUX WAN,WOUX WAN,ZETH WAN,39_STOPHAGRID_ZETH_WAN.png,ZETH WAN,,,,,
24,1712315002449,05/04/2024 11:03:22,1712318602449,1,05/04/2024 13:03:22,139619,19,task-eihb,,36767738,BLIND,10840777,,complete,,660fd63d6788a769472aa1a4,computer,Desktop or Laptop,Windows 10,Chrome 123.0.0.0,1920x1080,1920x919,,,0,1i-3 A Training,4,,,1i-3,,,Pass,,1i-3 A Training,1i-3 A Training,6,Training02,TrainingA,34efq7,1,response,ZETH WAN,7266.600000000006,10566.600000000006,10569.19999995231,7266.600000000006,10566.600000000006,10569.19999995231,1,7266.600000000006,3302.5999999523046,0,,Single Text Entry,TextResponseA,4,object-97,1i-3,_,06,1i-3_06,2,Training02,12_SKEETER,ASK,.png,12_SKEETER_ASK.png,ZETH,WAN,12_SKEETER_ZETH_WAN.png,,ZETH WAN,12_SKEETER_ASK.png,12_SKEETER_DOTS.png,FICH WUNG,ZETH WAN,ZETH WAN,FICH WUNG,12_SKEETER_FICH_WUNG.png,FICH WUNG,,,,,
25,1712315009625,05/04/2024 11:03:29,1712318609625,1,05/04/2024 13:03:29,139619,19,task-eihb,,36767738,BLIND,10840777,,complete,,660fd63d6788a769472aa1a4,computer,Desktop or Laptop,Windows 10,Chrome 123.0.0.0,1920x1080,1920x919,,,0,1i-3 A Training,4,,,1i-3,,,Pass,,1i-3 A Training,1i-3 A Training,6,Training02,TrainingB,2yfdu9,2,response,,7179.399999904621,7166.6999999999825,7179.399999904621,7179.399999904621,7166.6999999999825,7179.399999904621,1,7179.399999904621,0,0,,Click Response,Option B,5,object-246,1i-3,_,06,1i-3_06,2,Training02,12_SKEETER,ASK,.png,12_SKEETER_ASK.png,ZETH,WAN,12_SKEETER_ZETH_WAN.png,,ZETH WAN,12_SKEETER_ASK.png,12_SKEETER_DOTS.png,FICH WUNG,ZETH WAN,ZETH WAN,FICH WUNG,12_SKEETER_FICH_WUNG.png,FICH WUNG,,,,,
26,1712315017057,05/04/2024 11:03:37,1712318617057,1,05/04/2024 13:03:37,139619,19,task-eihb,,36767738,BLIND,10840777,,complete,,660fd63d6788a769472aa1a4,computer,Desktop or Laptop,Windows 10,Chrome 123.0.0.0,1920x1080,1920x919,,,0,1i-3 A Training,4,,,1i-3,,,Pass,,1i-3 A Training,1i-3 A Training,6,Training02,TrainingC,1ouhhw,3,continue,,7444.199999904638,7433.399999999994,7444.199999904638,7444.199999904638,7433.399999999994,7444.199999904638,1,7444.199999904638,0,0,,Click To Continue,Continue Button,6,object-272,1i-3,_,06,1i-3_06,2,Training02,12_SKEETER,ASK,.png,12_SKEETER_ASK.png,ZETH,WAN,12_SKEETER_ZETH_WAN.png,,ZETH WAN,12_SKEETER_ASK.png,12_SKEETER_DOTS.png,FICH WUNG,ZETH WAN,ZETH WAN,FICH WUNG,12_SKEETER_FICH_WUNG.png,FICH WUNG,,,,,
27,1712315025721,05/04/2024 11:03:45,1712318625721,1,05/04/2024 13:03:45,139619,19,task-eihb,,36767738,BLIND,10840777,,complete,,660fd63d6788a769472aa1a4,computer,Desktop or Laptop,Windows 10,Chrome 123.0.0.0,1920x1080,1920x919,,,0,1i-3 A Training,4,,,1i-3,,,Pass,,1i-3 A Training,1i-3 A Training,7,Training02,TrainingA,34efq7,1,response,RUSP WIM,3966.7000000000116,8666.700000000012,8674.499999952328,3966.7000000000116,8666.700000000012,8674.499999952328,1,3966.7000000000116,4707.799999952316,0,,Single Text Entry,TextResponseA,4,object-97,1i-3,_,07,1i-3_07,2,Training02,34_FANLETTERS,ASK,.png,34_FANLETTERS_ASK.png,RUSP,WIM,34_FANLETTERS_RUSP_WIM.png,,RUSP WIM,34_FANLETTERS_ASK.png,34_FANLETTERS_DOTS.png,RUSP WIM,WOUX WAN,RUSP WIM,WOUX WAN,34_FANLETTERS_WOUX_WAN.png,,WOUX WAN,,,,
28,1712315031049,05/04/2024 11:03:51,1712318631049,1,05/04/2024 13:03:51,139619,19,task-eihb,,36767738,BLIND,10840777,,complete,,660fd63d6788a769472aa1a4,computer,Desktop or Laptop,Windows 10,Chrome 123.0.0.0,1920x1080,1920x919,,,0,1i-3 A Training,4,,,1i-3,,,Pass,,1i-3 A Training,1i-3 A Training,7,Training02,TrainingB,2yfdu9,2,response,,5336.5,5333.399999999994,5336.5,5336.5,5333.399999999994,5336.5,1,5336.5,0,0,,Click Response,Option A,4,object-245,1i-3,_,07,1i-3_07,2,Training02,34_FANLETTERS,ASK,.png,34_FANLETTERS_ASK.png,RUSP,WIM,34_FANLETTERS_RUSP_WIM.png,,RUSP WIM,34_FANLETTERS_ASK.png,34_FANLETTERS_DOTS.png,RUSP WIM,WOUX WAN,RUSP WIM,WOUX WAN,34_FANLETTERS_WOUX_WAN.png,,WOUX WAN,,,,
29,1712315032321,05/04/2024 11:03:52,1712318632321,1,05/04/2024 13:03:52,139619,19,task-eihb,,36767738,BLIND,10840777,,complete,,660fd63d6788a769472aa1a4,computer,Desktop or Laptop,Windows 10,Chrome 123.0.0.0,1920x1080,1920x919,,,0,1i-3 A Training,4,,,1i-3,,,Pass,,1i-3 A Training,1i-3 A Training,7,Training02,TrainingC,1ouhhw,3,continue,,1274.899999952322,1266.6000000000058,1274.899999952322,1274.899999952322,1266.6000000000058,1274.899999952322,1,1274.899999952322,0,0,,Click To Continue,Continue Button,6,object-272,1i-3,_,07,1i-3_07,2,Training02,34_FANLETTERS,ASK,.png,34_FANLETTERS_ASK.png,RUSP,WIM,34_FANLETTERS_RUSP_WIM.png,,RUSP WIM,34_FANLETTERS_ASK.png,34_FANLETTERS_DOTS.png,RUSP WIM,WOUX WAN,RUSP WIM,WOUX WAN,34_FANLETTERS_WOUX_WAN.png,,WOUX WAN,,,,
30,1712315044961,05/04/2024 11:04:04,1712318644961,1,05/04/2024 13:04:04,139619,19,task-eihb,,36767738,BLIND,10840777,,complete,,660fd63d6788a769472aa1a4,computer,Desktop or Laptop,Windows 10,Chrome 123.0.0.0,1920x1080,1920x919,,,0,1i-3 A Training,4,,,1i-3,,,Pass,,1i-3 A Training,1i-3 A Training,8,Training02,TrainingA,34efq7,1,response,FICH WUNG,5116.700000000012,12633.5,12647.799999952316,5116.700000000012,12633.5,12647.799999952316,1,5116.700000000012,7531.099999952305,0,,Single Text Entry,TextResponseA,4,object-97,1i-3,_,05,1i-3_05,2,Training02,18_LIVEGODRIC,ASK,.png,18_LIVEGODRIC_ASK.png,FICH,WUNG,18_LIVEGODRIC_FICH_WUNG.png,,FICH WUNG,07_AZKABAN_ASK.png,07_AZKABAN_DOTS.png,FICH WUNG,RUSP WIM,FICH WUNG,RUSP WIM,07_AZKABAN_RUSP_WIM.png,,RUSP WIM,,,,
31,1712315051066,05/04/2024 11:04:11,1712318651066,1,05/04/2024 13:04:11,139619,19,task-eihb,,36767738,BLIND,10840777,,complete,,660fd63d6788a769472aa1a4,computer,Desktop or Laptop,Windows 10,Chrome 123.0.0.0,1920x1080,1920x919,,,0,1i-3 A Training,4,,,1i-3,,,Pass,,1i-3 A Training,1i-3 A Training,8,Training02,TrainingB,2yfdu9,2,response,,6118.899999856949,6116.599999999977,6118.899999856949,6118.899999856949,6116.599999999977,6118.899999856949,1,6118.899999856949,0,0,,Click Response,Option B,5,object-246,1i-3,_,05,1i-3_05,2,Training02,18_LIVEGODRIC,ASK,.png,18_LIVEGODRIC_ASK.png,FICH,WUNG,18_LIVEGODRIC_FICH_WUNG.png,,FICH WUNG,07_AZKABAN_ASK.png,07_AZKABAN_DOTS.png,FICH WUNG,RUSP WIM,FICH WUNG,RUSP WIM,07_AZKABAN_RUSP_WIM.png,,RUSP WIM,,,,
32,1712315058778,05/04/2024 11:04:18,1712318658778,1,05/04/2024 13:04:18,139619,19,task-eihb,,36767738,BLIND,10840777,,complete,,660fd63d6788a769472aa1a4,computer,Desktop or Laptop,Windows 10,Chrome 123.0.0.0,1920x1080,1920x919,,,0,1i-3 A Training,4,,,1i-3,,,Pass,,1i-3 A Training,1i-3 A Training,8,Training02,TrainingC,1ouhhw,3,continue,,7714.499999904656,7700.100000000035,7714.499999904656,7714.499999904656,7700.100000000035,7714.499999904656,1,7714.499999904656,0,0,,Click To Continue,Continue Button,6,object-272,1i-3,_,05,1i-3_05,2,Training02,18_LIVEGODRIC,ASK,.png,18_LIVEGODRIC_ASK.png,FICH,WUNG,18_LIVEGODRIC_FICH_WUNG.png,,FICH WUNG,07_AZKABAN_ASK.png,07_AZKABAN_DOTS.png,FICH WUNG,RUSP WIM,FICH WUNG,RUSP WIM,07_AZKABAN_RUSP_WIM.png,,RUSP WIM,,,,
33,1712315070929,05/04/2024 11:04:30,1712318670929,1,05/04/2024 13:04:30,139619,19,task-eihb,,36767738,BLIND,10840777,,complete,,660fd63d6788a769472aa1a4,computer,Desktop or Laptop,Windows 10,Chrome 123.0.0.0,1920x1080,1920x919,,,0,1i-3 A Training,4,,,1i-3,,,Pass,,1i-3 A Training,1i-3 A Training,9,Training02,TrainingA,34efq7,1,response,ZETH WAN,9366.700000000012,12150,12165.599999952305,9366.700000000012,12150,12165.599999952305,1,9366.700000000012,2798.899999952293,0,,Single Text Entry,TextResponseA,4,object-97,1i-3,_,10,1i-3_10,3,Training02,19_BURYVOLDY,ASK,.png,19_BURYVOLDY_ASK.png,ZETH,WAN,19_BURYVOLDY_ZETH_WAN.png,,ZETH WAN,21_TEACHHOG_ASK.png,21_TEACHHOG_DOTS.png,ZETH WAN,RUSP WIM,ZETH WAN,RUSP WIM,21_TEACHHOG_RUSP_WIM.png,,RUSP WIM,,,,
34,1712315075706,05/04/2024 11:04:35,1712318675706,1,05/04/2024 13:04:35,139619,19,task-eihb,,36767738,BLIND,10840777,,complete,,660fd63d6788a769472aa1a4,computer,Desktop or Laptop,Windows 10,Chrome 123.0.0.0,1920x1080,1920x919,,,0,1i-3 A Training,4,,,1i-3,,,Pass,,1i-3 A Training,1i-3 A Training,9,Training02,TrainingB,2yfdu9,2,response,,4792.199999856937,4783.399999999965,4792.199999856937,4792.199999856937,4783.399999999965,4792.199999856937,1,4792.199999856937,0,0,,Click Response,Option B,5,object-246,1i-3,_,10,1i-3_10,3,Training02,19_BURYVOLDY,ASK,.png,19_BURYVOLDY_ASK.png,ZETH,WAN,19_BURYVOLDY_ZETH_WAN.png,,ZETH WAN,21_TEACHHOG_ASK.png,21_TEACHHOG_DOTS.png,ZETH WAN,RUSP WIM,ZETH WAN,RUSP WIM,21_TEACHHOG_RUSP_WIM.png,,RUSP WIM,,,,
35,1712315080418,05/04/2024 11:04:40,1712318680418,1,05/04/2024 13:04:40,139619,19,task-eihb,,36767738,BLIND,10840777,,complete,,660fd63d6788a769472aa1a4,computer,Desktop or Laptop,Windows 10,Chrome 123.0.0.0,1920x1080,1920x919,,,0,1i-3 A Training,4,,,1i-3,,,Pass,,1i-3 A Training,1i-3 A Training,9,Training02,TrainingC,1ouhhw,3,continue,,4720.799999856972,4716.700000000012,4720.799999856972,4720.799999856972,4716.700000000012,4720.799999856972,1,4720.799999856972,0,0,,Click To Continue,Continue Button,6,object-272,1i-3,_,10,1i-3_10,3,Training02,19_BURYVOLDY,ASK,.png,19_BURYVOLDY_ASK.png,ZETH,WAN,19_BURYVOLDY_ZETH_WAN.png,,ZETH WAN,21_TEACHHOG_ASK.png,21_TEACHHOG_DOTS.png,ZETH WAN,RUSP WIM,ZETH WAN,RUSP WIM,21_TEACHHOG_RUSP_WIM.png,,RUSP WIM,,,,
36,1712315097297,05/04/2024 11:04:57,1712318697297,1,05/04/2024 13:04:57,139619,19,task-eihb,,36767738,BLIND,10840777,,complete,,660fd63d6788a769472aa1a4,computer,Desktop or Laptop,Windows 10,Chrome 123.0.0.0,1920x1080,1920x919,,,0,1i-3 A Training,4,,,1i-3,,,Pass,,1i-3 A Training,1i-3 A Training,10,Training02,TrainingA,34efq7,1,response,FICH WUNG,5383.299999999988,16866.79999999999,16883.49999999994,5383.299999999988,16866.79999999999,16883.49999999994,1,5383.299999999988,11500.199999999953,0,,Single Text Entry,TextResponseA,4,object-97,1i-3,_,09,1i-3_09,3,Training02,32_QWC,ASK,.png,32_QWC_ASK.png,FICH,WUNG,32_QWC_FICH_WUNG.png,,FICH WUNG,13_QUIBBLER_ASK.png,13_QUIBBLER_DOTS.png,FICH WUNG,WOUX WAN,FICH WUNG,WOUX WAN,13_QUIBBLER_WOUX_WAN.png,,WOUX WAN,,,,
37,1712315103434,05/04/2024 11:05:03,1712318703434,1,05/04/2024 13:05:03,139619,19,task-eihb,,36767738,BLIND,10840777,,complete,,660fd63d6788a769472aa1a4,computer,Desktop or Laptop,Windows 10,Chrome 123.0.0.0,1920x1080,1920x919,,,0,1i-3 A Training,4,,,1i-3,,,Pass,,1i-3 A Training,1i-3 A Training,10,Training02,TrainingB,2yfdu9,2,response,,6153.299999856972,6150,6153.299999856972,6153.299999856972,6150,6153.299999856972,1,6153.299999856972,0,0,,Click Response,Option B,5,object-246,1i-3,_,09,1i-3_09,3,Training02,32_QWC,ASK,.png,32_QWC_ASK.png,FICH,WUNG,32_QWC_FICH_WUNG.png,,FICH WUNG,13_QUIBBLER_ASK.png,13_QUIBBLER_DOTS.png,FICH WUNG,WOUX WAN,FICH WUNG,WOUX WAN,13_QUIBBLER_WOUX_WAN.png,,WOUX WAN,,,,
38,1712315106481,05/04/2024 11:05:06,1712318706481,1,05/04/2024 13:05:06,139619,19,task-eihb,,36767738,BLIND,10840777,,complete,,660fd63d6788a769472aa1a4,computer,Desktop or Laptop,Windows 10,Chrome 123.0.0.0,1920x1080,1920x919,,,0,1i-3 A Training,4,,,1i-3,,,Pass,,1i-3 A Training,1i-3 A Training,10,Training02,TrainingC,1ouhhw,3,continue,,3050.999999904656,3050,3050.999999904656,3050.999999904656,3050,3050.999999904656,1,3050.999999904656,0,0,,Click To Continue,Continue Button,6,object-272,1i-3,_,09,1i-3_09,3,Training02,32_QWC,ASK,.png,32_QWC_ASK.png,FICH,WUNG,32_QWC_FICH_WUNG.png,,FICH WUNG,13_QUIBBLER_ASK.png,13_QUIBBLER_DOTS.png,FICH WUNG,WOUX WAN,FICH WUNG,WOUX WAN,13_QUIBBLER_WOUX_WAN.png,,WOUX WAN,,,,
39,1712315118193,05/04/2024 11:05:18,1712318718193,1,05/04/2024 13:05:18,139619,19,task-eihb,,36767738,BLIND,10840777,,complete,,660fd63d6788a769472aa1a4,computer,Desktop or Laptop,Windows 10,Chrome 123.0.0.0,1920x1080,1920x919,,,0,1i-3 A Training,4,,,1i-3,,,Pass,,1i-3 A Training,1i-3 A Training,11,Training02,TrainingA,34efq7,1,response,WOUX WAN,8400,11700.100000000035,11712.69999995234,8400,11700.100000000035,11712.69999995234,1,8400,3312.6999999523396,0,,Single Text Entry,TextResponseA,4,object-97,1i-3,_,12,1i-3_12,3,Training02,14_MUNGOS,ASK,.png,14_MUNGOS_ASK.png,WOUX,WAN,14_MUNGOS_WOUX_WAN.png,,WOUX WAN,33_ROR_ASK.png,33_ROR_DOTS.png,FICH WUNG,WOUX WAN,WOUX WAN,FICH WUNG,33_ROR_FICH_WUNG.png,FICH WUNG,,,,,
40,1712315121273,05/04/2024 11:05:21,1712318721273,1,05/04/2024 13:05:21,139619,19,task-eihb,,36767738,BLIND,10840777,,complete,,660fd63d6788a769472aa1a4,computer,Desktop or Laptop,Windows 10,Chrome 123.0.0.0,1920x1080,1920x919,,,0,1i-3 A Training,4,,,1i-3,,,Pass,,1i-3 A Training,1i-3 A Training,11,Training02,TrainingB,2yfdu9,2,response,,3093.199999856937,3083.2999999999884,3093.199999856937,3093.199999856937,3083.2999999999884,3093.199999856937,1,3093.199999856937,0,0,,Click Response,Option B,5,object-246,1i-3,_,12,1i-3_12,3,Training02,14_MUNGOS,ASK,.png,14_MUNGOS_ASK.png,WOUX,WAN,14_MUNGOS_WOUX_WAN.png,,WOUX WAN,33_ROR_ASK.png,33_ROR_DOTS.png,FICH WUNG,WOUX WAN,WOUX WAN,FICH WUNG,33_ROR_FICH_WUNG.png,FICH WUNG,,,,,
41,1712315126730,05/04/2024 11:05:26,1712318726730,1,05/04/2024 13:05:26,139619,19,task-eihb,,36767738,BLIND,10840777,,complete,,660fd63d6788a769472aa1a4,computer,Desktop or Laptop,Windows 10,Chrome 123.0.0.0,1920x1080,1920x919,,,0,1i-3 A Training,4,,,1i-3,,,Pass,,1i-3 A Training,1i-3 A Training,11,Training02,TrainingC,1ouhhw,3,continue,,5466.200000047684,5450,5466.200000047684,5466.200000047684,5450,5466.200000047684,1,5466.200000047684,0,0,,Click To Continue,Continue Button,6,object-272,1i-3,_,12,1i-3_12,3,Training02,14_MUNGOS,ASK,.png,14_MUNGOS_ASK.png,WOUX,WAN,14_MUNGOS_WOUX_WAN.png,,WOUX WAN,33_ROR_ASK.png,33_ROR_DOTS.png,FICH WUNG,WOUX WAN,WOUX WAN,FICH WUNG,33_ROR_FICH_WUNG.png,FICH WUNG,,,,,
42,1712315135617,05/04/2024 11:05:35,1712318735617,1,05/04/2024 13:05:35,139619,19,task-eihb,,36767738,BLIND,10840777,,complete,,660fd63d6788a769472aa1a4,computer,Desktop or Laptop,Windows 10,Chrome 123.0.0.0,1920x1080,1920x919,,,0,1i-3 A Training,4,,,1i-3,,,Pass,,1i-3 A Training,1i-3 A Training,12,Training02,TrainingA,34efq7,1,response,RUSP WIM,5433.400000000023,8900.099999999977,8903.299999952316,5433.400000000023,8900.099999999977,8903.299999952316,1,5433.400000000023,3469.899999952293,0,,Single Text Entry,TextResponseA,4,object-97,1i-3,_,11,1i-3_11,3,Training02,27_BESTSELLER,ASK,.png,27_BESTSELLER_ASK.png,RUSP,WIM,27_BESTSELLER_RUSP_WIM.png,,RUSP WIM,25_PROSECUTE_ASK.png,25_PROSECUTE_DOTS.png,ZETH WAN,RUSP WIM,RUSP WIM,ZETH WAN,25_PROSECUTE_ZETH_WAN.png,ZETH WAN,,,,,
43,1712315141689,05/04/2024 11:05:41,1712318741689,1,05/04/2024 13:05:41,139619,19,task-eihb,,36767738,BLIND,10840777,,complete,,660fd63d6788a769472aa1a4,computer,Desktop or Laptop,Windows 10,Chrome 123.0.0.0,1920x1080,1920x919,,,0,1i-3 A Training,4,,,1i-3,,,Pass,,1i-3 A Training,1i-3 A Training,12,Training02,TrainingB,2yfdu9,2,response,,6075.799999856972,6066.700000000012,6075.799999856972,6075.799999856972,6066.700000000012,6075.799999856972,1,6075.799999856972,0,0,,Click Response,Option B,5,object-246,1i-3,_,11,1i-3_11,3,Training02,27_BESTSELLER,ASK,.png,27_BESTSELLER_ASK.png,RUSP,WIM,27_BESTSELLER_RUSP_WIM.png,,RUSP WIM,25_PROSECUTE_ASK.png,25_PROSECUTE_DOTS.png,ZETH WAN,RUSP WIM,RUSP WIM,ZETH WAN,25_PROSECUTE_ZETH_WAN.png,ZETH WAN,,,,,
44,1712315144473,05/04/2024 11:05:44,1712318744473,1,05/04/2024 13:05:44,139619,19,task-eihb,,36767738,BLIND,10840777,,complete,,660fd63d6788a769472aa1a4,computer,Desktop or Laptop,Windows 10,Chrome 123.0.0.0,1920x1080,1920x919,,,0,1i-3 A Training,4,,,1i-3,,,Pass,,1i-3 A Training,1i-3 A Training,12,Training02,TrainingC,1ouhhw,3,continue,,2793.0999998569605,2783.2999999999884,2793.0999998569605,2793.0999998569605,2783.2999999999884,2793.0999998569605,1,2793.0999998569605,0,0,,Click To Continue,Continue Button,6,object-272,1i-3,_,11,1i-3_11,3,Training02,27_BESTSELLER,ASK,.png,27_BESTSELLER_ASK.png,RUSP,WIM,27_BESTSELLER_RUSP_WIM.png,,RUSP WIM,25_PROSECUTE_ASK.png,25_PROSECUTE_DOTS.png,ZETH WAN,RUSP WIM,RUSP WIM,ZETH WAN,25_PROSECUTE_ZETH_WAN.png,ZETH WAN,,,,,
45,1712315158569,05/04/2024 11:05:58,1712318758569,1,05/04/2024 13:05:58,139619,19,task-eihb,,36767738,BLIND,10840777,,complete,,660fd63d6788a769472aa1a4,computer,Desktop or Laptop,Windows 10,Chrome 123.0.0.0,1920x1080,1920x919,,,0,1i-3 A Training,4,,,1i-3,,,Pass,,1i-3 A Training,1i-3 A Training,13,Training02,TrainingA,34efq7,1,response,WOUX WAN,8166.700000000012,14100.100000000035,14105.19999995234,8166.700000000012,14100.100000000035,14105.19999995234,1,8166.700000000012,5938.499999952328,0,,Single Text Entry,TextResponseA,4,object-97,1i-3,_,16,1i-3_16,4,Training02,42_ENGLAND,ASK,.png,42_ENGLAND_ASK.png,WOUX,WAN,42_ENGLAND_WOUX_WAN.png,,WOUX WAN,41_PIXIE_ASK.png,41_PIXIE_DOTS.png,RUSP WIM,WOUX WAN,WOUX WAN,RUSP WIM,41_PIXIE_RUSP_WIM.png,RUSP WIM,,,,,
46,1712315170514,05/04/2024 11:06:10,1712318770514,1,05/04/2024 13:06:10,139619,19,task-eihb,,36767738,BLIND,10840777,,complete,,660fd63d6788a769472aa1a4,computer,Desktop or Laptop,Windows 10,Chrome 123.0.0.0,1920x1080,1920x919,,,0,1i-3 A Training,4,,,1i-3,,,Pass,,1i-3 A Training,1i-3 A Training,13,Training02,TrainingB,2yfdu9,2,response,,11949.699999856937,11933.299999999988,11949.699999856937,11949.699999856937,11933.299999999988,11949.699999856937,1,11949.699999856937,0,0,,Click Response,Option A,4,object-245,1i-3,_,16,1i-3_16,4,Training02,42_ENGLAND,ASK,.png,42_ENGLAND_ASK.png,WOUX,WAN,42_ENGLAND_WOUX_WAN.png,,WOUX WAN,41_PIXIE_ASK.png,41_PIXIE_DOTS.png,RUSP WIM,WOUX WAN,WOUX WAN,RUSP WIM,41_PIXIE_RUSP_WIM.png,RUSP WIM,,,,,
47,1712315171682,05/04/2024 11:06:11,1712318771682,1,05/04/2024 13:06:11,139619,19,task-eihb,,36767738,BLIND,10840777,,complete,,660fd63d6788a769472aa1a4,computer,Desktop or Laptop,Windows 10,Chrome 123.0.0.0,1920x1080,1920x919,,,0,1i-3 A Training,4,,,1i-3,,,Pass,,1i-3 A Training,1i-3 A Training,13,Training02,TrainingC,1ouhhw,3,continue,,1184.2999999523163,1183.4000000000233,1184.2999999523163,1184.2999999523163,1183.4000000000233,1184.2999999523163,1,1184.2999999523163,0,0,,Click To Continue,Continue Button,6,object-272,1i-3,_,16,1i-3_16,4,Training02,42_ENGLAND,ASK,.png,42_ENGLAND_ASK.png,WOUX,WAN,42_ENGLAND_WOUX_WAN.png,,WOUX WAN,41_PIXIE_ASK.png,41_PIXIE_DOTS.png,RUSP WIM,WOUX WAN,WOUX WAN,RUSP WIM,41_PIXIE_RUSP_WIM.png,RUSP WIM,,,,,
48,1712315182057,05/04/2024 11:06:22,1712318782057,1,05/04/2024 13:06:22,139619,19,task-eihb,,36767738,BLIND,10840777,,complete,,660fd63d6788a769472aa1a4,computer,Desktop or Laptop,Windows 10,Chrome 123.0.0.0,1920x1080,1920x919,,,0,1i-3 A Training,4,,,1i-3,,,Pass,,1i-3 A Training,1i-3 A Training,14,Training02,TrainingA,34efq7,1,response,FUCH WUNG,5283.299999999988,10366.799999999988,10376.599999999977,5283.299999999988,10366.799999999988,10376.599999999977,0,5283.299999999988,5093.299999999988,0,,Single Text Entry,TextResponseA,4,object-97,1i-3,_,13,1i-3_13,4,Training02,11_RONWAND,ASK,.png,11_RONWAND_ASK.png,FICH,WUNG,11_RONWAND_FICH_WUNG.png,,FICH WUNG,06_MOM_ASK.png,06_MOM_DOTS.png,ZETH WAN,FICH WUNG,FICH WUNG,ZETH WAN,06_MOM_ZETH_WAN.png,ZETH WAN,,,,,
49,1712315187993,05/04/2024 11:06:27,1712318787993,1,05/04/2024 13:06:27,139619,19,task-eihb,,36767738,BLIND,10840777,,complete,,660fd63d6788a769472aa1a4,computer,Desktop or Laptop,Windows 10,Chrome 123.0.0.0,1920x1080,1920x919,,,0,1i-3 A Training,4,,,1i-3,,,Pass,,1i-3 A Training,1i-3 A Training,14,Training02,TrainingA,34efq7,1,response,FICH WUNG,14650,16300.099999999977,16312.499999856926,14650,16300.099999999977,16312.499999856926,1,14650,1662.4999998569256,0,,Single Text Entry,TextResponseA,4,object-97,1i-3,_,13,1i-3_13,4,Training02,11_RONWAND,ASK,.png,11_RONWAND_ASK.png,FICH,WUNG,11_RONWAND_FICH_WUNG.png,,FICH WUNG,06_MOM_ASK.png,06_MOM_DOTS.png,ZETH WAN,FICH WUNG,FICH WUNG,ZETH WAN,06_MOM_ZETH_WAN.png,ZETH WAN,,,,,
50,1712315191473,05/04/2024 11:06:31,1712318791473,1,05/04/2024 13:06:31,139619,19,task-eihb,,36767738,BLIND,10840777,,complete,,660fd63d6788a769472aa1a4,computer,Desktop or Laptop,Windows 10,Chrome 123.0.0.0,1920x1080,1920x919,,,0,1i-3 A Training,4,,,1i-3,,,Pass,,1i-3 A Training,1i-3 A Training,14,Training02,TrainingB,2yfdu9,2,response,,3492.5999999046326,3483.2999999999884,3492.5999999046326,3492.5999999046326,3483.2999999999884,3492.5999999046326,1,3492.5999999046326,0,0,,Click Response,Option A,4,object-245,1i-3,_,13,1i-3_13,4,Training02,11_RONWAND,ASK,.png,11_RONWAND_ASK.png,FICH,WUNG,11_RONWAND_FICH_WUNG.png,,FICH WUNG,06_MOM_ASK.png,06_MOM_DOTS.png,ZETH WAN,FICH WUNG,FICH WUNG,ZETH WAN,06_MOM_ZETH_WAN.png,ZETH WAN,,,,,
51,1712315192722,05/04/2024 11:06:32,1712318792722,1,05/04/2024 13:06:32,139619,19,task-eihb,,36767738,BLIND,10840777,,complete,,660fd63d6788a769472aa1a4,computer,Desktop or Laptop,Windows 10,Chrome 123.0.0.0,1920x1080,1920x919,,,0,1i-3 A Training,4,,,1i-3,,,Pass,,1i-3 A Training,1i-3 A Training,14,Training02,TrainingC,1ouhhw,3,continue,,1257.499999952328,1250,1257.499999952328,1257.499999952328,1250,1257.499999952328,1,1257.499999952328,0,0,,Click To Continue,Continue Button,6,object-272,1i-3,_,13,1i-3_13,4,Training02,11_RONWAND,ASK,.png,11_RONWAND_ASK.png,FICH,WUNG,11_RONWAND_FICH_WUNG.png,,FICH WUNG,06_MOM_ASK.png,06_MOM_DOTS.png,ZETH WAN,FICH WUNG,FICH WUNG,ZETH WAN,06_MOM_ZETH_WAN.png,ZETH WAN,,,,,
52,1712315204017,05/04/2024 11:06:44,1712318804017,1,05/04/2024 13:06:44,139619,19,task-eihb,,36767738,BLIND,10840777,,complete,,660fd63d6788a769472aa1a4,computer,Desktop or Laptop,Windows 10,Chrome 123.0.0.0,1920x1080,1920x919,,,0,1i-3 A Training,4,,,1i-3,,,Pass,,1i-3 A Training,1i-3 A Training,15,Training02,TrainingA,34efq7,1,response,ZETH WAN,7183.400000000023,11300.100000000035,11303.200000000012,7183.400000000023,11300.100000000035,11303.200000000012,1,7183.400000000023,4119.799999999988,0,,Single Text Entry,TextResponseA,4,object-97,1i-3,_,14,1i-3_14,4,Training02,33_ROR,ASK,.png,33_ROR_ASK.png,ZETH,WAN,33_ROR_ZETH_WAN.png,,ZETH WAN,19_BURYVOLDY_ASK.png,19_BURYVOLDY_DOTS.png,ZETH WAN,WOUX WAN,ZETH WAN,WOUX WAN,19_BURYVOLDY_WOUX_WAN.png,,WOUX WAN,,,,
53,1712315205618,05/04/2024 11:06:45,1712318805618,1,05/04/2024 13:06:45,139619,19,task-eihb,,36767738,BLIND,10840777,,complete,,660fd63d6788a769472aa1a4,computer,Desktop or Laptop,Windows 10,Chrome 123.0.0.0,1920x1080,1920x919,,,0,1i-3 A Training,4,,,1i-3,,,Pass,,1i-3 A Training,1i-3 A Training,15,Training02,TrainingB,2yfdu9,2,response,,1603.399999952293,1600,1603.399999952293,1603.399999952293,1600,1603.399999952293,1,1603.399999952293,0,0,,Click Response,Option B,5,object-246,1i-3,_,14,1i-3_14,4,Training02,33_ROR,ASK,.png,33_ROR_ASK.png,ZETH,WAN,33_ROR_ZETH_WAN.png,,ZETH WAN,19_BURYVOLDY_ASK.png,19_BURYVOLDY_DOTS.png,ZETH WAN,WOUX WAN,ZETH WAN,WOUX WAN,19_BURYVOLDY_WOUX_WAN.png,,WOUX WAN,,,,
54,1712315206914,05/04/2024 11:06:46,1712318806914,1,05/04/2024 13:06:46,139619,19,task-eihb,,36767738,BLIND,10840777,,complete,,660fd63d6788a769472aa1a4,computer,Desktop or Laptop,Windows 10,Chrome 123.0.0.0,1920x1080,1920x919,,,0,1i-3 A Training,4,,,1i-3,,,Pass,,1i-3 A Training,1i-3 A Training,15,Training02,TrainingC,1ouhhw,3,continue,,1299.3000000476604,1283.2999999999884,1299.3000000476604,1299.3000000476604,1283.2999999999884,1299.3000000476604,1,1299.3000000476604,0,0,,Click To Continue,Continue Button,6,object-272,1i-3,_,14,1i-3_14,4,Training02,33_ROR,ASK,.png,33_ROR_ASK.png,ZETH,WAN,33_ROR_ZETH_WAN.png,,ZETH WAN,19_BURYVOLDY_ASK.png,19_BURYVOLDY_DOTS.png,ZETH WAN,WOUX WAN,ZETH WAN,WOUX WAN,19_BURYVOLDY_WOUX_WAN.png,,WOUX WAN,,,,
55,1712315214761,05/04/2024 11:06:54,1712318814761,1,05/04/2024 13:06:54,139619,19,task-eihb,,36767738,BLIND,10840777,,complete,,660fd63d6788a769472aa1a4,computer,Desktop or Laptop,Windows 10,Chrome 123.0.0.0,1920x1080,1920x919,,,0,1i-3 A Training,4,,,1i-3,,,Pass,,1i-3 A Training,1i-3 A Training,16,Training02,TrainingA,34efq7,1,response,RUSP WIM,4483.399999999965,7850.200000000012,7863.699999856937,4483.399999999965,7850.200000000012,7863.699999856937,1,4483.399999999965,3380.299999856972,0,,Single Text Entry,TextResponseA,4,object-97,1i-3,_,15,1i-3_15,4,Training02,06_MOM,ASK,.png,06_MOM_ASK.png,RUSP,WIM,06_MOM_RUSP_WIM.png,,RUSP WIM,26_ERISED_ASK.png,26_ERISED_DOTS.png,RUSP WIM,FICH WUNG,RUSP WIM,FICH WUNG,26_ERISED_FICH_WUNG.png,,FICH WUNG,,,,
56,1712315216202,05/04/2024 11:06:56,1712318816202,1,05/04/2024 13:06:56,139619,19,task-eihb,,36767738,BLIND,10840777,,complete,,660fd63d6788a769472aa1a4,computer,Desktop or Laptop,Windows 10,Chrome 123.0.0.0,1920x1080,1920x919,,,0,1i-3 A Training,4,,,1i-3,,,Pass,,1i-3 A Training,1i-3 A Training,16,Training02,TrainingB,2yfdu9,2,response,,1453.899999952293,1449.899999999965,1453.899999952293,1453.899999952293,1449.899999999965,1453.899999952293,1,1453.899999952293,0,0,,Click Response,Option B,5,object-246,1i-3,_,15,1i-3_15,4,Training02,06_MOM,ASK,.png,06_MOM_ASK.png,RUSP,WIM,06_MOM_RUSP_WIM.png,,RUSP WIM,26_ERISED_ASK.png,26_ERISED_DOTS.png,RUSP WIM,FICH WUNG,RUSP WIM,FICH WUNG,26_ERISED_FICH_WUNG.png,,FICH WUNG,,,,
57,1712315217738,05/04/2024 11:06:57,1712318817738,1,05/04/2024 13:06:57,139619,19,task-eihb,,36767738,BLIND,10840777,,complete,,660fd63d6788a769472aa1a4,computer,Desktop or Laptop,Windows 10,Chrome 123.0.0.0,1920x1080,1920x919,,,0,1i-3 A Training,4,,,1i-3,,,Pass,,1i-3 A Training,1i-3 A Training,16,Training02,TrainingC,1ouhhw,3,continue,,1539.9000000476954,1533.2999999999884,1539.9000000476954,1539.9000000476954,1533.2999999999884,1539.9000000476954,1,1539.9000000476954,0,0,,Click To Continue,Continue Button,6,object-272,1i-3,_,15,1i-3_15,4,Training02,06_MOM,ASK,.png,06_MOM_ASK.png,RUSP,WIM,06_MOM_RUSP_WIM.png,,RUSP WIM,26_ERISED_ASK.png,26_ERISED_DOTS.png,RUSP WIM,FICH WUNG,RUSP WIM,FICH WUNG,26_ERISED_FICH_WUNG.png,,FICH WUNG,,,,
58,1712315225457,05/04/2024 11:07:05,1712318825457,1,05/04/2024 13:07:05,139619,19,task-eihb,,36767738,BLIND,10840777,,complete,,660fd63d6788a769472aa1a4,computer,Desktop or Laptop,Windows 10,Chrome 123.0.0.0,1920x1080,1920x919,,,0,1i-3 A Training,4,,,1i-3,,,Pass,,1i-3 A Training,1i-3 A Training,17,Training02,TrainingA,34efq7,1,response,RUSP WIM,3566.7000000000116,7716.700000000012,7726.299999856972,3566.7000000000116,7716.700000000012,7726.299999856972,1,3566.7000000000116,4159.5999998569605,0,,Single Text Entry,TextResponseA,4,object-97,1i-3,_,19,1i-3_19,5,Training02,41_PIXIE,ASK,.png,41_PIXIE_ASK.png,RUSP,WIM,41_PIXIE_RUSP_WIM.png,,RUSP WIM,35_PROPHET_ASK.png,35_PROPHET_DOTS.png,WOUX WAN,RUSP WIM,RUSP WIM,WOUX WAN,35_PROPHET_WOUX_WAN.png,WOUX WAN,,,,,
59,1712315228506,05/04/2024 11:07:08,1712318828506,1,05/04/2024 13:07:08,139619,19,task-eihb,,36767738,BLIND,10840777,,complete,,660fd63d6788a769472aa1a4,computer,Desktop or Laptop,Windows 10,Chrome 123.0.0.0,1920x1080,1920x919,,,0,1i-3 A Training,4,,,1i-3,,,Pass,,1i-3 A Training,1i-3 A Training,17,Training02,TrainingB,2yfdu9,2,response,,3058.0999998569605,3050.100000000035,3058.0999998569605,3058.0999998569605,3050.100000000035,3058.0999998569605,1,3058.0999998569605,0,0,,Click Response,Option A,4,object-245,1i-3,_,19,1i-3_19,5,Training02,41_PIXIE,ASK,.png,41_PIXIE_ASK.png,RUSP,WIM,41_PIXIE_RUSP_WIM.png,,RUSP WIM,35_PROPHET_ASK.png,35_PROPHET_DOTS.png,WOUX WAN,RUSP WIM,RUSP WIM,WOUX WAN,35_PROPHET_WOUX_WAN.png,WOUX WAN,,,,,
60,1712315229921,05/04/2024 11:07:09,1712318829921,1,05/04/2024 13:07:09,139619,19,task-eihb,,36767738,BLIND,10840777,,complete,,660fd63d6788a769472aa1a4,computer,Desktop or Laptop,Windows 10,Chrome 123.0.0.0,1920x1080,1920x919,,,0,1i-3 A Training,4,,,1i-3,,,Pass,,1i-3 A Training,1i-3 A Training,17,Training02,TrainingC,1ouhhw,3,continue,,1423.899999952293,1416.5999999999767,1423.899999952293,1423.899999952293,1416.5999999999767,1423.899999952293,1,1423.899999952293,0,0,,Click To Continue,Continue Button,6,object-272,1i-3,_,19,1i-3_19,5,Training02,41_PIXIE,ASK,.png,41_PIXIE_ASK.png,RUSP,WIM,41_PIXIE_RUSP_WIM.png,,RUSP WIM,35_PROPHET_ASK.png,35_PROPHET_DOTS.png,WOUX WAN,RUSP WIM,RUSP WIM,WOUX WAN,35_PROPHET_WOUX_WAN.png,WOUX WAN,,,,,
61,1712315236521,05/04/2024 11:07:16,1712318836521,1,05/04/2024 13:07:16,139619,19,task-eihb,,36767738,BLIND,10840777,,complete,,660fd63d6788a769472aa1a4,computer,Desktop or Laptop,Windows 10,Chrome 123.0.0.0,1920x1080,1920x919,,,0,1i-3 A Training,4,,,1i-3,,,Pass,,1i-3 A Training,1i-3 A Training,18,Training02,TrainingA,34efq7,1,response,WOUX WAN,2966.7999999999884,6600.099999999977,6606.899999856949,2966.7999999999884,6600.099999999977,6606.899999856949,1,2966.7999999999884,3640.0999998569605,0,,Single Text Entry,TextResponseA,4,object-97,1i-3,_,20,1i-3_20,5,Training02,21_TEACHHOG,ASK,.png,21_TEACHHOG_ASK.png,WOUX,WAN,21_TEACHHOG_WOUX_WAN.png,,WOUX WAN,42_ENGLAND_ASK.png,42_ENGLAND_DOTS.png,WOUX WAN,ZETH WAN,WOUX WAN,ZETH WAN,42_ENGLAND_ZETH_WAN.png,,ZETH WAN,,,,
62,1712315238665,05/04/2024 11:07:18,1712318838665,1,05/04/2024 13:07:18,139619,19,task-eihb,,36767738,BLIND,10840777,,complete,,660fd63d6788a769472aa1a4,computer,Desktop or Laptop,Windows 10,Chrome 123.0.0.0,1920x1080,1920x919,,,0,1i-3 A Training,4,,,1i-3,,,Pass,,1i-3 A Training,1i-3 A Training,18,Training02,TrainingB,2yfdu9,2,response,,2151.299999856972,2150,2151.299999856972,2151.299999856972,2150,2151.299999856972,1,2151.299999856972,0,0,,Click Response,Option B,5,object-246,1i-3,_,20,1i-3_20,5,Training02,21_TEACHHOG,ASK,.png,21_TEACHHOG_ASK.png,WOUX,WAN,21_TEACHHOG_WOUX_WAN.png,,WOUX WAN,42_ENGLAND_ASK.png,42_ENGLAND_DOTS.png,WOUX WAN,ZETH WAN,WOUX WAN,ZETH WAN,42_ENGLAND_ZETH_WAN.png,,ZETH WAN,,,,
63,1712315240041,05/04/2024 11:07:20,1712318840041,1,05/04/2024 13:07:20,139619,19,task-eihb,,36767738,BLIND,10840777,,complete,,660fd63d6788a769472aa1a4,computer,Desktop or Laptop,Windows 10,Chrome 123.0.0.0,1920x1080,1920x919,,,0,1i-3 A Training,4,,,1i-3,,,Pass,,1i-3 A Training,1i-3 A Training,18,Training02,TrainingC,1ouhhw,3,continue,,1377.2999998569721,1366.7000000000116,1377.2999998569721,1377.2999998569721,1366.7000000000116,1377.2999998569721,1,1377.2999998569721,0,0,,Click To Continue,Continue Button,6,object-272,1i-3,_,20,1i-3_20,5,Training02,21_TEACHHOG,ASK,.png,21_TEACHHOG_ASK.png,WOUX,WAN,21_TEACHHOG_WOUX_WAN.png,,WOUX WAN,42_ENGLAND_ASK.png,42_ENGLAND_DOTS.png,WOUX WAN,ZETH WAN,WOUX WAN,ZETH WAN,42_ENGLAND_ZETH_WAN.png,,ZETH WAN,,,,
64,1712315246177,05/04/2024 11:07:26,1712318846177,1,05/04/2024 13:07:26,139619,19,task-eihb,,36767738,BLIND,10840777,,complete,,660fd63d6788a769472aa1a4,computer,Desktop or Laptop,Windows 10,Chrome 123.0.0.0,1920x1080,1920x919,,,0,1i-3 A Training,4,,,1i-3,,,Pass,,1i-3 A Training,1i-3 A Training,19,Training02,TrainingA,34efq7,1,response,ZETH WAN,2233.2999999999884,6133.299999999988,6146.299999904644,2233.2999999999884,6133.299999999988,6146.299999904644,1,2233.2999999999884,3912.999999904656,0,,Single Text Entry,TextResponseA,4,object-97,1i-3,_,18,1i-3_18,5,Training02,05_AUROR,ASK,.png,05_AUROR_ASK.png,ZETH,WAN,05_AUROR_ZETH_WAN.png,,ZETH WAN,11_RONWAND_ASK.png,11_RONWAND_DOTS.png,ZETH WAN,FICH WUNG,ZETH WAN,FICH WUNG,11_RONWAND_FICH_WUNG.png,,FICH WUNG,,,,
65,1712315247681,05/04/2024 11:07:27,1712318847681,1,05/04/2024 13:07:27,139619,19,task-eihb,,36767738,BLIND,10840777,,complete,,660fd63d6788a769472aa1a4,computer,Desktop or Laptop,Windows 10,Chrome 123.0.0.0,1920x1080,1920x919,,,0,1i-3 A Training,4,,,1i-3,,,Pass,,1i-3 A Training,1i-3 A Training,19,Training02,TrainingB,2yfdu9,2,response,,1517.4999999046559,1516.7000000000116,1517.4999999046559,1517.4999999046559,1516.7000000000116,1517.4999999046559,1,1517.4999999046559,0,0,,Click Response,Option B,5,object-246,1i-3,_,18,1i-3_18,5,Training02,05_AUROR,ASK,.png,05_AUROR_ASK.png,ZETH,WAN,05_AUROR_ZETH_WAN.png,,ZETH WAN,11_RONWAND_ASK.png,11_RONWAND_DOTS.png,ZETH WAN,FICH WUNG,ZETH WAN,FICH WUNG,11_RONWAND_FICH_WUNG.png,,FICH WUNG,,,,
66,1712315248817,05/04/2024 11:07:28,1712318848817,1,05/04/2024 13:07:28,139619,19,task-eihb,,36767738,BLIND,10840777,,complete,,660fd63d6788a769472aa1a4,computer,Desktop or Laptop,Windows 10,Chrome 123.0.0.0,1920x1080,1920x919,,,0,1i-3 A Training,4,,,1i-3,,,Pass,,1i-3 A Training,1i-3 A Training,19,Training02,TrainingC,1ouhhw,3,continue,,1136.4000000476954,1133.2999999999884,1136.4000000476954,1136.4000000476954,1133.2999999999884,1136.4000000476954,1,1136.4000000476954,0,0,,Click To Continue,Continue Button,6,object-272,1i-3,_,18,1i-3_18,5,Training02,05_AUROR,ASK,.png,05_AUROR_ASK.png,ZETH,WAN,05_AUROR_ZETH_WAN.png,,ZETH WAN,11_RONWAND_ASK.png,11_RONWAND_DOTS.png,ZETH WAN,FICH WUNG,ZETH WAN,FICH WUNG,11_RONWAND_FICH_WUNG.png,,FICH WUNG,,,,
67,1712315256329,05/04/2024 11:07:36,1712318856329,1,05/04/2024 13:07:36,139619,19,task-eihb,,36767738,BLIND,10840777,,complete,,660fd63d6788a769472aa1a4,computer,Desktop or Laptop,Windows 10,Chrome 123.0.0.0,1920x1080,1920x919,,,0,1i-3 A Training,4,,,1i-3,,,Pass,,1i-3 A Training,1i-3 A Training,20,Training02,TrainingA,34efq7,1,response,FICH WUNG,2083.4000000000233,7500.100000000035,7514.900000000023,2083.4000000000233,7500.100000000035,7514.900000000023,1,2083.4000000000233,5431.5,0,,Single Text Entry,TextResponseA,4,object-97,1i-3,_,17,1i-3_17,5,Training02,25_PROSECUTE,ASK,.png,25_PROSECUTE_ASK.png,FICH,WUNG,25_PROSECUTE_FICH_WUNG.png,,FICH WUNG,04_WHEEZES_ASK.png,04_WHEEZES_DOTS.png,RUSP WIM,FICH WUNG,FICH WUNG,RUSP WIM,04_WHEEZES_RUSP_WIM.png,RUSP WIM,,,,,
68,1712315257585,05/04/2024 11:07:37,1712318857585,1,05/04/2024 13:07:37,139619,19,task-eihb,,36767738,BLIND,10840777,,complete,,660fd63d6788a769472aa1a4,computer,Desktop or Laptop,Windows 10,Chrome 123.0.0.0,1920x1080,1920x919,,,0,1i-3 A Training,4,,,1i-3,,,Pass,,1i-3 A Training,1i-3 A Training,20,Training02,TrainingB,2yfdu9,2,response,,1271.1999998569372,1266.7000000000116,1271.1999998569372,1271.1999998569372,1266.7000000000116,1271.1999998569372,1,1271.1999998569372,0,0,,Click Response,Option A,4,object-245,1i-3,_,17,1i-3_17,5,Training02,25_PROSECUTE,ASK,.png,25_PROSECUTE_ASK.png,FICH,WUNG,25_PROSECUTE_FICH_WUNG.png,,FICH WUNG,04_WHEEZES_ASK.png,04_WHEEZES_DOTS.png,RUSP WIM,FICH WUNG,FICH WUNG,RUSP WIM,04_WHEEZES_RUSP_WIM.png,RUSP WIM,,,,,
69,1712315258505,05/04/2024 11:07:38,1712318858505,1,05/04/2024 13:07:38,139619,19,task-eihb,,36767738,BLIND,10840777,,complete,,660fd63d6788a769472aa1a4,computer,Desktop or Laptop,Windows 10,Chrome 123.0.0.0,1920x1080,1920x919,,,0,1i-3 A Training,4,,,1i-3,,,Pass,,1i-3 A Training,1i-3 A Training,20,Training02,TrainingC,1ouhhw,3,continue,,924.8000000476604,916.5999999999767,924.8000000476604,924.8000000476604,916.5999999999767,924.8000000476604,1,924.8000000476604,0,0,,Click To Continue,Continue Button,6,object-272,1i-3,_,17,1i-3_17,5,Training02,25_PROSECUTE,ASK,.png,25_PROSECUTE_ASK.png,FICH,WUNG,25_PROSECUTE_FICH_WUNG.png,,FICH WUNG,04_WHEEZES_ASK.png,04_WHEEZES_DOTS.png,RUSP WIM,FICH WUNG,FICH WUNG,RUSP WIM,04_WHEEZES_RUSP_WIM.png,RUSP WIM,,,,,
70,1712315263609,05/04/2024 11:07:43,1712318863609,1,05/04/2024 13:07:43,139619,19,task-eihb,,36767738,BLIND,10840777,,complete,,660fd63d6788a769472aa1a4,computer,Desktop or Laptop,Windows 10,Chrome 123.0.0.0,1920x1080,1920x919,,,0,1i-3 A Training,4,,,1i-3,,,Pass,,1i-3 A Training,1i-3 A Training,21,Training02,TrainingA,34efq7,1,response,WOUX WAN,1916.7000000000116,5100,5111.399999856949,1916.7000000000116,5100,5111.399999856949,1,1916.7000000000116,3194.699999856937,0,,Single Text Entry,TextResponseA,4,object-97,1i-3,_,24,1i-3_24,6,Training02,07_AZKABAN,ASK,.png,07_AZKABAN_ASK.png,WOUX,WAN,07_AZKABAN_WOUX_WAN.png,,WOUX WAN,32_QWC_ASK.png,32_QWC_DOTS.png,WOUX WAN,FICH WUNG,WOUX WAN,FICH WUNG,32_QWC_FICH_WUNG.png,,FICH WUNG,,,,
71,1712315265777,05/04/2024 11:07:45,1712318865777,1,05/04/2024 13:07:45,139619,19,task-eihb,,36767738,BLIND,10840777,,complete,,660fd63d6788a769472aa1a4,computer,Desktop or Laptop,Windows 10,Chrome 123.0.0.0,1920x1080,1920x919,,,0,1i-3 A Training,4,,,1i-3,,,Pass,,1i-3 A Training,1i-3 A Training,21,Training02,TrainingB,2yfdu9,2,response,,2179.7999999523163,2166.7000000000116,2179.7999999523163,2179.7999999523163,2166.7000000000116,2179.7999999523163,1,2179.7999999523163,0,0,,Click Response,Option B,5,object-246,1i-3,_,24,1i-3_24,6,Training02,07_AZKABAN,ASK,.png,07_AZKABAN_ASK.png,WOUX,WAN,07_AZKABAN_WOUX_WAN.png,,WOUX WAN,32_QWC_ASK.png,32_QWC_DOTS.png,WOUX WAN,FICH WUNG,WOUX WAN,FICH WUNG,32_QWC_FICH_WUNG.png,,FICH WUNG,,,,
72,1712315267001,05/04/2024 11:07:47,1712318867001,1,05/04/2024 13:07:47,139619,19,task-eihb,,36767738,BLIND,10840777,,complete,,660fd63d6788a769472aa1a4,computer,Desktop or Laptop,Windows 10,Chrome 123.0.0.0,1920x1080,1920x919,,,0,1i-3 A Training,4,,,1i-3,,,Pass,,1i-3 A Training,1i-3 A Training,21,Training02,TrainingC,1ouhhw,3,continue,,1237.0999999523046,1233.399999999965,1237.0999999523046,1237.0999999523046,1233.399999999965,1237.0999999523046,1,1237.0999999523046,0,0,,Click To Continue,Continue Button,6,object-272,1i-3,_,24,1i-3_24,6,Training02,07_AZKABAN,ASK,.png,07_AZKABAN_ASK.png,WOUX,WAN,07_AZKABAN_WOUX_WAN.png,,WOUX WAN,32_QWC_ASK.png,32_QWC_DOTS.png,WOUX WAN,FICH WUNG,WOUX WAN,FICH WUNG,32_QWC_FICH_WUNG.png,,FICH WUNG,,,,
73,1712315272513,05/04/2024 11:07:52,1712318872513,1,05/04/2024 13:07:52,139619,19,task-eihb,,36767738,BLIND,10840777,,complete,,660fd63d6788a769472aa1a4,computer,Desktop or Laptop,Windows 10,Chrome 123.0.0.0,1920x1080,1920x919,,,0,1i-3 A Training,4,,,1i-3,,,Pass,,1i-3 A Training,1i-3 A Training,22,Training02,TrainingA,34efq7,1,response,FICH WUNG,2050,5500,5515.400000000023,2050,5500,5515.400000000023,1,2050,3465.4000000000233,0,,Single Text Entry,TextResponseA,4,object-97,1i-3,_,21,1i-3_21,6,Training02,39_STOPHAGRID,ASK,.png,39_STOPHAGRID_ASK.png,FICH,WUNG,39_STOPHAGRID_FICH_WUNG.png,,FICH WUNG,14_MUNGOS_ASK.png,14_MUNGOS_DOTS.png,WOUX WAN,FICH WUNG,FICH WUNG,WOUX WAN,14_MUNGOS_WOUX_WAN.png,WOUX WAN,,,,,
74,1712315274569,05/04/2024 11:07:54,1712318874569,1,05/04/2024 13:07:54,139619,19,task-eihb,,36767738,BLIND,10840777,,complete,,660fd63d6788a769472aa1a4,computer,Desktop or Laptop,Windows 10,Chrome 123.0.0.0,1920x1080,1920x919,,,0,1i-3 A Training,4,,,1i-3,,,Pass,,1i-3 A Training,1i-3 A Training,22,Training02,TrainingB,2yfdu9,2,response,,2071.6999999523396,2066.7000000000116,2071.6999999523396,2071.6999999523396,2066.7000000000116,2071.6999999523396,1,2071.6999999523396,0,0,,Click Response,Option A,4,object-245,1i-3,_,21,1i-3_21,6,Training02,39_STOPHAGRID,ASK,.png,39_STOPHAGRID_ASK.png,FICH,WUNG,39_STOPHAGRID_FICH_WUNG.png,,FICH WUNG,14_MUNGOS_ASK.png,14_MUNGOS_DOTS.png,WOUX WAN,FICH WUNG,FICH WUNG,WOUX WAN,14_MUNGOS_WOUX_WAN.png,WOUX WAN,,,,,
75,1712315275833,05/04/2024 11:07:55,1712318875833,1,05/04/2024 13:07:55,139619,19,task-eihb,,36767738,BLIND,10840777,,complete,,660fd63d6788a769472aa1a4,computer,Desktop or Laptop,Windows 10,Chrome 123.0.0.0,1920x1080,1920x919,,,0,1i-3 A Training,4,,,1i-3,,,Pass,,1i-3 A Training,1i-3 A Training,22,Training02,TrainingC,1ouhhw,3,continue,,1268.999999952328,1266.7000000000116,1268.999999952328,1268.999999952328,1266.7000000000116,1268.999999952328,1,1268.999999952328,0,0,,Click To Continue,Continue Button,6,object-272,1i-3,_,21,1i-3_21,6,Training02,39_STOPHAGRID,ASK,.png,39_STOPHAGRID_ASK.png,FICH,WUNG,39_STOPHAGRID_FICH_WUNG.png,,FICH WUNG,14_MUNGOS_ASK.png,14_MUNGOS_DOTS.png,WOUX WAN,FICH WUNG,FICH WUNG,WOUX WAN,14_MUNGOS_WOUX_WAN.png,WOUX WAN,,,,,
76,1712315281961,05/04/2024 11:08:01,1712318881961,1,05/04/2024 13:08:01,139619,19,task-eihb,,36767738,BLIND,10840777,,complete,,660fd63d6788a769472aa1a4,computer,Desktop or Laptop,Windows 10,Chrome 123.0.0.0,1920x1080,1920x919,,,0,1i-3 A Training,4,,,1i-3,,,Pass,,1i-3 A Training,1i-3 A Training,23,Training02,TrainingA,34efq7,1,response,RUSP WIM,2266.5999999999767,6116.700000000012,6129.899999856949,2266.5999999999767,6116.700000000012,6129.899999856949,1,2266.5999999999767,3863.299999856972,0,,Single Text Entry,TextResponseA,4,object-97,1i-3,_,23,1i-3_23,6,Training02,20_PULLSWORD,ASK,.png,20_PULLSWORD_ASK.png,RUSP,WIM,20_PULLSWORD_RUSP_WIM.png,,RUSP WIM,28_GALLEONS_ASK.png,28_GALLEONS_DOTS.png,RUSP WIM,ZETH WAN,RUSP WIM,ZETH WAN,28_GALLEONS_ZETH_WAN.png,,ZETH WAN,,,,
77,1712315283289,05/04/2024 11:08:03,1712318883289,1,05/04/2024 13:08:03,139619,19,task-eihb,,36767738,BLIND,10840777,,complete,,660fd63d6788a769472aa1a4,computer,Desktop or Laptop,Windows 10,Chrome 123.0.0.0,1920x1080,1920x919,,,0,1i-3 A Training,4,,,1i-3,,,Pass,,1i-3 A Training,1i-3 A Training,23,Training02,TrainingB,2yfdu9,2,response,,1341.500000047672,1333.2999999999884,1341.500000047672,1341.500000047672,1333.2999999999884,1341.500000047672,1,1341.500000047672,0,0,,Click Response,Option B,5,object-246,1i-3,_,23,1i-3_23,6,Training02,20_PULLSWORD,ASK,.png,20_PULLSWORD_ASK.png,RUSP,WIM,20_PULLSWORD_RUSP_WIM.png,,RUSP WIM,28_GALLEONS_ASK.png,28_GALLEONS_DOTS.png,RUSP WIM,ZETH WAN,RUSP WIM,ZETH WAN,28_GALLEONS_ZETH_WAN.png,,ZETH WAN,,,,
78,1712315285169,05/04/2024 11:08:05,1712318885169,1,05/04/2024 13:08:05,139619,19,task-eihb,,36767738,BLIND,10840777,,complete,,660fd63d6788a769472aa1a4,computer,Desktop or Laptop,Windows 10,Chrome 123.0.0.0,1920x1080,1920x919,,,0,1i-3 A Training,4,,,1i-3,,,Pass,,1i-3 A Training,1i-3 A Training,23,Training02,TrainingC,1ouhhw,3,continue,,1888.3999998569489,1883.2999999999884,1888.3999998569489,1888.3999998569489,1883.2999999999884,1888.3999998569489,1,1888.3999998569489,0,0,,Click To Continue,Continue Button,6,object-272,1i-3,_,23,1i-3_23,6,Training02,20_PULLSWORD,ASK,.png,20_PULLSWORD_ASK.png,RUSP,WIM,20_PULLSWORD_RUSP_WIM.png,,RUSP WIM,28_GALLEONS_ASK.png,28_GALLEONS_DOTS.png,RUSP WIM,ZETH WAN,RUSP WIM,ZETH WAN,28_GALLEONS_ZETH_WAN.png,,ZETH WAN,,,,
79,1712315290753,05/04/2024 11:08:10,1712318890753,1,05/04/2024 13:08:10,139619,19,task-eihb,,36767738,BLIND,10840777,,complete,,660fd63d6788a769472aa1a4,computer,Desktop or Laptop,Windows 10,Chrome 123.0.0.0,1920x1080,1920x919,,,0,1i-3 A Training,4,,,1i-3,,,Pass,,1i-3 A Training,1i-3 A Training,24,Training02,TrainingA,34efq7,1,response,ZETH WAN,1616.7000000000116,5583.400000000023,5588.700000000012,1616.7000000000116,5583.400000000023,5588.700000000012,1,1616.7000000000116,3972,0,,Single Text Entry,TextResponseA,4,object-97,1i-3,_,22,1i-3_22,6,Training02,26_ERISED,ASK,.png,26_ERISED_ASK.png,ZETH,WAN,26_ERISED_ZETH_WAN.png,,ZETH WAN,18_LIVEGODRIC_ASK.png,18_LIVEGODRIC_DOTS.png,RUSP WIM,ZETH WAN,ZETH WAN,RUSP WIM,18_LIVEGODRIC_RUSP_WIM.png,RUSP WIM,,,,,
80,1712315293498,05/04/2024 11:08:13,1712318893498,1,05/04/2024 13:08:13,139619,19,task-eihb,,36767738,BLIND,10840777,,complete,,660fd63d6788a769472aa1a4,computer,Desktop or Laptop,Windows 10,Chrome 123.0.0.0,1920x1080,1920x919,,,0,1i-3 A Training,4,,,1i-3,,,Pass,,1i-3 A Training,1i-3 A Training,24,Training02,TrainingB,2yfdu9,2,response,,2749.5999999523046,2733.2999999999884,2749.5999999523046,2749.5999999523046,2733.2999999999884,2749.5999999523046,1,2749.5999999523046,0,0,,Click Response,Option A,4,object-245,1i-3,_,22,1i-3_22,6,Training02,26_ERISED,ASK,.png,26_ERISED_ASK.png,ZETH,WAN,26_ERISED_ZETH_WAN.png,,ZETH WAN,18_LIVEGODRIC_ASK.png,18_LIVEGODRIC_DOTS.png,RUSP WIM,ZETH WAN,ZETH WAN,RUSP WIM,18_LIVEGODRIC_RUSP_WIM.png,RUSP WIM,,,,,
81,1712315295602,05/04/2024 11:08:15,1712318895602,1,05/04/2024 13:08:15,139619,19,task-eihb,,36767738,BLIND,10840777,,complete,,660fd63d6788a769472aa1a4,computer,Desktop or Laptop,Windows 10,Chrome 123.0.0.0,1920x1080,1920x919,,,0,1i-3 A Training,4,,,1i-3,,,Pass,,1i-3 A Training,1i-3 A Training,24,Training02,TrainingC,1ouhhw,3,continue,,2120.2999999523163,2116.7000000000116,2120.2999999523163,2120.2999999523163,2116.7000000000116,2120.2999999523163,1,2120.2999999523163,0,0,,Click To Continue,Continue Button,6,object-272,1i-3,_,22,1i-3_22,6,Training02,26_ERISED,ASK,.png,26_ERISED_ASK.png,ZETH,WAN,26_ERISED_ZETH_WAN.png,,ZETH WAN,18_LIVEGODRIC_ASK.png,18_LIVEGODRIC_DOTS.png,RUSP WIM,ZETH WAN,ZETH WAN,RUSP WIM,18_LIVEGODRIC_RUSP_WIM.png,RUSP WIM,,,,,
82,1712315295604,05/04/2024 11:08:15,1712318895604,1,05/04/2024 13:08:15,139619,19,task-eihb,,36767738,BLIND,10840777,,complete,,660fd63d6788a769472aa1a4,computer,Desktop or Laptop,Windows 10,Chrome 123.0.0.0,1920x1080,1920x919,,,0,1i-3 A Training,4,,,1i-3,,,Pass,,1i-3 A Training,1i-3 A Training,,,,,,5,END,,,,,,,0,,,,,,,,,,,,,,,,,,,,,,,,,,,,,,,,,,,,
1,1712315962509,05/04/2024 11:19:22,1712319562509,1,05/04/2024 13:19:22,139619,19,task-eihb,,36768183,BLIND,10840988,,complete,,660fdc46c4f7b420592bb09a,computer,Desktop or Laptop,Mac OS 10.15.7,Chrome 123.0.0.0,1470x956,1470x833,,,0,1i-3 A Training,4,,,1i-3,,,Pass,,1i-3 A Training,1i-3 A Training,,,,,,5,BEGIN,,,,,,,0,,,,,,,,,,,,,,,,,,,,,,,,,,,,,,,,,,,,
2,1712315970307,05/04/2024 11:19:30,1712319570307,1,05/04/2024 13:19:30,139619,19,task-eihb,,36768183,BLIND,10840988,,complete,,660fdc46c4f7b420592bb09a,computer,Desktop or Laptop,Mac OS 10.15.7,Chrome 123.0.0.0,1470x956,1470x833,,,0,1i-3 A Training,4,,,1i-3,,,Pass,,1i-3 A Training,1i-3 A Training,1,Instructions,Attention Check 5,4xnmv6,1,continue,,4083.2000000000007,4066.5,4083.2000000000007,4083.2000000000007,4066.5,4083.2000000000007,1,4083.2000000000007,0,0,,Click To Continue,Continue Button,4,object-285,,,,,,Instructions,,,,,,,,,,,,,,,,,,,,,,
3,1712315970307,05/04/2024 11:19:30,1712319570307,1,05/04/2024 13:19:30,139619,19,task-eihb,,36768183,BLIND,10840988,,complete,,660fdc46c4f7b420592bb09a,computer,Desktop or Laptop,Mac OS 10.15.7,Chrome 123.0.0.0,1470x956,1470x833,,,0,1i-3 A Training,4,,,1i-3,,,Pass,,1i-3 A Training,1i-3 A Training,1,Instructions,Attention Check 5,4xnmv6,1,response,Accio!,3383.2,4066.5,4083.2000000000007,3383.2,4066.5,4083.2000000000007,1,3383.2,700.0000000000009,0,,Dropdown,Dropdown5,3,object-284,,,,,,Instructions,,,,,,,,,,,,,,,,,,,,,,
4,1712315975537,05/04/2024 11:19:35,1712319575537,1,05/04/2024 13:19:35,139619,19,task-eihb,,36768183,BLIND,10840988,,complete,,660fdc46c4f7b420592bb09a,computer,Desktop or Laptop,Mac OS 10.15.7,Chrome 123.0.0.0,1470x956,1470x833,,,0,1i-3 A Training,4,,,1i-3,,,Pass,,1i-3 A Training,1i-3 A Training,1,Instructions,Attention Check 6,wf497f,2,continue,,5248.499999994039,5233.1,5248.499999994039,5248.499999994039,5233.1,5248.499999994039,1,5248.499999994039,0,0,,Click To Continue,Continue Button,4,object-292,,,,,,Instructions,,,,,,,,,,,,,,,,,,,,,,
5,1712315975540,05/04/2024 11:19:35,1712319575540,1,05/04/2024 13:19:35,139619,19,task-eihb,,36768183,BLIND,10840988,,complete,,660fdc46c4f7b420592bb09a,computer,Desktop or Laptop,Mac OS 10.15.7,Chrome 123.0.0.0,1470x956,1470x833,,,0,1i-3 A Training,4,,,1i-3,,,Pass,,1i-3 A Training,1i-3 A Training,1,Instructions,Attention Check 6,wf497f,2,response,The Invisibility Cloak,2866.6000000000004,5233.1,5249.700000000001,2866.6000000000004,5233.1,5249.700000000001,1,2866.6000000000004,2383.1000000000004,0,,Dropdown,Dropdown6,3,object-291,,,,,,Instructions,,,,,,,,,,,,,,,,,,,,,,
6,1712315977515,05/04/2024 11:19:37,1712319577515,1,05/04/2024 13:19:37,139619,19,task-eihb,,36768183,BLIND,10840988,,complete,,660fdc46c4f7b420592bb09a,computer,Desktop or Laptop,Mac OS 10.15.7,Chrome 123.0.0.0,1470x956,1470x833,,,0,1i-3 A Training,4,,,1i-3,,,Pass,,1i-3 A Training,1i-3 A Training,1,Instructions,Screen 22,3y4guk,3,continue,,1993.1000000119202,1983.2999999999993,1993.1000000119202,1993.1000000119202,1983.2999999999993,1993.1000000119202,1,1993.1000000119202,0,0,,Click To Continue,Continue Button,3,object-297,,,,,,Instructions,,,,,,,,,,,,,,,,,,,,,,
7,1712315981840,05/04/2024 11:19:41,1712319581840,1,05/04/2024 13:19:41,139619,19,task-eihb,,36768183,BLIND,10840988,,complete,,660fdc46c4f7b420592bb09a,computer,Desktop or Laptop,Mac OS 10.15.7,Chrome 123.0.0.0,1470x956,1470x833,,,0,1i-3 A Training,4,,,1i-3,,,Pass,,1i-3 A Training,1i-3 A Training,1,Instructions,Instructions 02,q3gk2e,4,continue,,4333.000000000004,4316.4000000000015,4333.000000000004,4333.000000000004,4316.4000000000015,4333.000000000004,1,4333.000000000004,0,0,,Click To Continue,Continue Button,2,object-75,,,,,,Instructions,,,,,,,,,,,,,,,,,,,,,,
8,1712315983313,05/04/2024 11:19:43,1712319583313,1,05/04/2024 13:19:43,139619,19,task-eihb,,36768183,BLIND,10840988,,complete,,660fdc46c4f7b420592bb09a,computer,Desktop or Laptop,Mac OS 10.15.7,Chrome 123.0.0.0,1470x956,1470x833,,,0,1i-3 A Training,4,,,1i-3,,,Pass,,1i-3 A Training,1i-3 A Training,1,Instructions,Instructions 03,gxa3vr,5,continue,,1491.80000001788,1483.3999999999978,1491.80000001788,1491.80000001788,1483.3999999999978,1491.80000001788,1,1491.80000001788,0,0,,Click To Continue,Continue Button,1,object-165,,,,,,Instructions,,,,,,,,,,,,,,,,,,,,,,
9,1712315998815,05/04/2024 11:19:58,1712319598815,1,05/04/2024 13:19:58,139619,19,task-eihb,,36768183,BLIND,10840988,,complete,,660fdc46c4f7b420592bb09a,computer,Desktop or Laptop,Mac OS 10.15.7,Chrome 123.0.0.0,1470x956,1470x833,,,0,1i-3 A Training,4,,,1i-3,,,Pass,,1i-3 A Training,1i-3 A Training,1,Training02,TrainingA,34efq7,1,response,RUSP WIM,2933.2000000000007,15499.3,15510.600000005961,2933.2000000000007,15499.3,15510.600000005961,1,2933.2000000000007,12577.40000000596,0,,Single Text Entry,TextResponseA,4,object-97,1i-3,_,03,1i-3_03,1,Training02,13_QUIBBLER,ASK,.png,13_QUIBBLER_ASK.png,RUSP,WIM,13_QUIBBLER_RUSP_WIM.png,,RUSP WIM,27_BESTSELLER_ASK.png,27_BESTSELLER_DOTS.png,FICH WUNG,RUSP WIM,RUSP WIM,FICH WUNG,27_BESTSELLER_FICH_WUNG.png,FICH WUNG,,,,,
10,1712316003657,05/04/2024 11:20:03,1712319603657,1,05/04/2024 13:20:03,139619,19,task-eihb,,36768183,BLIND,10840988,,complete,,660fdc46c4f7b420592bb09a,computer,Desktop or Laptop,Mac OS 10.15.7,Chrome 123.0.0.0,1470x956,1470x833,,,0,1i-3 A Training,4,,,1i-3,,,Pass,,1i-3 A Training,1i-3 A Training,1,Training02,TrainingB,2yfdu9,2,response,,4849.900000000009,4833.200000000004,4849.900000000009,4849.900000000009,4833.200000000004,4849.900000000009,1,4849.900000000009,0,0,,Click Response,Option B,5,object-246,1i-3,_,03,1i-3_03,1,Training02,13_QUIBBLER,ASK,.png,13_QUIBBLER_ASK.png,RUSP,WIM,13_QUIBBLER_RUSP_WIM.png,,RUSP WIM,27_BESTSELLER_ASK.png,27_BESTSELLER_DOTS.png,FICH WUNG,RUSP WIM,RUSP WIM,FICH WUNG,27_BESTSELLER_FICH_WUNG.png,FICH WUNG,,,,,
11,1712316006210,05/04/2024 11:20:06,1712319606210,1,05/04/2024 13:20:06,139619,19,task-eihb,,36768183,BLIND,10840988,,complete,,660fdc46c4f7b420592bb09a,computer,Desktop or Laptop,Mac OS 10.15.7,Chrome 123.0.0.0,1470x956,1470x833,,,0,1i-3 A Training,4,,,1i-3,,,Pass,,1i-3 A Training,1i-3 A Training,1,Training02,TrainingC,1ouhhw,3,continue,,2572.6000000059576,2566.5,2572.6000000059576,2572.6000000059576,2566.5,2572.6000000059576,1,2572.6000000059576,0,0,,Click To Continue,Continue Button,6,object-272,1i-3,_,03,1i-3_03,1,Training02,13_QUIBBLER,ASK,.png,13_QUIBBLER_ASK.png,RUSP,WIM,13_QUIBBLER_RUSP_WIM.png,,RUSP WIM,27_BESTSELLER_ASK.png,27_BESTSELLER_DOTS.png,FICH WUNG,RUSP WIM,RUSP WIM,FICH WUNG,27_BESTSELLER_FICH_WUNG.png,FICH WUNG,,,,,
12,1712316018079,05/04/2024 11:20:18,1712319618079,1,05/04/2024 13:20:18,139619,19,task-eihb,,36768183,BLIND,10840988,,complete,,660fdc46c4f7b420592bb09a,computer,Desktop or Laptop,Mac OS 10.15.7,Chrome 123.0.0.0,1470x956,1470x833,,,0,1i-3 A Training,4,,,1i-3,,,Pass,,1i-3 A Training,1i-3 A Training,2,Training02,TrainingA,34efq7,1,response,FICH WUNG,3433.199999999997,11866.199999999997,11876.100000005958,3433.199999999997,11866.199999999997,11876.100000005958,1,3433.199999999997,8442.90000000596,0,,Single Text Entry,TextResponseA,4,object-97,1i-3,_,01,1i-3_01,1,Training02,04_WHEEZES,ASK,.png,04_WHEEZES_ASK.png,FICH,WUNG,04_WHEEZES_FICH_WUNG.png,,FICH WUNG,05_AUROR_ASK.png,05_AUROR_DOTS.png,FICH WUNG,ZETH WAN,FICH WUNG,ZETH WAN,05_AUROR_ZETH_WAN.png,,ZETH WAN,,,,
13,1712316023652,05/04/2024 11:20:23,1712319623652,1,05/04/2024 13:20:23,139619,19,task-eihb,,36768183,BLIND,10840988,,complete,,660fdc46c4f7b420592bb09a,computer,Desktop or Laptop,Mac OS 10.15.7,Chrome 123.0.0.0,1470x956,1470x833,,,0,1i-3 A Training,4,,,1i-3,,,Pass,,1i-3 A Training,1i-3 A Training,2,Training02,TrainingB,2yfdu9,2,response,,5582.800000011921,5566.5,5582.800000011921,5582.800000011921,5566.5,5582.800000011921,1,5582.800000011921,0,0,,Click Response,Option A,4,object-245,1i-3,_,01,1i-3_01,1,Training02,04_WHEEZES,ASK,.png,04_WHEEZES_ASK.png,FICH,WUNG,04_WHEEZES_FICH_WUNG.png,,FICH WUNG,05_AUROR_ASK.png,05_AUROR_DOTS.png,FICH WUNG,ZETH WAN,FICH WUNG,ZETH WAN,05_AUROR_ZETH_WAN.png,,ZETH WAN,,,,
14,1712316024501,05/04/2024 11:20:24,1712319624501,1,05/04/2024 13:20:24,139619,19,task-eihb,,36768183,BLIND,10840988,,complete,,660fdc46c4f7b420592bb09a,computer,Desktop or Laptop,Mac OS 10.15.7,Chrome 123.0.0.0,1470x956,1470x833,,,0,1i-3 A Training,4,,,1i-3,,,Pass,,1i-3 A Training,1i-3 A Training,2,Training02,TrainingC,1ouhhw,3,continue,,865.4000000059605,849.9000000000015,865.4000000059605,865.4000000059605,849.9000000000015,865.4000000059605,1,865.4000000059605,0,0,,Click To Continue,Continue Button,6,object-272,1i-3,_,01,1i-3_01,1,Training02,04_WHEEZES,ASK,.png,04_WHEEZES_ASK.png,FICH,WUNG,04_WHEEZES_FICH_WUNG.png,,FICH WUNG,05_AUROR_ASK.png,05_AUROR_DOTS.png,FICH WUNG,ZETH WAN,FICH WUNG,ZETH WAN,05_AUROR_ZETH_WAN.png,,ZETH WAN,,,,
15,1712316033213,05/04/2024 11:20:33,1712319633213,1,05/04/2024 13:20:33,139619,19,task-eihb,,36768183,BLIND,10840988,,complete,,660fdc46c4f7b420592bb09a,computer,Desktop or Laptop,Mac OS 10.15.7,Chrome 123.0.0.0,1470x956,1470x833,,,0,1i-3 A Training,4,,,1i-3,,,Pass,,1i-3 A Training,1i-3 A Training,3,Training02,TrainingA,34efq7,1,response,ZETH WAN,2799.9000000000015,8716.400000000001,8727.40000001192,2799.9000000000015,8716.400000000001,8727.40000001192,1,2799.9000000000015,5927.500000011918,0,,Single Text Entry,TextResponseA,4,object-97,1i-3,_,02,1i-3_02,1,Training02,40_BURYSNAPE,ASK,.png,40_BURYSNAPE_ASK.png,ZETH,WAN,40_BURYSNAPE_ZETH_WAN.png,,ZETH WAN,20_PULLSWORD_ASK.png,20_PULLSWORD_DOTS.png,WOUX WAN,ZETH WAN,ZETH WAN,WOUX WAN,20_PULLSWORD_WOUX_WAN.png,WOUX WAN,,,,,
16,1712316039119,05/04/2024 11:20:39,1712319639119,1,05/04/2024 13:20:39,139619,19,task-eihb,,36768183,BLIND,10840988,,complete,,660fdc46c4f7b420592bb09a,computer,Desktop or Laptop,Mac OS 10.15.7,Chrome 123.0.0.0,1470x956,1470x833,,,0,1i-3 A Training,4,,,1i-3,,,Pass,,1i-3 A Training,1i-3 A Training,3,Training02,TrainingB,2yfdu9,2,response,,5916.300000000003,5899.699999999997,5916.300000000003,5916.300000000003,5899.699999999997,5916.300000000003,1,5916.300000000003,0,0,,Click Response,Option A,4,object-245,1i-3,_,02,1i-3_02,1,Training02,40_BURYSNAPE,ASK,.png,40_BURYSNAPE_ASK.png,ZETH,WAN,40_BURYSNAPE_ZETH_WAN.png,,ZETH WAN,20_PULLSWORD_ASK.png,20_PULLSWORD_DOTS.png,WOUX WAN,ZETH WAN,ZETH WAN,WOUX WAN,20_PULLSWORD_WOUX_WAN.png,WOUX WAN,,,,,
17,1712316040527,05/04/2024 11:20:40,1712319640527,1,05/04/2024 13:20:40,139619,19,task-eihb,,36768183,BLIND,10840988,,complete,,660fdc46c4f7b420592bb09a,computer,Desktop or Laptop,Mac OS 10.15.7,Chrome 123.0.0.0,1470x956,1470x833,,,0,1i-3 A Training,4,,,1i-3,,,Pass,,1i-3 A Training,1i-3 A Training,3,Training02,TrainingC,1ouhhw,3,continue,,1425.0999999940395,1416.699999999997,1425.0999999940395,1425.0999999940395,1416.699999999997,1425.0999999940395,1,1425.0999999940395,0,0,,Click To Continue,Continue Button,6,object-272,1i-3,_,02,1i-3_02,1,Training02,40_BURYSNAPE,ASK,.png,40_BURYSNAPE_ASK.png,ZETH,WAN,40_BURYSNAPE_ZETH_WAN.png,,ZETH WAN,20_PULLSWORD_ASK.png,20_PULLSWORD_DOTS.png,WOUX WAN,ZETH WAN,ZETH WAN,WOUX WAN,20_PULLSWORD_WOUX_WAN.png,WOUX WAN,,,,,
18,1712316052026,05/04/2024 11:20:52,1712319652026,1,05/04/2024 13:20:52,139619,19,task-eihb,,36768183,BLIND,10840988,,complete,,660fdc46c4f7b420592bb09a,computer,Desktop or Laptop,Mac OS 10.15.7,Chrome 123.0.0.0,1470x956,1470x833,,,0,1i-3 A Training,4,,,1i-3,,,Pass,,1i-3 A Training,1i-3 A Training,4,Training02,TrainingA,34efq7,1,response,WOUX WAN,2616.4000000000087,11499.5,11507.399999994042,2616.4000000000087,11499.5,11507.399999994042,1,2616.4000000000087,8890.999999994034,0,,Single Text Entry,TextResponseA,4,object-97,1i-3,_,04,1i-3_04,1,Training02,35_PROPHET,ASK,.png,35_PROPHET_ASK.png,WOUX,WAN,35_PROPHET_WOUX_WAN.png,,WOUX WAN,40_BURYSNAPE_ASK.png,40_BURYSNAPE_DOTS.png,WOUX WAN,RUSP WIM,WOUX WAN,RUSP WIM,40_BURYSNAPE_RUSP_WIM.png,,RUSP WIM,,,,
19,1712316062849,05/04/2024 11:21:02,1712319662849,1,05/04/2024 13:21:02,139619,19,task-eihb,,36768183,BLIND,10840988,,complete,,660fdc46c4f7b420592bb09a,computer,Desktop or Laptop,Mac OS 10.15.7,Chrome 123.0.0.0,1470x956,1470x833,,,0,1i-3 A Training,4,,,1i-3,,,Pass,,1i-3 A Training,1i-3 A Training,4,Training02,TrainingB,2yfdu9,2,response,,10831.000000017884,10816.199999999997,10831.000000017884,10831.000000017884,10816.199999999997,10831.000000017884,1,10831.000000017884,0,0,,Click Response,Option A,4,object-245,1i-3,_,04,1i-3_04,1,Training02,35_PROPHET,ASK,.png,35_PROPHET_ASK.png,WOUX,WAN,35_PROPHET_WOUX_WAN.png,,WOUX WAN,40_BURYSNAPE_ASK.png,40_BURYSNAPE_DOTS.png,WOUX WAN,RUSP WIM,WOUX WAN,RUSP WIM,40_BURYSNAPE_RUSP_WIM.png,,RUSP WIM,,,,
20,1712316064453,05/04/2024 11:21:04,1712319664453,1,05/04/2024 13:21:04,139619,19,task-eihb,,36768183,BLIND,10840988,,complete,,660fdc46c4f7b420592bb09a,computer,Desktop or Laptop,Mac OS 10.15.7,Chrome 123.0.0.0,1470x956,1470x833,,,0,1i-3 A Training,4,,,1i-3,,,Pass,,1i-3 A Training,1i-3 A Training,4,Training02,TrainingC,1ouhhw,3,continue,,1616.699999999997,1600,1616.699999999997,1616.699999999997,1600,1616.699999999997,1,1616.699999999997,0,0,,Click To Continue,Continue Button,6,object-272,1i-3,_,04,1i-3_04,1,Training02,35_PROPHET,ASK,.png,35_PROPHET_ASK.png,WOUX,WAN,35_PROPHET_WOUX_WAN.png,,WOUX WAN,40_BURYSNAPE_ASK.png,40_BURYSNAPE_DOTS.png,WOUX WAN,RUSP WIM,WOUX WAN,RUSP WIM,40_BURYSNAPE_RUSP_WIM.png,,RUSP WIM,,,,
21,1712316073343,05/04/2024 11:21:13,1712319673343,1,05/04/2024 13:21:13,139619,19,task-eihb,,36768183,BLIND,10840988,,complete,,660fdc46c4f7b420592bb09a,computer,Desktop or Laptop,Mac OS 10.15.7,Chrome 123.0.0.0,1470x956,1470x833,,,0,1i-3 A Training,4,,,1i-3,,,Pass,,1i-3 A Training,1i-3 A Training,5,Training02,TrainingA,34efq7,1,response,WOUX WAN,6249.700000000012,8899.600000000006,8908.400000011927,6249.700000000012,8899.600000000006,8908.400000011927,1,6249.700000000012,2658.700000011915,0,,Single Text Entry,TextResponseA,4,object-97,1i-3,_,08,1i-3_08,2,Training02,28_GALLEONS,ASK,.png,28_GALLEONS_ASK.png,WOUX,WAN,28_GALLEONS_WOUX_WAN.png,,WOUX WAN,39_STOPHAGRID_ASK.png,39_STOPHAGRID_DOTS.png,ZETH WAN,WOUX WAN,WOUX WAN,ZETH WAN,39_STOPHAGRID_ZETH_WAN.png,ZETH WAN,,,,,
22,1712316075838,05/04/2024 11:21:15,1712319675838,1,05/04/2024 13:21:15,139619,19,task-eihb,,36768183,BLIND,10840988,,complete,,660fdc46c4f7b420592bb09a,computer,Desktop or Laptop,Mac OS 10.15.7,Chrome 123.0.0.0,1470x956,1470x833,,,0,1i-3 A Training,4,,,1i-3,,,Pass,,1i-3 A Training,1i-3 A Training,5,Training02,TrainingB,2yfdu9,2,response,,2499.7999999999884,2483.199999999997,2499.7999999999884,2499.7999999999884,2483.199999999997,2499.7999999999884,1,2499.7999999999884,0,0,,Click Response,Option A,4,object-245,1i-3,_,08,1i-3_08,2,Training02,28_GALLEONS,ASK,.png,28_GALLEONS_ASK.png,WOUX,WAN,28_GALLEONS_WOUX_WAN.png,,WOUX WAN,39_STOPHAGRID_ASK.png,39_STOPHAGRID_DOTS.png,ZETH WAN,WOUX WAN,WOUX WAN,ZETH WAN,39_STOPHAGRID_ZETH_WAN.png,ZETH WAN,,,,,
23,1712316076729,05/04/2024 11:21:16,1712319676729,1,05/04/2024 13:21:16,139619,19,task-eihb,,36768183,BLIND,10840988,,complete,,660fdc46c4f7b420592bb09a,computer,Desktop or Laptop,Mac OS 10.15.7,Chrome 123.0.0.0,1470x956,1470x833,,,0,1i-3 A Training,4,,,1i-3,,,Pass,,1i-3 A Training,1i-3 A Training,5,Training02,TrainingC,1ouhhw,3,continue,,912.3999999940424,900,912.3999999940424,912.3999999940424,900,912.3999999940424,1,912.3999999940424,0,0,,Click To Continue,Continue Button,6,object-272,1i-3,_,08,1i-3_08,2,Training02,28_GALLEONS,ASK,.png,28_GALLEONS_ASK.png,WOUX,WAN,28_GALLEONS_WOUX_WAN.png,,WOUX WAN,39_STOPHAGRID_ASK.png,39_STOPHAGRID_DOTS.png,ZETH WAN,WOUX WAN,WOUX WAN,ZETH WAN,39_STOPHAGRID_ZETH_WAN.png,ZETH WAN,,,,,
24,1712316090749,05/04/2024 11:21:30,1712319690749,1,05/04/2024 13:21:30,139619,19,task-eihb,,36768183,BLIND,10840988,,complete,,660fdc46c4f7b420592bb09a,computer,Desktop or Laptop,Mac OS 10.15.7,Chrome 123.0.0.0,1470x956,1470x833,,,0,1i-3 A Training,4,,,1i-3,,,Pass,,1i-3 A Training,1i-3 A Training,6,Training02,TrainingA,34efq7,1,response,ZETH WAN,2283.199999999997,14016,14031.700000005963,2283.199999999997,14016,14031.700000005963,1,2283.199999999997,11748.500000005966,0,,Single Text Entry,TextResponseA,4,object-97,1i-3,_,06,1i-3_06,2,Training02,12_SKEETER,ASK,.png,12_SKEETER_ASK.png,ZETH,WAN,12_SKEETER_ZETH_WAN.png,,ZETH WAN,12_SKEETER_ASK.png,12_SKEETER_DOTS.png,FICH WUNG,ZETH WAN,ZETH WAN,FICH WUNG,12_SKEETER_FICH_WUNG.png,FICH WUNG,,,,,
25,1712316094068,05/04/2024 11:21:34,1712319694068,1,05/04/2024 13:21:34,139619,19,task-eihb,,36768183,BLIND,10840988,,complete,,660fdc46c4f7b420592bb09a,computer,Desktop or Laptop,Mac OS 10.15.7,Chrome 123.0.0.0,1470x956,1470x833,,,0,1i-3 A Training,4,,,1i-3,,,Pass,,1i-3 A Training,1i-3 A Training,6,Training02,TrainingB,2yfdu9,2,response,,3333.199999999968,3316.5999999999913,3333.199999999968,3333.199999999968,3316.5999999999913,3333.199999999968,1,3333.199999999968,0,0,,Click Response,Option B,5,object-246,1i-3,_,06,1i-3_06,2,Training02,12_SKEETER,ASK,.png,12_SKEETER_ASK.png,ZETH,WAN,12_SKEETER_ZETH_WAN.png,,ZETH WAN,12_SKEETER_ASK.png,12_SKEETER_DOTS.png,FICH WUNG,ZETH WAN,ZETH WAN,FICH WUNG,12_SKEETER_FICH_WUNG.png,FICH WUNG,,,,,
26,1712316098953,05/04/2024 11:21:38,1712319698953,1,05/04/2024 13:21:38,139619,19,task-eihb,,36768183,BLIND,10840988,,complete,,660fdc46c4f7b420592bb09a,computer,Desktop or Laptop,Mac OS 10.15.7,Chrome 123.0.0.0,1470x956,1470x833,,,0,1i-3 A Training,4,,,1i-3,,,Pass,,1i-3 A Training,1i-3 A Training,6,Training02,TrainingC,1ouhhw,3,continue,,4899.900000000023,4883.200000000012,4899.900000000023,4899.900000000023,4883.200000000012,4899.900000000023,1,4899.900000000023,0,0,,Click To Continue,Continue Button,6,object-272,1i-3,_,06,1i-3_06,2,Training02,12_SKEETER,ASK,.png,12_SKEETER_ASK.png,ZETH,WAN,12_SKEETER_ZETH_WAN.png,,ZETH WAN,12_SKEETER_ASK.png,12_SKEETER_DOTS.png,FICH WUNG,ZETH WAN,ZETH WAN,FICH WUNG,12_SKEETER_FICH_WUNG.png,FICH WUNG,,,,,
27,1712316113499,05/04/2024 11:21:53,1712319713499,1,05/04/2024 13:21:53,139619,19,task-eihb,,36768183,BLIND,10840988,,complete,,660fdc46c4f7b420592bb09a,computer,Desktop or Laptop,Mac OS 10.15.7,Chrome 123.0.0.0,1470x956,1470x833,,,0,1i-3 A Training,4,,,1i-3,,,Pass,,1i-3 A Training,1i-3 A Training,7,Training02,TrainingA,34efq7,1,response,FICH WUNG,3949.7999999999884,14549.399999999994,14566.099999999977,3949.7999999999884,14549.399999999994,14566.099999999977,1,3949.7999999999884,10616.299999999988,0,,Single Text Entry,TextResponseA,4,object-97,1i-3,_,05,1i-3_05,2,Training02,18_LIVEGODRIC,ASK,.png,18_LIVEGODRIC_ASK.png,FICH,WUNG,18_LIVEGODRIC_FICH_WUNG.png,,FICH WUNG,07_AZKABAN_ASK.png,07_AZKABAN_DOTS.png,FICH WUNG,RUSP WIM,FICH WUNG,RUSP WIM,07_AZKABAN_RUSP_WIM.png,,RUSP WIM,,,,
28,1712316116602,05/04/2024 11:21:56,1712319716602,1,05/04/2024 13:21:56,139619,19,task-eihb,,36768183,BLIND,10840988,,complete,,660fdc46c4f7b420592bb09a,computer,Desktop or Laptop,Mac OS 10.15.7,Chrome 123.0.0.0,1470x956,1470x833,,,0,1i-3 A Training,4,,,1i-3,,,Pass,,1i-3 A Training,1i-3 A Training,7,Training02,TrainingB,2yfdu9,2,response,,3116.5999999999767,3099.899999999994,3116.5999999999767,3116.5999999999767,3099.899999999994,3116.5999999999767,1,3116.5999999999767,0,0,,Click Response,Option B,5,object-246,1i-3,_,05,1i-3_05,2,Training02,18_LIVEGODRIC,ASK,.png,18_LIVEGODRIC_ASK.png,FICH,WUNG,18_LIVEGODRIC_FICH_WUNG.png,,FICH WUNG,07_AZKABAN_ASK.png,07_AZKABAN_DOTS.png,FICH WUNG,RUSP WIM,FICH WUNG,RUSP WIM,07_AZKABAN_RUSP_WIM.png,,RUSP WIM,,,,
29,1712316118092,05/04/2024 11:21:58,1712319718092,1,05/04/2024 13:21:58,139619,19,task-eihb,,36768183,BLIND,10840988,,complete,,660fdc46c4f7b420592bb09a,computer,Desktop or Laptop,Mac OS 10.15.7,Chrome 123.0.0.0,1470x956,1470x833,,,0,1i-3 A Training,4,,,1i-3,,,Pass,,1i-3 A Training,1i-3 A Training,7,Training02,TrainingC,1ouhhw,3,continue,,1510.400000017893,1499.9000000000233,1510.400000017893,1510.400000017893,1499.9000000000233,1510.400000017893,1,1510.400000017893,0,0,,Click To Continue,Continue Button,6,object-272,1i-3,_,05,1i-3_05,2,Training02,18_LIVEGODRIC,ASK,.png,18_LIVEGODRIC_ASK.png,FICH,WUNG,18_LIVEGODRIC_FICH_WUNG.png,,FICH WUNG,07_AZKABAN_ASK.png,07_AZKABAN_DOTS.png,FICH WUNG,RUSP WIM,FICH WUNG,RUSP WIM,07_AZKABAN_RUSP_WIM.png,,RUSP WIM,,,,
30,1712316123798,05/04/2024 11:22:03,1712319723798,1,05/04/2024 13:22:03,139619,19,task-eihb,,36768183,BLIND,10840988,,complete,,660fdc46c4f7b420592bb09a,computer,Desktop or Laptop,Mac OS 10.15.7,Chrome 123.0.0.0,1470x956,1470x833,,,0,1i-3 A Training,4,,,1i-3,,,Pass,,1i-3 A Training,1i-3 A Training,8,Training02,TrainingA,34efq7,1,response,RUSP WIM,3316.5,5699.799999999988,5716.200000005949,3316.5,5699.799999999988,5716.200000005949,1,3316.5,2399.700000005949,0,,Single Text Entry,TextResponseA,4,object-97,1i-3,_,07,1i-3_07,2,Training02,34_FANLETTERS,ASK,.png,34_FANLETTERS_ASK.png,RUSP,WIM,34_FANLETTERS_RUSP_WIM.png,,RUSP WIM,34_FANLETTERS_ASK.png,34_FANLETTERS_DOTS.png,RUSP WIM,WOUX WAN,RUSP WIM,WOUX WAN,34_FANLETTERS_WOUX_WAN.png,,WOUX WAN,,,,
31,1712316125847,05/04/2024 11:22:05,1712319725847,1,05/04/2024 13:22:05,139619,19,task-eihb,,36768183,BLIND,10840988,,complete,,660fdc46c4f7b420592bb09a,computer,Desktop or Laptop,Mac OS 10.15.7,Chrome 123.0.0.0,1470x956,1470x833,,,0,1i-3 A Training,4,,,1i-3,,,Pass,,1i-3 A Training,1i-3 A Training,8,Training02,TrainingB,2yfdu9,2,response,,2064.9000000059605,2049.899999999994,2064.9000000059605,2064.9000000059605,2049.899999999994,2064.9000000059605,1,2064.9000000059605,0,0,,Click Response,Option A,4,object-245,1i-3,_,07,1i-3_07,2,Training02,34_FANLETTERS,ASK,.png,34_FANLETTERS_ASK.png,RUSP,WIM,34_FANLETTERS_RUSP_WIM.png,,RUSP WIM,34_FANLETTERS_ASK.png,34_FANLETTERS_DOTS.png,RUSP WIM,WOUX WAN,RUSP WIM,WOUX WAN,34_FANLETTERS_WOUX_WAN.png,,WOUX WAN,,,,
32,1712316129671,05/04/2024 11:22:09,1712319729671,1,05/04/2024 13:22:09,139619,19,task-eihb,,36768183,BLIND,10840988,,complete,,660fdc46c4f7b420592bb09a,computer,Desktop or Laptop,Mac OS 10.15.7,Chrome 123.0.0.0,1470x956,1470x833,,,0,1i-3 A Training,4,,,1i-3,,,Pass,,1i-3 A Training,1i-3 A Training,8,Training02,TrainingC,1ouhhw,3,continue,,3839.300000017887,3833.2000000000116,3839.300000017887,3839.300000017887,3833.2000000000116,3839.300000017887,1,3839.300000017887,0,0,,Click To Continue,Continue Button,6,object-272,1i-3,_,07,1i-3_07,2,Training02,34_FANLETTERS,ASK,.png,34_FANLETTERS_ASK.png,RUSP,WIM,34_FANLETTERS_RUSP_WIM.png,,RUSP WIM,34_FANLETTERS_ASK.png,34_FANLETTERS_DOTS.png,RUSP WIM,WOUX WAN,RUSP WIM,WOUX WAN,34_FANLETTERS_WOUX_WAN.png,,WOUX WAN,,,,
33,1712316139845,05/04/2024 11:22:19,1712319739845,1,05/04/2024 13:22:19,139619,19,task-eihb,,36768183,BLIND,10840988,,complete,,660fdc46c4f7b420592bb09a,computer,Desktop or Laptop,Mac OS 10.15.7,Chrome 123.0.0.0,1470x956,1470x833,,,0,1i-3 A Training,4,,,1i-3,,,Pass,,1i-3 A Training,1i-3 A Training,9,Training02,TrainingA,34efq7,1,response,RUSP WIM,2283.1999999999825,10166.199999999983,10179.800000005955,2283.1999999999825,10166.199999999983,10179.800000005955,1,2283.1999999999825,7896.600000005972,0,,Single Text Entry,TextResponseA,4,object-97,1i-3,_,11,1i-3_11,3,Training02,27_BESTSELLER,ASK,.png,27_BESTSELLER_ASK.png,RUSP,WIM,27_BESTSELLER_RUSP_WIM.png,,RUSP WIM,25_PROSECUTE_ASK.png,25_PROSECUTE_DOTS.png,ZETH WAN,RUSP WIM,RUSP WIM,ZETH WAN,25_PROSECUTE_ZETH_WAN.png,ZETH WAN,,,,,
34,1712316142818,05/04/2024 11:22:22,1712319742818,1,05/04/2024 13:22:22,139619,19,task-eihb,,36768183,BLIND,10840988,,complete,,660fdc46c4f7b420592bb09a,computer,Desktop or Laptop,Mac OS 10.15.7,Chrome 123.0.0.0,1470x956,1470x833,,,0,1i-3 A Training,4,,,1i-3,,,Pass,,1i-3 A Training,1i-3 A Training,9,Training02,TrainingB,2yfdu9,2,response,,2983.2999999999884,2966.600000000006,2983.2999999999884,2983.2999999999884,2966.600000000006,2983.2999999999884,1,2983.2999999999884,0,0,,Click Response,Option A,4,object-245,1i-3,_,11,1i-3_11,3,Training02,27_BESTSELLER,ASK,.png,27_BESTSELLER_ASK.png,RUSP,WIM,27_BESTSELLER_RUSP_WIM.png,,RUSP WIM,25_PROSECUTE_ASK.png,25_PROSECUTE_DOTS.png,ZETH WAN,RUSP WIM,RUSP WIM,ZETH WAN,25_PROSECUTE_ZETH_WAN.png,ZETH WAN,,,,,
35,1712316144949,05/04/2024 11:22:24,1712319744949,1,05/04/2024 13:22:24,139619,19,task-eihb,,36768183,BLIND,10840988,,complete,,660fdc46c4f7b420592bb09a,computer,Desktop or Laptop,Mac OS 10.15.7,Chrome 123.0.0.0,1470x956,1470x833,,,0,1i-3 A Training,4,,,1i-3,,,Pass,,1i-3 A Training,1i-3 A Training,9,Training02,TrainingC,1ouhhw,3,continue,,2149.9000000000233,2133.2000000000116,2149.9000000000233,2149.9000000000233,2133.2000000000116,2149.9000000000233,1,2149.9000000000233,0,0,,Click To Continue,Continue Button,6,object-272,1i-3,_,11,1i-3_11,3,Training02,27_BESTSELLER,ASK,.png,27_BESTSELLER_ASK.png,RUSP,WIM,27_BESTSELLER_RUSP_WIM.png,,RUSP WIM,25_PROSECUTE_ASK.png,25_PROSECUTE_DOTS.png,ZETH WAN,RUSP WIM,RUSP WIM,ZETH WAN,25_PROSECUTE_ZETH_WAN.png,ZETH WAN,,,,,
36,1712316155218,05/04/2024 11:22:35,1712319755218,1,05/04/2024 13:22:35,139619,19,task-eihb,,36768183,BLIND,10840988,,complete,,660fdc46c4f7b420592bb09a,computer,Desktop or Laptop,Mac OS 10.15.7,Chrome 123.0.0.0,1470x956,1470x833,,,0,1i-3 A Training,4,,,1i-3,,,Pass,,1i-3 A Training,1i-3 A Training,10,Training02,TrainingA,34efq7,1,response,FICH WUNG,3333.1999999999825,10282.899999999994,10287.700000011915,3333.1999999999825,10282.899999999994,10287.700000011915,1,3333.1999999999825,6954.500000011933,0,,Single Text Entry,TextResponseA,4,object-97,1i-3,_,09,1i-3_09,3,Training02,32_QWC,ASK,.png,32_QWC_ASK.png,FICH,WUNG,32_QWC_FICH_WUNG.png,,FICH WUNG,13_QUIBBLER_ASK.png,13_QUIBBLER_DOTS.png,FICH WUNG,WOUX WAN,FICH WUNG,WOUX WAN,13_QUIBBLER_WOUX_WAN.png,,WOUX WAN,,,,
37,1712316163564,05/04/2024 11:22:43,1712319763564,1,05/04/2024 13:22:43,139619,19,task-eihb,,36768183,BLIND,10840988,,complete,,660fdc46c4f7b420592bb09a,computer,Desktop or Laptop,Mac OS 10.15.7,Chrome 123.0.0.0,1470x956,1470x833,,,0,1i-3 A Training,4,,,1i-3,,,Pass,,1i-3 A Training,1i-3 A Training,10,Training02,TrainingB,2yfdu9,2,response,,8349.600000000006,8333,8349.600000000006,8349.600000000006,8333,8349.600000000006,1,8349.600000000006,0,0,,Click Response,Option B,5,object-246,1i-3,_,09,1i-3_09,3,Training02,32_QWC,ASK,.png,32_QWC_ASK.png,FICH,WUNG,32_QWC_FICH_WUNG.png,,FICH WUNG,13_QUIBBLER_ASK.png,13_QUIBBLER_DOTS.png,FICH WUNG,WOUX WAN,FICH WUNG,WOUX WAN,13_QUIBBLER_WOUX_WAN.png,,WOUX WAN,,,,
38,1712316167160,05/04/2024 11:22:47,1712319767160,1,05/04/2024 13:22:47,139619,19,task-eihb,,36768183,BLIND,10840988,,complete,,660fdc46c4f7b420592bb09a,computer,Desktop or Laptop,Mac OS 10.15.7,Chrome 123.0.0.0,1470x956,1470x833,,,0,1i-3 A Training,4,,,1i-3,,,Pass,,1i-3 A Training,1i-3 A Training,10,Training02,TrainingC,1ouhhw,3,continue,,3613.800000011921,3599.899999999994,3613.800000011921,3613.800000011921,3599.899999999994,3613.800000011921,1,3613.800000011921,0,0,,Click To Continue,Continue Button,6,object-272,1i-3,_,09,1i-3_09,3,Training02,32_QWC,ASK,.png,32_QWC_ASK.png,FICH,WUNG,32_QWC_FICH_WUNG.png,,FICH WUNG,13_QUIBBLER_ASK.png,13_QUIBBLER_DOTS.png,FICH WUNG,WOUX WAN,FICH WUNG,WOUX WAN,13_QUIBBLER_WOUX_WAN.png,,WOUX WAN,,,,
39,1712316173170,05/04/2024 11:22:53,1712319773170,1,05/04/2024 13:22:53,139619,19,task-eihb,,36768183,BLIND,10840988,,complete,,660fdc46c4f7b420592bb09a,computer,Desktop or Laptop,Mac OS 10.15.7,Chrome 123.0.0.0,1470x956,1470x833,,,0,1i-3 A Training,4,,,1i-3,,,Pass,,1i-3 A Training,1i-3 A Training,11,Training02,TrainingA,34efq7,1,response,WOUX WAN,3916.5,6016.399999999994,6023.100000000006,3916.5,6016.399999999994,6023.100000000006,1,3916.5,2106.600000000006,0,,Single Text Entry,TextResponseA,4,object-97,1i-3,_,12,1i-3_12,3,Training02,14_MUNGOS,ASK,.png,14_MUNGOS_ASK.png,WOUX,WAN,14_MUNGOS_WOUX_WAN.png,,WOUX WAN,33_ROR_ASK.png,33_ROR_DOTS.png,FICH WUNG,WOUX WAN,WOUX WAN,FICH WUNG,33_ROR_FICH_WUNG.png,FICH WUNG,,,,,
40,1712316176920,05/04/2024 11:22:56,1712319776920,1,05/04/2024 13:22:56,139619,19,task-eihb,,36768183,BLIND,10840988,,complete,,660fdc46c4f7b420592bb09a,computer,Desktop or Laptop,Mac OS 10.15.7,Chrome 123.0.0.0,1470x956,1470x833,,,0,1i-3 A Training,4,,,1i-3,,,Pass,,1i-3 A Training,1i-3 A Training,11,Training02,TrainingB,2yfdu9,2,response,,3757.2000000000116,3749.9000000000233,3757.2000000000116,3757.2000000000116,3749.9000000000233,3757.2000000000116,1,3757.2000000000116,0,0,,Click Response,Option A,4,object-245,1i-3,_,12,1i-3_12,3,Training02,14_MUNGOS,ASK,.png,14_MUNGOS_ASK.png,WOUX,WAN,14_MUNGOS_WOUX_WAN.png,,WOUX WAN,33_ROR_ASK.png,33_ROR_DOTS.png,FICH WUNG,WOUX WAN,WOUX WAN,FICH WUNG,33_ROR_FICH_WUNG.png,FICH WUNG,,,,,
41,1712316178167,05/04/2024 11:22:58,1712319778167,1,05/04/2024 13:22:58,139619,19,task-eihb,,36768183,BLIND,10840988,,complete,,660fdc46c4f7b420592bb09a,computer,Desktop or Laptop,Mac OS 10.15.7,Chrome 123.0.0.0,1470x956,1470x833,,,0,1i-3 A Training,4,,,1i-3,,,Pass,,1i-3 A Training,1i-3 A Training,11,Training02,TrainingC,1ouhhw,3,continue,,1254.1000000119093,1249.8999999999942,1254.1000000119093,1254.1000000119093,1249.8999999999942,1254.1000000119093,1,1254.1000000119093,0,0,,Click To Continue,Continue Button,6,object-272,1i-3,_,12,1i-3_12,3,Training02,14_MUNGOS,ASK,.png,14_MUNGOS_ASK.png,WOUX,WAN,14_MUNGOS_WOUX_WAN.png,,WOUX WAN,33_ROR_ASK.png,33_ROR_DOTS.png,FICH WUNG,WOUX WAN,WOUX WAN,FICH WUNG,33_ROR_FICH_WUNG.png,FICH WUNG,,,,,
42,1712316182554,05/04/2024 11:23:02,1712319782554,1,05/04/2024 13:23:02,139619,19,task-eihb,,36768183,BLIND,10840988,,complete,,660fdc46c4f7b420592bb09a,computer,Desktop or Laptop,Mac OS 10.15.7,Chrome 123.0.0.0,1470x956,1470x833,,,0,1i-3 A Training,4,,,1i-3,,,Pass,,1i-3 A Training,1i-3 A Training,12,Training02,TrainingA,34efq7,1,response,ZETH WAN,1716.6000000000058,4383.1999999999825,4391.700000011915,1716.6000000000058,4383.1999999999825,4391.700000011915,1,1716.6000000000058,2675.1000000119093,0,,Single Text Entry,TextResponseA,4,object-97,1i-3,_,10,1i-3_10,3,Training02,19_BURYVOLDY,ASK,.png,19_BURYVOLDY_ASK.png,ZETH,WAN,19_BURYVOLDY_ZETH_WAN.png,,ZETH WAN,21_TEACHHOG_ASK.png,21_TEACHHOG_DOTS.png,ZETH WAN,RUSP WIM,ZETH WAN,RUSP WIM,21_TEACHHOG_RUSP_WIM.png,,RUSP WIM,,,,
43,1712316185740,05/04/2024 11:23:05,1712319785740,1,05/04/2024 13:23:05,139619,19,task-eihb,,36768183,BLIND,10840988,,complete,,660fdc46c4f7b420592bb09a,computer,Desktop or Laptop,Mac OS 10.15.7,Chrome 123.0.0.0,1470x956,1470x833,,,0,1i-3 A Training,4,,,1i-3,,,Pass,,1i-3 A Training,1i-3 A Training,12,Training02,TrainingB,2yfdu9,2,response,,3193.2000000000116,3183.2000000000116,3193.2000000000116,3193.2000000000116,3183.2000000000116,3193.2000000000116,1,3193.2000000000116,0,0,,Click Response,Option B,5,object-246,1i-3,_,10,1i-3_10,3,Training02,19_BURYVOLDY,ASK,.png,19_BURYVOLDY_ASK.png,ZETH,WAN,19_BURYVOLDY_ZETH_WAN.png,,ZETH WAN,21_TEACHHOG_ASK.png,21_TEACHHOG_DOTS.png,ZETH WAN,RUSP WIM,ZETH WAN,RUSP WIM,21_TEACHHOG_RUSP_WIM.png,,RUSP WIM,,,,
44,1712316186678,05/04/2024 11:23:06,1712319786678,1,05/04/2024 13:23:06,139619,19,task-eihb,,36768183,BLIND,10840988,,complete,,660fdc46c4f7b420592bb09a,computer,Desktop or Laptop,Mac OS 10.15.7,Chrome 123.0.0.0,1470x956,1470x833,,,0,1i-3 A Training,4,,,1i-3,,,Pass,,1i-3 A Training,1i-3 A Training,12,Training02,TrainingC,1ouhhw,3,continue,,949.4000000059605,933.2999999999884,949.4000000059605,949.4000000059605,933.2999999999884,949.4000000059605,1,949.4000000059605,0,0,,Click To Continue,Continue Button,6,object-272,1i-3,_,10,1i-3_10,3,Training02,19_BURYVOLDY,ASK,.png,19_BURYVOLDY_ASK.png,ZETH,WAN,19_BURYVOLDY_ZETH_WAN.png,,ZETH WAN,21_TEACHHOG_ASK.png,21_TEACHHOG_DOTS.png,ZETH WAN,RUSP WIM,ZETH WAN,RUSP WIM,21_TEACHHOG_RUSP_WIM.png,,RUSP WIM,,,,
45,1712316190715,05/04/2024 11:23:10,1712319790715,1,05/04/2024 13:23:10,139619,19,task-eihb,,36768183,BLIND,10840988,,complete,,660fdc46c4f7b420592bb09a,computer,Desktop or Laptop,Mac OS 10.15.7,Chrome 123.0.0.0,1470x956,1470x833,,,0,1i-3 A Training,4,,,1i-3,,,Pass,,1i-3 A Training,1i-3 A Training,13,Training02,TrainingA,34efq7,1,response,ZETH WAN,1799.9000000000233,4033.2000000000116,4049.9000000000233,1799.9000000000233,4033.2000000000116,4049.9000000000233,1,1799.9000000000233,2250,0,,Single Text Entry,TextResponseA,4,object-97,1i-3,_,14,1i-3_14,4,Training02,33_ROR,ASK,.png,33_ROR_ASK.png,ZETH,WAN,33_ROR_ZETH_WAN.png,,ZETH WAN,19_BURYVOLDY_ASK.png,19_BURYVOLDY_DOTS.png,ZETH WAN,WOUX WAN,ZETH WAN,WOUX WAN,19_BURYVOLDY_WOUX_WAN.png,,WOUX WAN,,,,
46,1712316192666,05/04/2024 11:23:12,1712319792666,1,05/04/2024 13:23:12,139619,19,task-eihb,,36768183,BLIND,10840988,,complete,,660fdc46c4f7b420592bb09a,computer,Desktop or Laptop,Mac OS 10.15.7,Chrome 123.0.0.0,1470x956,1470x833,,,0,1i-3 A Training,4,,,1i-3,,,Pass,,1i-3 A Training,1i-3 A Training,13,Training02,TrainingB,2yfdu9,2,response,,1970.0999999940395,1966.5,1970.0999999940395,1970.0999999940395,1966.5,1970.0999999940395,1,1970.0999999940395,0,0,,Click Response,Option A,4,object-245,1i-3,_,14,1i-3_14,4,Training02,33_ROR,ASK,.png,33_ROR_ASK.png,ZETH,WAN,33_ROR_ZETH_WAN.png,,ZETH WAN,19_BURYVOLDY_ASK.png,19_BURYVOLDY_DOTS.png,ZETH WAN,WOUX WAN,ZETH WAN,WOUX WAN,19_BURYVOLDY_WOUX_WAN.png,,WOUX WAN,,,,
47,1712316196360,05/04/2024 11:23:16,1712319796360,1,05/04/2024 13:23:16,139619,19,task-eihb,,36768183,BLIND,10840988,,complete,,660fdc46c4f7b420592bb09a,computer,Desktop or Laptop,Mac OS 10.15.7,Chrome 123.0.0.0,1470x956,1470x833,,,0,1i-3 A Training,4,,,1i-3,,,Pass,,1i-3 A Training,1i-3 A Training,13,Training02,TrainingC,1ouhhw,3,continue,,3698.2000000178814,3683.2999999999884,3698.2000000178814,3698.2000000178814,3683.2999999999884,3698.2000000178814,1,3698.2000000178814,0,0,,Click To Continue,Continue Button,6,object-272,1i-3,_,14,1i-3_14,4,Training02,33_ROR,ASK,.png,33_ROR_ASK.png,ZETH,WAN,33_ROR_ZETH_WAN.png,,ZETH WAN,19_BURYVOLDY_ASK.png,19_BURYVOLDY_DOTS.png,ZETH WAN,WOUX WAN,ZETH WAN,WOUX WAN,19_BURYVOLDY_WOUX_WAN.png,,WOUX WAN,,,,
48,1712316206235,05/04/2024 11:23:26,1712319806235,1,05/04/2024 13:23:26,139619,19,task-eihb,,36768183,BLIND,10840988,,complete,,660fdc46c4f7b420592bb09a,computer,Desktop or Laptop,Mac OS 10.15.7,Chrome 123.0.0.0,1470x956,1470x833,,,0,1i-3 A Training,4,,,1i-3,,,Pass,,1i-3 A Training,1i-3 A Training,14,Training02,TrainingA,34efq7,1,response,FICH WUNG,1849.8000000000175,9882.800000000017,9890.100000005972,1849.8000000000175,9882.800000000017,9890.100000005972,1,1849.8000000000175,8040.300000005955,0,,Single Text Entry,TextResponseA,4,object-97,1i-3,_,13,1i-3_13,4,Training02,11_RONWAND,ASK,.png,11_RONWAND_ASK.png,FICH,WUNG,11_RONWAND_FICH_WUNG.png,,FICH WUNG,06_MOM_ASK.png,06_MOM_DOTS.png,ZETH WAN,FICH WUNG,FICH WUNG,ZETH WAN,06_MOM_ZETH_WAN.png,ZETH WAN,,,,,
49,1712316210051,05/04/2024 11:23:30,1712319810051,1,05/04/2024 13:23:30,139619,19,task-eihb,,36768183,BLIND,10840988,,complete,,660fdc46c4f7b420592bb09a,computer,Desktop or Laptop,Mac OS 10.15.7,Chrome 123.0.0.0,1470x956,1470x833,,,0,1i-3 A Training,4,,,1i-3,,,Pass,,1i-3 A Training,1i-3 A Training,14,Training02,TrainingB,2yfdu9,2,response,,3822.700000011915,3816.600000000006,3822.700000011915,3822.700000011915,3816.600000000006,3822.700000011915,1,3822.700000011915,0,0,,Click Response,Option A,4,object-245,1i-3,_,13,1i-3_13,4,Training02,11_RONWAND,ASK,.png,11_RONWAND_ASK.png,FICH,WUNG,11_RONWAND_FICH_WUNG.png,,FICH WUNG,06_MOM_ASK.png,06_MOM_DOTS.png,ZETH WAN,FICH WUNG,FICH WUNG,ZETH WAN,06_MOM_ZETH_WAN.png,ZETH WAN,,,,,
50,1712316211129,05/04/2024 11:23:31,1712319811129,1,05/04/2024 13:23:31,139619,19,task-eihb,,36768183,BLIND,10840988,,complete,,660fdc46c4f7b420592bb09a,computer,Desktop or Laptop,Mac OS 10.15.7,Chrome 123.0.0.0,1470x956,1470x833,,,0,1i-3 A Training,4,,,1i-3,,,Pass,,1i-3 A Training,1i-3 A Training,14,Training02,TrainingC,1ouhhw,3,continue,,1083.1999999999534,1066.5999999999767,1083.1999999999534,1083.1999999999534,1066.5999999999767,1083.1999999999534,1,1083.1999999999534,0,0,,Click To Continue,Continue Button,6,object-272,1i-3,_,13,1i-3_13,4,Training02,11_RONWAND,ASK,.png,11_RONWAND_ASK.png,FICH,WUNG,11_RONWAND_FICH_WUNG.png,,FICH WUNG,06_MOM_ASK.png,06_MOM_DOTS.png,ZETH WAN,FICH WUNG,FICH WUNG,ZETH WAN,06_MOM_ZETH_WAN.png,ZETH WAN,,,,,
51,1712316217917,05/04/2024 11:23:37,1712319817917,1,05/04/2024 13:23:37,139619,19,task-eihb,,36768183,BLIND,10840988,,complete,,660fdc46c4f7b420592bb09a,computer,Desktop or Laptop,Mac OS 10.15.7,Chrome 123.0.0.0,1470x956,1470x833,,,0,1i-3 A Training,4,,,1i-3,,,Pass,,1i-3 A Training,1i-3 A Training,15,Training02,TrainingA,34efq7,1,response,RUSP WIM,1266.6000000000058,6799.700000000012,6805.400000017893,1266.6000000000058,6799.700000000012,6805.400000017893,1,1266.6000000000058,5538.800000017887,0,,Single Text Entry,TextResponseA,4,object-97,1i-3,_,15,1i-3_15,4,Training02,06_MOM,ASK,.png,06_MOM_ASK.png,RUSP,WIM,06_MOM_RUSP_WIM.png,,RUSP WIM,26_ERISED_ASK.png,26_ERISED_DOTS.png,RUSP WIM,FICH WUNG,RUSP WIM,FICH WUNG,26_ERISED_FICH_WUNG.png,,FICH WUNG,,,,
52,1712316235941,05/04/2024 11:23:55,1712319835941,1,05/04/2024 13:23:55,139619,19,task-eihb,,36768183,BLIND,10840988,,complete,,660fdc46c4f7b420592bb09a,computer,Desktop or Laptop,Mac OS 10.15.7,Chrome 123.0.0.0,1470x956,1470x833,,,0,1i-3 A Training,4,,,1i-3,,,Pass,,1i-3 A Training,1i-3 A Training,15,Training02,TrainingB,2yfdu9,2,response,,18030.59999999404,18016,18030.59999999404,18030.59999999404,18016,18030.59999999404,1,18030.59999999404,0,0,,Click Response,Option B,5,object-246,1i-3,_,15,1i-3_15,4,Training02,06_MOM,ASK,.png,06_MOM_ASK.png,RUSP,WIM,06_MOM_RUSP_WIM.png,,RUSP WIM,26_ERISED_ASK.png,26_ERISED_DOTS.png,RUSP WIM,FICH WUNG,RUSP WIM,FICH WUNG,26_ERISED_FICH_WUNG.png,,FICH WUNG,,,,
53,1712316236986,05/04/2024 11:23:56,1712319836986,1,05/04/2024 13:23:56,139619,19,task-eihb,,36768183,BLIND,10840988,,complete,,660fdc46c4f7b420592bb09a,computer,Desktop or Laptop,Mac OS 10.15.7,Chrome 123.0.0.0,1470x956,1470x833,,,0,1i-3 A Training,4,,,1i-3,,,Pass,,1i-3 A Training,1i-3 A Training,15,Training02,TrainingC,1ouhhw,3,continue,,1059.0999999940395,1049.9000000000233,1059.0999999940395,1059.0999999940395,1049.9000000000233,1059.0999999940395,1,1059.0999999940395,0,0,,Click To Continue,Continue Button,6,object-272,1i-3,_,15,1i-3_15,4,Training02,06_MOM,ASK,.png,06_MOM_ASK.png,RUSP,WIM,06_MOM_RUSP_WIM.png,,RUSP WIM,26_ERISED_ASK.png,26_ERISED_DOTS.png,RUSP WIM,FICH WUNG,RUSP WIM,FICH WUNG,26_ERISED_FICH_WUNG.png,,FICH WUNG,,,,
54,1712316246464,05/04/2024 11:24:06,1712319846464,1,05/04/2024 13:24:06,139619,19,task-eihb,,36768183,BLIND,10840988,,complete,,660fdc46c4f7b420592bb09a,computer,Desktop or Laptop,Mac OS 10.15.7,Chrome 123.0.0.0,1470x956,1470x833,,,0,1i-3 A Training,4,,,1i-3,,,Pass,,1i-3 A Training,1i-3 A Training,16,Training02,TrainingA,34efq7,1,response,WOUX WAN,3783.1999999999534,9466.399999999965,9483.099999999977,3783.1999999999534,9466.399999999965,9483.099999999977,1,3783.1999999999534,5699.900000000023,0,,Single Text Entry,TextResponseA,4,object-97,1i-3,_,16,1i-3_16,4,Training02,42_ENGLAND,ASK,.png,42_ENGLAND_ASK.png,WOUX,WAN,42_ENGLAND_WOUX_WAN.png,,WOUX WAN,41_PIXIE_ASK.png,41_PIXIE_DOTS.png,RUSP WIM,WOUX WAN,WOUX WAN,RUSP WIM,41_PIXIE_RUSP_WIM.png,RUSP WIM,,,,,
55,1712316249451,05/04/2024 11:24:09,1712319849451,1,05/04/2024 13:24:09,139619,19,task-eihb,,36768183,BLIND,10840988,,complete,,660fdc46c4f7b420592bb09a,computer,Desktop or Laptop,Mac OS 10.15.7,Chrome 123.0.0.0,1470x956,1470x833,,,0,1i-3 A Training,4,,,1i-3,,,Pass,,1i-3 A Training,1i-3 A Training,16,Training02,TrainingB,2yfdu9,2,response,,3007.799999994051,2999.7999999999884,3007.799999994051,3007.799999994051,2999.7999999999884,3007.799999994051,1,3007.799999994051,0,0,,Click Response,Option A,4,object-245,1i-3,_,16,1i-3_16,4,Training02,42_ENGLAND,ASK,.png,42_ENGLAND_ASK.png,WOUX,WAN,42_ENGLAND_WOUX_WAN.png,,WOUX WAN,41_PIXIE_ASK.png,41_PIXIE_DOTS.png,RUSP WIM,WOUX WAN,WOUX WAN,RUSP WIM,41_PIXIE_RUSP_WIM.png,RUSP WIM,,,,,
56,1712316250506,05/04/2024 11:24:10,1712319850506,1,05/04/2024 13:24:10,139619,19,task-eihb,,36768183,BLIND,10840988,,complete,,660fdc46c4f7b420592bb09a,computer,Desktop or Laptop,Mac OS 10.15.7,Chrome 123.0.0.0,1470x956,1470x833,,,0,1i-3 A Training,4,,,1i-3,,,Pass,,1i-3 A Training,1i-3 A Training,16,Training02,TrainingC,1ouhhw,3,continue,,1062.8000000059837,1049.9000000000233,1062.8000000059837,1062.8000000059837,1049.9000000000233,1062.8000000059837,1,1062.8000000059837,0,0,,Click To Continue,Continue Button,6,object-272,1i-3,_,16,1i-3_16,4,Training02,42_ENGLAND,ASK,.png,42_ENGLAND_ASK.png,WOUX,WAN,42_ENGLAND_WOUX_WAN.png,,WOUX WAN,41_PIXIE_ASK.png,41_PIXIE_DOTS.png,RUSP WIM,WOUX WAN,WOUX WAN,RUSP WIM,41_PIXIE_RUSP_WIM.png,RUSP WIM,,,,,
57,1712316254045,05/04/2024 11:24:14,1712319854045,1,05/04/2024 13:24:14,139619,19,task-eihb,,36768183,BLIND,10840988,,complete,,660fdc46c4f7b420592bb09a,computer,Desktop or Laptop,Mac OS 10.15.7,Chrome 123.0.0.0,1470x956,1470x833,,,0,1i-3 A Training,4,,,1i-3,,,Pass,,1i-3 A Training,1i-3 A Training,17,Training02,TrainingA,34efq7,1,response,RUSP WIM,1616.5999999999767,3533.2999999999884,3550,1616.5999999999767,3533.2999999999884,3550,1,1616.5999999999767,1933.4000000000233,0,,Single Text Entry,TextResponseA,4,object-97,1i-3,_,19,1i-3_19,5,Training02,41_PIXIE,ASK,.png,41_PIXIE_ASK.png,RUSP,WIM,41_PIXIE_RUSP_WIM.png,,RUSP WIM,35_PROPHET_ASK.png,35_PROPHET_DOTS.png,WOUX WAN,RUSP WIM,RUSP WIM,WOUX WAN,35_PROPHET_WOUX_WAN.png,WOUX WAN,,,,,
58,1712316259593,05/04/2024 11:24:19,1712319859593,1,05/04/2024 13:24:19,139619,19,task-eihb,,36768183,BLIND,10840988,,complete,,660fdc46c4f7b420592bb09a,computer,Desktop or Laptop,Mac OS 10.15.7,Chrome 123.0.0.0,1470x956,1470x833,,,0,1i-3 A Training,4,,,1i-3,,,Pass,,1i-3 A Training,1i-3 A Training,17,Training02,TrainingB,2yfdu9,2,response,,5566.400000000023,5549.700000000012,5566.400000000023,5566.400000000023,5549.700000000012,5566.400000000023,1,5566.400000000023,0,0,,Click Response,Option A,4,object-245,1i-3,_,19,1i-3_19,5,Training02,41_PIXIE,ASK,.png,41_PIXIE_ASK.png,RUSP,WIM,41_PIXIE_RUSP_WIM.png,,RUSP WIM,35_PROPHET_ASK.png,35_PROPHET_DOTS.png,WOUX WAN,RUSP WIM,RUSP WIM,WOUX WAN,35_PROPHET_WOUX_WAN.png,WOUX WAN,,,,,
59,1712316260396,05/04/2024 11:24:20,1712319860396,1,05/04/2024 13:24:20,139619,19,task-eihb,,36768183,BLIND,10840988,,complete,,660fdc46c4f7b420592bb09a,computer,Desktop or Laptop,Mac OS 10.15.7,Chrome 123.0.0.0,1470x956,1470x833,,,0,1i-3 A Training,4,,,1i-3,,,Pass,,1i-3 A Training,1i-3 A Training,17,Training02,TrainingC,1ouhhw,3,continue,,816.5999999999767,800,816.5999999999767,816.5999999999767,800,816.5999999999767,1,816.5999999999767,0,0,,Click To Continue,Continue Button,6,object-272,1i-3,_,19,1i-3_19,5,Training02,41_PIXIE,ASK,.png,41_PIXIE_ASK.png,RUSP,WIM,41_PIXIE_RUSP_WIM.png,,RUSP WIM,35_PROPHET_ASK.png,35_PROPHET_DOTS.png,WOUX WAN,RUSP WIM,RUSP WIM,WOUX WAN,35_PROPHET_WOUX_WAN.png,WOUX WAN,,,,,
60,1712316264873,05/04/2024 11:24:24,1712319864873,1,05/04/2024 13:24:24,139619,19,task-eihb,,36768183,BLIND,10840988,,complete,,660fdc46c4f7b420592bb09a,computer,Desktop or Laptop,Mac OS 10.15.7,Chrome 123.0.0.0,1470x956,1470x833,,,0,1i-3 A Training,4,,,1i-3,,,Pass,,1i-3 A Training,1i-3 A Training,18,Training02,TrainingA,34efq7,1,response,WOUX WAN,1949.9000000000233,4483.200000000012,4497.200000017881,1949.9000000000233,4483.200000000012,4497.200000017881,1,1949.9000000000233,2547.300000017858,0,,Single Text Entry,TextResponseA,4,object-97,1i-3,_,20,1i-3_20,5,Training02,21_TEACHHOG,ASK,.png,21_TEACHHOG_ASK.png,WOUX,WAN,21_TEACHHOG_WOUX_WAN.png,,WOUX WAN,42_ENGLAND_ASK.png,42_ENGLAND_DOTS.png,WOUX WAN,ZETH WAN,WOUX WAN,ZETH WAN,42_ENGLAND_ZETH_WAN.png,,ZETH WAN,,,,
61,1712316271480,05/04/2024 11:24:31,1712319871480,1,05/04/2024 13:24:31,139619,19,task-eihb,,36768183,BLIND,10840988,,complete,,660fdc46c4f7b420592bb09a,computer,Desktop or Laptop,Mac OS 10.15.7,Chrome 123.0.0.0,1470x956,1470x833,,,0,1i-3 A Training,4,,,1i-3,,,Pass,,1i-3 A Training,1i-3 A Training,18,Training02,TrainingB,2yfdu9,2,response,,6621.00000001787,6616.299999999988,6621.00000001787,6621.00000001787,6616.299999999988,6621.00000001787,1,6621.00000001787,0,0,,Click Response,Option A,4,object-245,1i-3,_,20,1i-3_20,5,Training02,21_TEACHHOG,ASK,.png,21_TEACHHOG_ASK.png,WOUX,WAN,21_TEACHHOG_WOUX_WAN.png,,WOUX WAN,42_ENGLAND_ASK.png,42_ENGLAND_DOTS.png,WOUX WAN,ZETH WAN,WOUX WAN,ZETH WAN,42_ENGLAND_ZETH_WAN.png,,ZETH WAN,,,,
62,1712316273553,05/04/2024 11:24:33,1712319873553,1,05/04/2024 13:24:33,139619,19,task-eihb,,36768183,BLIND,10840988,,complete,,660fdc46c4f7b420592bb09a,computer,Desktop or Laptop,Mac OS 10.15.7,Chrome 123.0.0.0,1470x956,1470x833,,,0,1i-3 A Training,4,,,1i-3,,,Pass,,1i-3 A Training,1i-3 A Training,18,Training02,TrainingC,1ouhhw,3,continue,,2077.800000011921,2066.5999999999767,2077.800000011921,2077.800000011921,2066.5999999999767,2077.800000011921,1,2077.800000011921,0,0,,Click To Continue,Continue Button,6,object-272,1i-3,_,20,1i-3_20,5,Training02,21_TEACHHOG,ASK,.png,21_TEACHHOG_ASK.png,WOUX,WAN,21_TEACHHOG_WOUX_WAN.png,,WOUX WAN,42_ENGLAND_ASK.png,42_ENGLAND_DOTS.png,WOUX WAN,ZETH WAN,WOUX WAN,ZETH WAN,42_ENGLAND_ZETH_WAN.png,,ZETH WAN,,,,
63,1712316283104,05/04/2024 11:24:43,1712319883104,1,05/04/2024 13:24:43,139619,19,task-eihb,,36768183,BLIND,10840988,,complete,,660fdc46c4f7b420592bb09a,computer,Desktop or Laptop,Mac OS 10.15.7,Chrome 123.0.0.0,1470x956,1470x833,,,0,1i-3 A Training,4,,,1i-3,,,Pass,,1i-3 A Training,1i-3 A Training,19,Training02,TrainingA,34efq7,1,response,ZETH WAN,5283.100000000035,9549.600000000035,9562.100000017905,5283.100000000035,9549.600000000035,9562.100000017905,1,5283.100000000035,4279.00000001787,0,,Single Text Entry,TextResponseA,4,object-97,1i-3,_,18,1i-3_18,5,Training02,05_AUROR,ASK,.png,05_AUROR_ASK.png,ZETH,WAN,05_AUROR_ZETH_WAN.png,,ZETH WAN,11_RONWAND_ASK.png,11_RONWAND_DOTS.png,ZETH WAN,FICH WUNG,ZETH WAN,FICH WUNG,11_RONWAND_FICH_WUNG.png,,FICH WUNG,,,,
64,1712316285665,05/04/2024 11:24:45,1712319885665,1,05/04/2024 13:24:45,139619,19,task-eihb,,36768183,BLIND,10840988,,complete,,660fdc46c4f7b420592bb09a,computer,Desktop or Laptop,Mac OS 10.15.7,Chrome 123.0.0.0,1470x956,1470x833,,,0,1i-3 A Training,4,,,1i-3,,,Pass,,1i-3 A Training,1i-3 A Training,19,Training02,TrainingB,2yfdu9,2,response,,2573.0000000178698,2566.5999999999767,2573.0000000178698,2573.0000000178698,2566.5999999999767,2573.0000000178698,1,2573.0000000178698,0,0,,Click Response,Option B,5,object-246,1i-3,_,18,1i-3_18,5,Training02,05_AUROR,ASK,.png,05_AUROR_ASK.png,ZETH,WAN,05_AUROR_ZETH_WAN.png,,ZETH WAN,11_RONWAND_ASK.png,11_RONWAND_DOTS.png,ZETH WAN,FICH WUNG,ZETH WAN,FICH WUNG,11_RONWAND_FICH_WUNG.png,,FICH WUNG,,,,
65,1712316286701,05/04/2024 11:24:46,1712319886701,1,05/04/2024 13:24:46,139619,19,task-eihb,,36768183,BLIND,10840988,,complete,,660fdc46c4f7b420592bb09a,computer,Desktop or Laptop,Mac OS 10.15.7,Chrome 123.0.0.0,1470x956,1470x833,,,0,1i-3 A Training,4,,,1i-3,,,Pass,,1i-3 A Training,1i-3 A Training,19,Training02,TrainingC,1ouhhw,3,continue,,1043.2999999940512,1033.2999999999884,1043.2999999940512,1043.2999999940512,1033.2999999999884,1043.2999999940512,1,1043.2999999940512,0,0,,Click To Continue,Continue Button,6,object-272,1i-3,_,18,1i-3_18,5,Training02,05_AUROR,ASK,.png,05_AUROR_ASK.png,ZETH,WAN,05_AUROR_ZETH_WAN.png,,ZETH WAN,11_RONWAND_ASK.png,11_RONWAND_DOTS.png,ZETH WAN,FICH WUNG,ZETH WAN,FICH WUNG,11_RONWAND_FICH_WUNG.png,,FICH WUNG,,,,
66,1712316293321,05/04/2024 11:24:53,1712319893321,1,05/04/2024 13:24:53,139619,19,task-eihb,,36768183,BLIND,10840988,,complete,,660fdc46c4f7b420592bb09a,computer,Desktop or Laptop,Mac OS 10.15.7,Chrome 123.0.0.0,1470x956,1470x833,,,0,1i-3 A Training,4,,,1i-3,,,Pass,,1i-3 A Training,1i-3 A Training,20,Training02,TrainingA,34efq7,1,response,FICH WUNG,1749.9000000000233,6616.400000000023,6629.900000000023,1749.9000000000233,6616.400000000023,6629.900000000023,1,1749.9000000000233,4880,0,,Single Text Entry,TextResponseA,4,object-97,1i-3,_,17,1i-3_17,5,Training02,25_PROSECUTE,ASK,.png,25_PROSECUTE_ASK.png,FICH,WUNG,25_PROSECUTE_FICH_WUNG.png,,FICH WUNG,04_WHEEZES_ASK.png,04_WHEEZES_DOTS.png,RUSP WIM,FICH WUNG,FICH WUNG,RUSP WIM,04_WHEEZES_RUSP_WIM.png,RUSP WIM,,,,,
67,1712316296591,05/04/2024 11:24:56,1712319896591,1,05/04/2024 13:24:56,139619,19,task-eihb,,36768183,BLIND,10840988,,complete,,660fdc46c4f7b420592bb09a,computer,Desktop or Laptop,Mac OS 10.15.7,Chrome 123.0.0.0,1470x956,1470x833,,,0,1i-3 A Training,4,,,1i-3,,,Pass,,1i-3 A Training,1i-3 A Training,20,Training02,TrainingB,2yfdu9,2,response,,3283.2000000178814,3266.5999999999767,3283.2000000178814,3283.2000000178814,3266.5999999999767,3283.2000000178814,1,3283.2000000178814,0,0,,Click Response,Option B,5,object-246,1i-3,_,17,1i-3_17,5,Training02,25_PROSECUTE,ASK,.png,25_PROSECUTE_ASK.png,FICH,WUNG,25_PROSECUTE_FICH_WUNG.png,,FICH WUNG,04_WHEEZES_ASK.png,04_WHEEZES_DOTS.png,RUSP WIM,FICH WUNG,FICH WUNG,RUSP WIM,04_WHEEZES_RUSP_WIM.png,RUSP WIM,,,,,
68,1712316297992,05/04/2024 11:24:57,1712319897992,1,05/04/2024 13:24:57,139619,19,task-eihb,,36768183,BLIND,10840988,,complete,,660fdc46c4f7b420592bb09a,computer,Desktop or Laptop,Mac OS 10.15.7,Chrome 123.0.0.0,1470x956,1470x833,,,0,1i-3 A Training,4,,,1i-3,,,Pass,,1i-3 A Training,1i-3 A Training,20,Training02,TrainingC,1ouhhw,3,continue,,1416.600000000035,1399.9000000000233,1416.600000000035,1416.600000000035,1399.9000000000233,1416.600000000035,1,1416.600000000035,0,0,,Click To Continue,Continue Button,6,object-272,1i-3,_,17,1i-3_17,5,Training02,25_PROSECUTE,ASK,.png,25_PROSECUTE_ASK.png,FICH,WUNG,25_PROSECUTE_FICH_WUNG.png,,FICH WUNG,04_WHEEZES_ASK.png,04_WHEEZES_DOTS.png,RUSP WIM,FICH WUNG,FICH WUNG,RUSP WIM,04_WHEEZES_RUSP_WIM.png,RUSP WIM,,,,,
69,1712316304308,05/04/2024 11:25:04,1712319904308,1,05/04/2024 13:25:04,139619,19,task-eihb,,36768183,BLIND,10840988,,complete,,660fdc46c4f7b420592bb09a,computer,Desktop or Laptop,Mac OS 10.15.7,Chrome 123.0.0.0,1470x956,1470x833,,,0,1i-3 A Training,4,,,1i-3,,,Pass,,1i-3 A Training,1i-3 A Training,21,Training02,TrainingA,34efq7,1,response,RUSP WIM,3983.2000000000116,6316.400000000023,6333.100000000035,3983.2000000000116,6316.400000000023,6333.100000000035,1,3983.2000000000116,2349.9000000000233,0,,Single Text Entry,TextResponseA,4,object-97,1i-3,_,23,1i-3_23,6,Training02,20_PULLSWORD,ASK,.png,20_PULLSWORD_ASK.png,RUSP,WIM,20_PULLSWORD_RUSP_WIM.png,,RUSP WIM,28_GALLEONS_ASK.png,28_GALLEONS_DOTS.png,RUSP WIM,ZETH WAN,RUSP WIM,ZETH WAN,28_GALLEONS_ZETH_WAN.png,,ZETH WAN,,,,
70,1712316306284,05/04/2024 11:25:06,1712319906284,1,05/04/2024 13:25:06,139619,19,task-eihb,,36768183,BLIND,10840988,,complete,,660fdc46c4f7b420592bb09a,computer,Desktop or Laptop,Mac OS 10.15.7,Chrome 123.0.0.0,1470x956,1470x833,,,0,1i-3 A Training,4,,,1i-3,,,Pass,,1i-3 A Training,1i-3 A Training,21,Training02,TrainingB,2yfdu9,2,response,,1993.0999999999767,1983.1999999999534,1993.0999999999767,1993.0999999999767,1983.1999999999534,1993.0999999999767,1,1993.0999999999767,0,0,,Click Response,Option B,5,object-246,1i-3,_,23,1i-3_23,6,Training02,20_PULLSWORD,ASK,.png,20_PULLSWORD_ASK.png,RUSP,WIM,20_PULLSWORD_RUSP_WIM.png,,RUSP WIM,28_GALLEONS_ASK.png,28_GALLEONS_DOTS.png,RUSP WIM,ZETH WAN,RUSP WIM,ZETH WAN,28_GALLEONS_ZETH_WAN.png,,ZETH WAN,,,,
71,1712316307776,05/04/2024 11:25:07,1712319907776,1,05/04/2024 13:25:07,139619,19,task-eihb,,36768183,BLIND,10840988,,complete,,660fdc46c4f7b420592bb09a,computer,Desktop or Laptop,Mac OS 10.15.7,Chrome 123.0.0.0,1470x956,1470x833,,,0,1i-3 A Training,4,,,1i-3,,,Pass,,1i-3 A Training,1i-3 A Training,21,Training02,TrainingC,1ouhhw,3,continue,,1500.0000000000582,1483.3000000000466,1500.0000000000582,1500.0000000000582,1483.3000000000466,1500.0000000000582,1,1500.0000000000582,0,0,,Click To Continue,Continue Button,6,object-272,1i-3,_,23,1i-3_23,6,Training02,20_PULLSWORD,ASK,.png,20_PULLSWORD_ASK.png,RUSP,WIM,20_PULLSWORD_RUSP_WIM.png,,RUSP WIM,28_GALLEONS_ASK.png,28_GALLEONS_DOTS.png,RUSP WIM,ZETH WAN,RUSP WIM,ZETH WAN,28_GALLEONS_ZETH_WAN.png,,ZETH WAN,,,,
72,1712316311499,05/04/2024 11:25:11,1712319911499,1,05/04/2024 13:25:11,139619,19,task-eihb,,36768183,BLIND,10840988,,complete,,660fdc46c4f7b420592bb09a,computer,Desktop or Laptop,Mac OS 10.15.7,Chrome 123.0.0.0,1470x956,1470x833,,,0,1i-3 A Training,4,,,1i-3,,,Pass,,1i-3 A Training,1i-3 A Training,22,Training02,TrainingA,34efq7,1,response,FICH WUNG,1683.2999999999884,3733.1999999999534,3742.4000000118976,1683.2999999999884,3733.1999999999534,3742.4000000118976,1,1683.2999999999884,2059.1000000119093,0,,Single Text Entry,TextResponseA,4,object-97,1i-3,_,21,1i-3_21,6,Training02,39_STOPHAGRID,ASK,.png,39_STOPHAGRID_ASK.png,FICH,WUNG,39_STOPHAGRID_FICH_WUNG.png,,FICH WUNG,14_MUNGOS_ASK.png,14_MUNGOS_DOTS.png,WOUX WAN,FICH WUNG,FICH WUNG,WOUX WAN,14_MUNGOS_WOUX_WAN.png,WOUX WAN,,,,,
73,1712316315129,05/04/2024 11:25:15,1712319915129,1,05/04/2024 13:25:15,139619,19,task-eihb,,36768183,BLIND,10840988,,complete,,660fdc46c4f7b420592bb09a,computer,Desktop or Laptop,Mac OS 10.15.7,Chrome 123.0.0.0,1470x956,1470x833,,,0,1i-3 A Training,4,,,1i-3,,,Pass,,1i-3 A Training,1i-3 A Training,22,Training02,TrainingB,2yfdu9,2,response,,3639.4000000000233,3633.2000000000116,3639.4000000000233,3639.4000000000233,3633.2000000000116,3639.4000000000233,1,3639.4000000000233,0,0,,Click Response,Option A,4,object-245,1i-3,_,21,1i-3_21,6,Training02,39_STOPHAGRID,ASK,.png,39_STOPHAGRID_ASK.png,FICH,WUNG,39_STOPHAGRID_FICH_WUNG.png,,FICH WUNG,14_MUNGOS_ASK.png,14_MUNGOS_DOTS.png,WOUX WAN,FICH WUNG,FICH WUNG,WOUX WAN,14_MUNGOS_WOUX_WAN.png,WOUX WAN,,,,,
74,1712316315956,05/04/2024 11:25:15,1712319915956,1,05/04/2024 13:25:15,139619,19,task-eihb,,36768183,BLIND,10840988,,complete,,660fdc46c4f7b420592bb09a,computer,Desktop or Laptop,Mac OS 10.15.7,Chrome 123.0.0.0,1470x956,1470x833,,,0,1i-3 A Training,4,,,1i-3,,,Pass,,1i-3 A Training,1i-3 A Training,22,Training02,TrainingC,1ouhhw,3,continue,,832.2000000000116,816.6000000000349,832.2000000000116,832.2000000000116,816.6000000000349,832.2000000000116,1,832.2000000000116,0,0,,Click To Continue,Continue Button,6,object-272,1i-3,_,21,1i-3_21,6,Training02,39_STOPHAGRID,ASK,.png,39_STOPHAGRID_ASK.png,FICH,WUNG,39_STOPHAGRID_FICH_WUNG.png,,FICH WUNG,14_MUNGOS_ASK.png,14_MUNGOS_DOTS.png,WOUX WAN,FICH WUNG,FICH WUNG,WOUX WAN,14_MUNGOS_WOUX_WAN.png,WOUX WAN,,,,,
75,1712316321485,05/04/2024 11:25:21,1712319921485,1,05/04/2024 13:25:21,139619,19,task-eihb,,36768183,BLIND,10840988,,complete,,660fdc46c4f7b420592bb09a,computer,Desktop or Laptop,Mac OS 10.15.7,Chrome 123.0.0.0,1470x956,1470x833,,,0,1i-3 A Training,4,,,1i-3,,,Pass,,1i-3 A Training,1i-3 A Training,23,Training02,TrainingA,34efq7,1,response,ZETH WAN,1583.2999999999884,5533.199999999953,5544.699999994016,1583.2999999999884,5533.199999999953,5544.699999994016,1,1583.2999999999884,3961.399999994028,0,,Single Text Entry,TextResponseA,4,object-97,1i-3,_,22,1i-3_22,6,Training02,26_ERISED,ASK,.png,26_ERISED_ASK.png,ZETH,WAN,26_ERISED_ZETH_WAN.png,,ZETH WAN,18_LIVEGODRIC_ASK.png,18_LIVEGODRIC_DOTS.png,RUSP WIM,ZETH WAN,ZETH WAN,RUSP WIM,18_LIVEGODRIC_RUSP_WIM.png,RUSP WIM,,,,,
76,1712316323445,05/04/2024 11:25:23,1712319923445,1,05/04/2024 13:25:23,139619,19,task-eihb,,36768183,BLIND,10840988,,complete,,660fdc46c4f7b420592bb09a,computer,Desktop or Laptop,Mac OS 10.15.7,Chrome 123.0.0.0,1470x956,1470x833,,,0,1i-3 A Training,4,,,1i-3,,,Pass,,1i-3 A Training,1i-3 A Training,23,Training02,TrainingB,2yfdu9,2,response,,1971.8000000059837,1966.600000000035,1971.8000000059837,1971.8000000059837,1966.600000000035,1971.8000000059837,1,1971.8000000059837,0,0,,Click Response,Option A,4,object-245,1i-3,_,22,1i-3_22,6,Training02,26_ERISED,ASK,.png,26_ERISED_ASK.png,ZETH,WAN,26_ERISED_ZETH_WAN.png,,ZETH WAN,18_LIVEGODRIC_ASK.png,18_LIVEGODRIC_DOTS.png,RUSP WIM,ZETH WAN,ZETH WAN,RUSP WIM,18_LIVEGODRIC_RUSP_WIM.png,RUSP WIM,,,,,
77,1712316324636,05/04/2024 11:25:24,1712319924636,1,05/04/2024 13:25:24,139619,19,task-eihb,,36768183,BLIND,10840988,,complete,,660fdc46c4f7b420592bb09a,computer,Desktop or Laptop,Mac OS 10.15.7,Chrome 123.0.0.0,1470x956,1470x833,,,0,1i-3 A Training,4,,,1i-3,,,Pass,,1i-3 A Training,1i-3 A Training,23,Training02,TrainingC,1ouhhw,3,continue,,1195.899999994028,1183.2999999999884,1195.899999994028,1195.899999994028,1183.2999999999884,1195.899999994028,1,1195.899999994028,0,0,,Click To Continue,Continue Button,6,object-272,1i-3,_,22,1i-3_22,6,Training02,26_ERISED,ASK,.png,26_ERISED_ASK.png,ZETH,WAN,26_ERISED_ZETH_WAN.png,,ZETH WAN,18_LIVEGODRIC_ASK.png,18_LIVEGODRIC_DOTS.png,RUSP WIM,ZETH WAN,ZETH WAN,RUSP WIM,18_LIVEGODRIC_RUSP_WIM.png,RUSP WIM,,,,,
78,1712316333288,05/04/2024 11:25:33,1712319933288,1,05/04/2024 13:25:33,139619,19,task-eihb,,36768183,BLIND,10840988,,complete,,660fdc46c4f7b420592bb09a,computer,Desktop or Laptop,Mac OS 10.15.7,Chrome 123.0.0.0,1470x956,1470x833,,,0,1i-3 A Training,4,,,1i-3,,,Pass,,1i-3 A Training,1i-3 A Training,24,Training02,TrainingA,34efq7,1,response,WOUX WAN,1183.2000000000116,8649.599999999977,8664.59999999404,1183.2000000000116,8649.599999999977,8664.59999999404,1,1183.2000000000116,7481.399999994028,0,,Single Text Entry,TextResponseA,4,object-97,1i-3,_,24,1i-3_24,6,Training02,07_AZKABAN,ASK,.png,07_AZKABAN_ASK.png,WOUX,WAN,07_AZKABAN_WOUX_WAN.png,,WOUX WAN,32_QWC_ASK.png,32_QWC_DOTS.png,WOUX WAN,FICH WUNG,WOUX WAN,FICH WUNG,32_QWC_FICH_WUNG.png,,FICH WUNG,,,,
79,1712316335759,05/04/2024 11:25:35,1712319935759,1,05/04/2024 13:25:35,139619,19,task-eihb,,36768183,BLIND,10840988,,complete,,660fdc46c4f7b420592bb09a,computer,Desktop or Laptop,Mac OS 10.15.7,Chrome 123.0.0.0,1470x956,1470x833,,,0,1i-3 A Training,4,,,1i-3,,,Pass,,1i-3 A Training,1i-3 A Training,24,Training02,TrainingB,2yfdu9,2,response,,2483.3000000000466,2466.600000000035,2483.3000000000466,2483.3000000000466,2466.600000000035,2483.3000000000466,1,2483.3000000000466,0,0,,Click Response,Option B,5,object-246,1i-3,_,24,1i-3_24,6,Training02,07_AZKABAN,ASK,.png,07_AZKABAN_ASK.png,WOUX,WAN,07_AZKABAN_WOUX_WAN.png,,WOUX WAN,32_QWC_ASK.png,32_QWC_DOTS.png,WOUX WAN,FICH WUNG,WOUX WAN,FICH WUNG,32_QWC_FICH_WUNG.png,,FICH WUNG,,,,
80,1712316336503,05/04/2024 11:25:36,1712319936503,1,05/04/2024 13:25:36,139619,19,task-eihb,,36768183,BLIND,10840988,,complete,,660fdc46c4f7b420592bb09a,computer,Desktop or Laptop,Mac OS 10.15.7,Chrome 123.0.0.0,1470x956,1470x833,,,0,1i-3 A Training,4,,,1i-3,,,Pass,,1i-3 A Training,1i-3 A Training,24,Training02,TrainingC,1ouhhw,3,continue,,763.7000000059488,750,763.7000000059488,763.7000000059488,750,763.7000000059488,1,763.7000000059488,0,0,,Click To Continue,Continue Button,6,object-272,1i-3,_,24,1i-3_24,6,Training02,07_AZKABAN,ASK,.png,07_AZKABAN_ASK.png,WOUX,WAN,07_AZKABAN_WOUX_WAN.png,,WOUX WAN,32_QWC_ASK.png,32_QWC_DOTS.png,WOUX WAN,FICH WUNG,WOUX WAN,FICH WUNG,32_QWC_FICH_WUNG.png,,FICH WUNG,,,,
81,1712316336508,05/04/2024 11:25:36,1712319936508,1,05/04/2024 13:25:36,139619,19,task-eihb,,36768183,BLIND,10840988,,complete,,660fdc46c4f7b420592bb09a,computer,Desktop or Laptop,Mac OS 10.15.7,Chrome 123.0.0.0,1470x956,1470x833,,,0,1i-3 A Training,4,,,1i-3,,,Pass,,1i-3 A Training,1i-3 A Training,,,,,,5,END,,,,,,,0,,,,,,,,,,,,,,,,,,,,,,,,,,,,,,,,,,,,
1,1712322807192,05/04/2024 13:13:27,1712326407192,1,05/04/2024 15:13:27,139619,19,task-eihb,,36771097,BLIND,10841758,,complete,,660ff40e8fbdb2d74f6b7513,computer,Desktop or Laptop,Windows 10,Chrome 123.0.0.0,1920x1080,1920x919,,,0,1i-3 A Training,4,,,1i-3,,,Pass,,1i-3 A Training,1i-3 A Training,,,,,,5,BEGIN,,,,,,,0,,,,,,,,,,,,,,,,,,,,,,,,,,,,,,,,,,,,
2,1712322811289,05/04/2024 13:13:31,1712326411289,1,05/04/2024 15:13:31,139619,19,task-eihb,,36771097,BLIND,10841758,,complete,,660ff40e8fbdb2d74f6b7513,computer,Desktop or Laptop,Windows 10,Chrome 123.0.0.0,1920x1080,1920x919,,,0,1i-3 A Training,4,,,1i-3,,,Pass,,1i-3 A Training,1i-3 A Training,1,Instructions,Attention Check 5,4xnmv6,1,continue,,3945.900000000186,3940.3999999999996,3945.900000000186,3945.900000000186,3940.3999999999996,3945.900000000186,1,3945.900000000186,0,0,,Click To Continue,Continue Button,4,object-285,,,,,,Instructions,,,,,,,,,,,,,,,,,,,,,,
3,1712322811290,05/04/2024 13:13:31,1712326411290,1,05/04/2024 15:13:31,139619,19,task-eihb,,36771097,BLIND,10841758,,complete,,660ff40e8fbdb2d74f6b7513,computer,Desktop or Laptop,Windows 10,Chrome 123.0.0.0,1920x1080,1920x919,,,0,1i-3 A Training,4,,,1i-3,,,Pass,,1i-3 A Training,1i-3 A Training,1,Instructions,Attention Check 5,4xnmv6,1,response,Accio!,2663.8999999999996,3940.3999999999996,3947.2,2663.8999999999996,3940.3999999999996,3947.2,1,2663.8999999999996,1283.3000000000002,0,,Dropdown,Dropdown5,3,object-284,,,,,,Instructions,,,,,,,,,,,,,,,,,,,,,,
4,1712322817836,05/04/2024 13:13:37,1712326417836,1,05/04/2024 15:13:37,139619,19,task-eihb,,36771097,BLIND,10841758,,complete,,660ff40e8fbdb2d74f6b7513,computer,Desktop or Laptop,Windows 10,Chrome 123.0.0.0,1920x1080,1920x919,,,0,1i-3 A Training,4,,,1i-3,,,Pass,,1i-3 A Training,1i-3 A Training,1,Instructions,Attention Check 6,wf497f,2,continue,,6553.500000000186,6548.7,6553.500000000186,6553.500000000186,6548.7,6553.500000000186,1,6553.500000000186,0,0,,Click To Continue,Continue Button,4,object-292,,,,,,Instructions,,,,,,,,,,,,,,,,,,,,,,
5,1712322817839,05/04/2024 13:13:37,1712326417839,1,05/04/2024 15:13:37,139619,19,task-eihb,,36771097,BLIND,10841758,,complete,,660ff40e8fbdb2d74f6b7513,computer,Desktop or Laptop,Windows 10,Chrome 123.0.0.0,1920x1080,1920x919,,,0,1i-3 A Training,4,,,1i-3,,,Pass,,1i-3 A Training,1i-3 A Training,1,Instructions,Attention Check 6,wf497f,2,response,The Invisibility Cloak,5119.7,6548.7,6555.599999999999,5119.7,6548.7,6555.599999999999,1,5119.7,1435.8999999999996,0,,Dropdown,Dropdown6,3,object-291,,,,,,Instructions,,,,,,,,,,,,,,,,,,,,,,
6,1712322820136,05/04/2024 13:13:40,1712326420136,1,05/04/2024 15:13:40,139619,19,task-eihb,,36771097,BLIND,10841758,,complete,,660ff40e8fbdb2d74f6b7513,computer,Desktop or Laptop,Windows 10,Chrome 123.0.0.0,1920x1080,1920x919,,,0,1i-3 A Training,4,,,1i-3,,,Pass,,1i-3 A Training,1i-3 A Training,1,Instructions,Screen 22,3y4guk,3,continue,,2304.6000000000004,2303.300000000001,2304.6000000000004,2304.6000000000004,2303.300000000001,2304.6000000000004,1,2304.6000000000004,0,0,,Click To Continue,Continue Button,3,object-297,,,,,,Instructions,,,,,,,,,,,,,,,,,,,,,,
7,1712322831768,05/04/2024 13:13:51,1712326431768,1,05/04/2024 15:13:51,139619,19,task-eihb,,36771097,BLIND,10841758,,complete,,660ff40e8fbdb2d74f6b7513,computer,Desktop or Laptop,Windows 10,Chrome 123.0.0.0,1920x1080,1920x919,,,0,1i-3 A Training,4,,,1i-3,,,Pass,,1i-3 A Training,1i-3 A Training,1,Instructions,Instructions 02,q3gk2e,4,continue,,11633.500000000004,11626.7,11633.500000000004,11633.500000000004,11626.7,11633.500000000004,1,11633.500000000004,0,0,,Click To Continue,Continue Button,2,object-75,,,,,,Instructions,,,,,,,,,,,,,,,,,,,,,,
8,1712322833242,05/04/2024 13:13:53,1712326433242,1,05/04/2024 15:13:53,139619,19,task-eihb,,36771097,BLIND,10841758,,complete,,660ff40e8fbdb2d74f6b7513,computer,Desktop or Laptop,Windows 10,Chrome 123.0.0.0,1920x1080,1920x919,,,0,1i-3 A Training,4,,,1i-3,,,Pass,,1i-3 A Training,1i-3 A Training,1,Instructions,Instructions 03,gxa3vr,5,continue,,1480.8999999998123,1477.5999999999985,1480.8999999998123,1480.8999999998123,1477.5999999999985,1480.8999999998123,1,1480.8999999998123,0,0,,Click To Continue,Continue Button,1,object-165,,,,,,Instructions,,,,,,,,,,,,,,,,,,,,,,
9,1712322850214,05/04/2024 13:14:10,1712326450214,1,05/04/2024 15:14:10,139619,19,task-eihb,,36771097,BLIND,10841758,,complete,,660ff40e8fbdb2d74f6b7513,computer,Desktop or Laptop,Windows 10,Chrome 123.0.0.0,1920x1080,1920x919,,,0,1i-3 A Training,4,,,1i-3,,,Pass,,1i-3 A Training,1i-3 A Training,1,Training02,TrainingA,34efq7,1,response,RUSP WIM,5112.799999999999,16968.6,16975.5,5112.799999999999,16968.6,16975.5,1,5112.799999999999,11862.7,0,,Single Text Entry,TextResponseA,4,object-97,1i-3,_,03,1i-3_03,1,Training02,13_QUIBBLER,ASK,.png,13_QUIBBLER_ASK.png,RUSP,WIM,13_QUIBBLER_RUSP_WIM.png,,RUSP WIM,27_BESTSELLER_ASK.png,27_BESTSELLER_DOTS.png,FICH WUNG,RUSP WIM,RUSP WIM,FICH WUNG,27_BESTSELLER_FICH_WUNG.png,FICH WUNG,,,,,
10,1712322853126,05/04/2024 13:14:13,1712326453126,1,05/04/2024 15:14:13,139619,19,task-eihb,,36771097,BLIND,10841758,,complete,,660ff40e8fbdb2d74f6b7513,computer,Desktop or Laptop,Windows 10,Chrome 123.0.0.0,1920x1080,1920x919,,,0,1i-3 A Training,4,,,1i-3,,,Pass,,1i-3 A Training,1i-3 A Training,1,Training02,TrainingB,2yfdu9,2,response,,2918.1000000001877,2913.7000000000044,2918.1000000001877,2918.1000000001877,2913.7000000000044,2918.1000000001877,1,2918.1000000001877,0,0,,Click Response,Option B,5,object-246,1i-3,_,03,1i-3_03,1,Training02,13_QUIBBLER,ASK,.png,13_QUIBBLER_ASK.png,RUSP,WIM,13_QUIBBLER_RUSP_WIM.png,,RUSP WIM,27_BESTSELLER_ASK.png,27_BESTSELLER_DOTS.png,FICH WUNG,RUSP WIM,RUSP WIM,FICH WUNG,27_BESTSELLER_FICH_WUNG.png,FICH WUNG,,,,,
11,1712322867237,05/04/2024 13:14:27,1712326467237,1,05/04/2024 15:14:27,139619,19,task-eihb,,36771097,BLIND,10841758,,complete,,660ff40e8fbdb2d74f6b7513,computer,Desktop or Laptop,Windows 10,Chrome 123.0.0.0,1920x1080,1920x919,,,0,1i-3 A Training,4,,,1i-3,,,Pass,,1i-3 A Training,1i-3 A Training,1,Training02,TrainingC,1ouhhw,3,continue,,14115.99999999981,14110.299999999996,14115.99999999981,14115.99999999981,14110.299999999996,14115.99999999981,1,14115.99999999981,0,0,,Click To Continue,Continue Button,6,object-272,1i-3,_,03,1i-3_03,1,Training02,13_QUIBBLER,ASK,.png,13_QUIBBLER_ASK.png,RUSP,WIM,13_QUIBBLER_RUSP_WIM.png,,RUSP WIM,27_BESTSELLER_ASK.png,27_BESTSELLER_DOTS.png,FICH WUNG,RUSP WIM,RUSP WIM,FICH WUNG,27_BESTSELLER_FICH_WUNG.png,FICH WUNG,,,,,
12,1712322879834,05/04/2024 13:14:39,1712326479834,1,05/04/2024 15:14:39,139619,19,task-eihb,,36771097,BLIND,10841758,,complete,,660ff40e8fbdb2d74f6b7513,computer,Desktop or Laptop,Windows 10,Chrome 123.0.0.0,1920x1080,1920x919,,,0,1i-3 A Training,4,,,1i-3,,,Pass,,1i-3 A Training,1i-3 A Training,2,Training02,TrainingA,34efq7,1,response,ZETH WAN,9878.700000000004,12598.099999999999,12602.600000000188,9878.700000000004,12598.099999999999,12602.600000000188,1,9878.700000000004,2723.9000000001834,0,,Single Text Entry,TextResponseA,4,object-97,1i-3,_,02,1i-3_02,1,Training02,40_BURYSNAPE,ASK,.png,40_BURYSNAPE_ASK.png,ZETH,WAN,40_BURYSNAPE_ZETH_WAN.png,,ZETH WAN,20_PULLSWORD_ASK.png,20_PULLSWORD_DOTS.png,WOUX WAN,ZETH WAN,ZETH WAN,WOUX WAN,20_PULLSWORD_WOUX_WAN.png,WOUX WAN,,,,,
13,1712322884007,05/04/2024 13:14:44,1712326484007,1,05/04/2024 15:14:44,139619,19,task-eihb,,36771097,BLIND,10841758,,complete,,660ff40e8fbdb2d74f6b7513,computer,Desktop or Laptop,Windows 10,Chrome 123.0.0.0,1920x1080,1920x919,,,0,1i-3 A Training,4,,,1i-3,,,Pass,,1i-3 A Training,1i-3 A Training,2,Training02,TrainingB,2yfdu9,2,response,,4177.599999999817,4176.199999999997,4177.599999999817,4177.599999999817,4176.199999999997,4177.599999999817,1,4177.599999999817,0,0,,Click Response,Option B,5,object-246,1i-3,_,02,1i-3_02,1,Training02,40_BURYSNAPE,ASK,.png,40_BURYSNAPE_ASK.png,ZETH,WAN,40_BURYSNAPE_ZETH_WAN.png,,ZETH WAN,20_PULLSWORD_ASK.png,20_PULLSWORD_DOTS.png,WOUX WAN,ZETH WAN,ZETH WAN,WOUX WAN,20_PULLSWORD_WOUX_WAN.png,WOUX WAN,,,,,
14,1712322903736,05/04/2024 13:15:03,1712326503736,1,05/04/2024 15:15:03,139619,19,task-eihb,,36771097,BLIND,10841758,,complete,,660ff40e8fbdb2d74f6b7513,computer,Desktop or Laptop,Windows 10,Chrome 123.0.0.0,1920x1080,1920x919,,,0,1i-3 A Training,4,,,1i-3,,,Pass,,1i-3 A Training,1i-3 A Training,2,Training02,TrainingC,1ouhhw,3,continue,,19730.300000000192,19729.5,19730.300000000192,19730.300000000192,19729.5,19730.300000000192,1,19730.300000000192,0,0,,Click To Continue,Continue Button,6,object-272,1i-3,_,02,1i-3_02,1,Training02,40_BURYSNAPE,ASK,.png,40_BURYSNAPE_ASK.png,ZETH,WAN,40_BURYSNAPE_ZETH_WAN.png,,ZETH WAN,20_PULLSWORD_ASK.png,20_PULLSWORD_DOTS.png,WOUX WAN,ZETH WAN,ZETH WAN,WOUX WAN,20_PULLSWORD_WOUX_WAN.png,WOUX WAN,,,,,
15,1712322928752,05/04/2024 13:15:28,1712326528752,1,05/04/2024 15:15:28,139619,19,task-eihb,,36771097,BLIND,10841758,,complete,,660ff40e8fbdb2d74f6b7513,computer,Desktop or Laptop,Windows 10,Chrome 123.0.0.0,1920x1080,1920x919,,,0,1i-3 A Training,4,,,1i-3,,,Pass,,1i-3 A Training,1i-3 A Training,3,Training02,TrainingA,34efq7,1,response,WOUX WAN,9490.200000000012,25008.800000000003,25015.699999999997,9490.200000000012,25008.800000000003,25015.699999999997,1,9490.200000000012,15525.499999999985,0,,Single Text Entry,TextResponseA,4,object-97,1i-3,_,04,1i-3_04,1,Training02,35_PROPHET,ASK,.png,35_PROPHET_ASK.png,WOUX,WAN,35_PROPHET_WOUX_WAN.png,,WOUX WAN,40_BURYSNAPE_ASK.png,40_BURYSNAPE_DOTS.png,WOUX WAN,RUSP WIM,WOUX WAN,RUSP WIM,40_BURYSNAPE_RUSP_WIM.png,,RUSP WIM,,,,
16,1712322949542,05/04/2024 13:15:49,1712326549542,1,05/04/2024 15:15:49,139619,19,task-eihb,,36771097,BLIND,10841758,,complete,,660ff40e8fbdb2d74f6b7513,computer,Desktop or Laptop,Windows 10,Chrome 123.0.0.0,1920x1080,1920x919,,,0,1i-3 A Training,4,,,1i-3,,,Pass,,1i-3 A Training,1i-3 A Training,3,Training02,TrainingB,2yfdu9,2,response,,20797.40000000056,20790.90000000001,20797.40000000056,20797.40000000056,20790.90000000001,20797.40000000056,1,20797.40000000056,0,0,,Click Response,Option A,4,object-245,1i-3,_,04,1i-3_04,1,Training02,35_PROPHET,ASK,.png,35_PROPHET_ASK.png,WOUX,WAN,35_PROPHET_WOUX_WAN.png,,WOUX WAN,40_BURYSNAPE_ASK.png,40_BURYSNAPE_DOTS.png,WOUX WAN,RUSP WIM,WOUX WAN,RUSP WIM,40_BURYSNAPE_RUSP_WIM.png,,RUSP WIM,,,,
17,1712322964180,05/04/2024 13:16:04,1712326564180,1,05/04/2024 15:16:04,139619,19,task-eihb,,36771097,BLIND,10841758,,complete,,660ff40e8fbdb2d74f6b7513,computer,Desktop or Laptop,Windows 10,Chrome 123.0.0.0,1920x1080,1920x919,,,0,1i-3 A Training,4,,,1i-3,,,Pass,,1i-3 A Training,1i-3 A Training,3,Training02,TrainingC,1ouhhw,3,continue,,14644.600000000006,14637.600000000006,14644.600000000006,14644.600000000006,14637.600000000006,14644.600000000006,1,14644.600000000006,0,0,,Click To Continue,Continue Button,6,object-272,1i-3,_,04,1i-3_04,1,Training02,35_PROPHET,ASK,.png,35_PROPHET_ASK.png,WOUX,WAN,35_PROPHET_WOUX_WAN.png,,WOUX WAN,40_BURYSNAPE_ASK.png,40_BURYSNAPE_DOTS.png,WOUX WAN,RUSP WIM,WOUX WAN,RUSP WIM,40_BURYSNAPE_RUSP_WIM.png,,RUSP WIM,,,,
18,1712322988117,05/04/2024 13:16:28,1712326588117,1,05/04/2024 15:16:28,139619,19,task-eihb,,36771097,BLIND,10841758,,complete,,660ff40e8fbdb2d74f6b7513,computer,Desktop or Laptop,Windows 10,Chrome 123.0.0.0,1920x1080,1920x919,,,0,1i-3 A Training,4,,,1i-3,,,Pass,,1i-3 A Training,1i-3 A Training,4,Training02,TrainingA,34efq7,1,response,FICH WUNG,2539,23940.5,23944.400000000547,2539,23940.5,23944.400000000547,1,2539,21405.400000000547,0,,Single Text Entry,TextResponseA,4,object-97,1i-3,_,01,1i-3_01,1,Training02,04_WHEEZES,ASK,.png,04_WHEEZES_ASK.png,FICH,WUNG,04_WHEEZES_FICH_WUNG.png,,FICH WUNG,05_AUROR_ASK.png,05_AUROR_DOTS.png,FICH WUNG,ZETH WAN,FICH WUNG,ZETH WAN,05_AUROR_ZETH_WAN.png,,ZETH WAN,,,,
19,1712322997544,05/04/2024 13:16:37,1712326597544,1,05/04/2024 15:16:37,139619,19,task-eihb,,36771097,BLIND,10841758,,complete,,660ff40e8fbdb2d74f6b7513,computer,Desktop or Laptop,Windows 10,Chrome 123.0.0.0,1920x1080,1920x919,,,0,1i-3 A Training,4,,,1i-3,,,Pass,,1i-3 A Training,1i-3 A Training,4,Training02,TrainingB,2yfdu9,2,response,,9431.20000000036,9427.699999999983,9431.20000000036,9431.20000000036,9427.699999999983,9431.20000000036,1,9431.20000000036,0,0,,Click Response,Option B,5,object-246,1i-3,_,01,1i-3_01,1,Training02,04_WHEEZES,ASK,.png,04_WHEEZES_ASK.png,FICH,WUNG,04_WHEEZES_FICH_WUNG.png,,FICH WUNG,05_AUROR_ASK.png,05_AUROR_DOTS.png,FICH WUNG,ZETH WAN,FICH WUNG,ZETH WAN,05_AUROR_ZETH_WAN.png,,ZETH WAN,,,,
20,1712323010970,05/04/2024 13:16:50,1712326610970,1,05/04/2024 15:16:50,139619,19,task-eihb,,36771097,BLIND,10841758,,complete,,660ff40e8fbdb2d74f6b7513,computer,Desktop or Laptop,Windows 10,Chrome 123.0.0.0,1920x1080,1920x919,,,0,1i-3 A Training,4,,,1i-3,,,Pass,,1i-3 A Training,1i-3 A Training,4,Training02,TrainingC,1ouhhw,3,continue,,13429.300000000192,13423.600000000006,13429.300000000192,13429.300000000192,13423.600000000006,13429.300000000192,1,13429.300000000192,0,0,,Click To Continue,Continue Button,6,object-272,1i-3,_,01,1i-3_01,1,Training02,04_WHEEZES,ASK,.png,04_WHEEZES_ASK.png,FICH,WUNG,04_WHEEZES_FICH_WUNG.png,,FICH WUNG,05_AUROR_ASK.png,05_AUROR_DOTS.png,FICH WUNG,ZETH WAN,FICH WUNG,ZETH WAN,05_AUROR_ZETH_WAN.png,,ZETH WAN,,,,
21,1712323058201,05/04/2024 13:17:38,1712326658201,1,05/04/2024 15:17:38,139619,19,task-eihb,,36771097,BLIND,10841758,,complete,,660ff40e8fbdb2d74f6b7513,computer,Desktop or Laptop,Windows 10,Chrome 123.0.0.0,1920x1080,1920x919,,,0,1i-3 A Training,4,,,1i-3,,,Pass,,1i-3 A Training,1i-3 A Training,5,Training02,TrainingA,34efq7,1,response,FICH WUNG,2781.7000000000116,47228.79999999999,47235.79999999999,2781.7000000000116,47228.79999999999,47235.79999999999,1,2781.7000000000116,44454.09999999998,0,,Single Text Entry,TextResponseA,4,object-97,1i-3,_,05,1i-3_05,2,Training02,18_LIVEGODRIC,ASK,.png,18_LIVEGODRIC_ASK.png,FICH,WUNG,18_LIVEGODRIC_FICH_WUNG.png,,FICH WUNG,07_AZKABAN_ASK.png,07_AZKABAN_DOTS.png,FICH WUNG,RUSP WIM,FICH WUNG,RUSP WIM,07_AZKABAN_RUSP_WIM.png,,RUSP WIM,,,,
22,1712323061748,05/04/2024 13:17:41,1712326661748,1,05/04/2024 15:17:41,139619,19,task-eihb,,36771097,BLIND,10841758,,complete,,660ff40e8fbdb2d74f6b7513,computer,Desktop or Laptop,Windows 10,Chrome 123.0.0.0,1920x1080,1920x919,,,0,1i-3 A Training,4,,,1i-3,,,Pass,,1i-3 A Training,1i-3 A Training,5,Training02,TrainingB,2yfdu9,2,response,,3554.4999999998254,3551.8000000000175,3554.4999999998254,3554.4999999998254,3551.8000000000175,3554.4999999998254,1,3554.4999999998254,0,0,,Click Response,Option B,5,object-246,1i-3,_,05,1i-3_05,2,Training02,18_LIVEGODRIC,ASK,.png,18_LIVEGODRIC_ASK.png,FICH,WUNG,18_LIVEGODRIC_FICH_WUNG.png,,FICH WUNG,07_AZKABAN_ASK.png,07_AZKABAN_DOTS.png,FICH WUNG,RUSP WIM,FICH WUNG,RUSP WIM,07_AZKABAN_RUSP_WIM.png,,RUSP WIM,,,,
23,1712323062804,05/04/2024 13:17:42,1712326662804,1,05/04/2024 15:17:42,139619,19,task-eihb,,36771097,BLIND,10841758,,complete,,660ff40e8fbdb2d74f6b7513,computer,Desktop or Laptop,Windows 10,Chrome 123.0.0.0,1920x1080,1920x919,,,0,1i-3 A Training,4,,,1i-3,,,Pass,,1i-3 A Training,1i-3 A Training,5,Training02,TrainingC,1ouhhw,3,continue,,1059.1000000001804,1054.3999999999942,1059.1000000001804,1059.1000000001804,1054.3999999999942,1059.1000000001804,1,1059.1000000001804,0,0,,Click To Continue,Continue Button,6,object-272,1i-3,_,05,1i-3_05,2,Training02,18_LIVEGODRIC,ASK,.png,18_LIVEGODRIC_ASK.png,FICH,WUNG,18_LIVEGODRIC_FICH_WUNG.png,,FICH WUNG,07_AZKABAN_ASK.png,07_AZKABAN_DOTS.png,FICH WUNG,RUSP WIM,FICH WUNG,RUSP WIM,07_AZKABAN_RUSP_WIM.png,,RUSP WIM,,,,
24,1712323077853,05/04/2024 13:17:57,1712326677853,1,05/04/2024 15:17:57,139619,19,task-eihb,,36771097,BLIND,10841758,,complete,,660ff40e8fbdb2d74f6b7513,computer,Desktop or Laptop,Windows 10,Chrome 123.0.0.0,1920x1080,1920x919,,,0,1i-3 A Training,4,,,1i-3,,,Pass,,1i-3 A Training,1i-3 A Training,6,Training02,TrainingA,34efq7,1,response,WOUX WAN,10843,15046.900000000023,15053.100000000559,10843,15046.900000000023,15053.100000000559,1,10843,4210.100000000559,0,,Single Text Entry,TextResponseA,4,object-97,1i-3,_,08,1i-3_08,2,Training02,28_GALLEONS,ASK,.png,28_GALLEONS_ASK.png,WOUX,WAN,28_GALLEONS_WOUX_WAN.png,,WOUX WAN,39_STOPHAGRID_ASK.png,39_STOPHAGRID_DOTS.png,ZETH WAN,WOUX WAN,WOUX WAN,ZETH WAN,39_STOPHAGRID_ZETH_WAN.png,ZETH WAN,,,,,
25,1712323089153,05/04/2024 13:18:09,1712326689153,1,05/04/2024 15:18:09,139619,19,task-eihb,,36771097,BLIND,10841758,,complete,,660ff40e8fbdb2d74f6b7513,computer,Desktop or Laptop,Windows 10,Chrome 123.0.0.0,1920x1080,1920x919,,,0,1i-3 A Training,4,,,1i-3,,,Pass,,1i-3 A Training,1i-3 A Training,6,Training02,TrainingB,2yfdu9,2,response,,11306.39999999979,11300.899999999965,11306.39999999979,11306.39999999979,11300.899999999965,11306.39999999979,1,11306.39999999979,0,0,,Click Response,Option A,4,object-245,1i-3,_,08,1i-3_08,2,Training02,28_GALLEONS,ASK,.png,28_GALLEONS_ASK.png,WOUX,WAN,28_GALLEONS_WOUX_WAN.png,,WOUX WAN,39_STOPHAGRID_ASK.png,39_STOPHAGRID_DOTS.png,ZETH WAN,WOUX WAN,WOUX WAN,ZETH WAN,39_STOPHAGRID_ZETH_WAN.png,ZETH WAN,,,,,
26,1712323101761,05/04/2024 13:18:21,1712326701761,1,05/04/2024 15:18:21,139619,19,task-eihb,,36771097,BLIND,10841758,,complete,,660ff40e8fbdb2d74f6b7513,computer,Desktop or Laptop,Windows 10,Chrome 123.0.0.0,1920x1080,1920x919,,,0,1i-3 A Training,4,,,1i-3,,,Pass,,1i-3 A Training,1i-3 A Training,6,Training02,TrainingC,1ouhhw,3,continue,,12613.30000000057,12611.799999999988,12613.30000000057,12613.30000000057,12611.799999999988,12613.30000000057,1,12613.30000000057,0,0,,Click To Continue,Continue Button,6,object-272,1i-3,_,08,1i-3_08,2,Training02,28_GALLEONS,ASK,.png,28_GALLEONS_ASK.png,WOUX,WAN,28_GALLEONS_WOUX_WAN.png,,WOUX WAN,39_STOPHAGRID_ASK.png,39_STOPHAGRID_DOTS.png,ZETH WAN,WOUX WAN,WOUX WAN,ZETH WAN,39_STOPHAGRID_ZETH_WAN.png,ZETH WAN,,,,,
27,1712323109352,05/04/2024 13:18:29,1712326709352,1,05/04/2024 15:18:29,139619,19,task-eihb,,36771097,BLIND,10841758,,complete,,660ff40e8fbdb2d74f6b7513,computer,Desktop or Laptop,Windows 10,Chrome 123.0.0.0,1920x1080,1920x919,,,0,1i-3 A Training,4,,,1i-3,,,Pass,,1i-3 A Training,1i-3 A Training,7,Training02,TrainingA,34efq7,1,response,ZETH WAN,3995.8000000000466,7589.300000000047,7592.900000000023,3995.8000000000466,7589.300000000047,7592.900000000023,1,3995.8000000000466,3597.0999999999767,0,,Single Text Entry,TextResponseA,4,object-97,1i-3,_,06,1i-3_06,2,Training02,12_SKEETER,ASK,.png,12_SKEETER_ASK.png,ZETH,WAN,12_SKEETER_ZETH_WAN.png,,ZETH WAN,12_SKEETER_ASK.png,12_SKEETER_DOTS.png,FICH WUNG,ZETH WAN,ZETH WAN,FICH WUNG,12_SKEETER_FICH_WUNG.png,FICH WUNG,,,,,
28,1712323117529,05/04/2024 13:18:37,1712326717529,1,05/04/2024 15:18:37,139619,19,task-eihb,,36771097,BLIND,10841758,,complete,,660ff40e8fbdb2d74f6b7513,computer,Desktop or Laptop,Windows 10,Chrome 123.0.0.0,1920x1080,1920x919,,,0,1i-3 A Training,4,,,1i-3,,,Pass,,1i-3 A Training,1i-3 A Training,7,Training02,TrainingB,2yfdu9,2,response,,8180.599999999977,8179.099999999977,8180.599999999977,8180.599999999977,8179.099999999977,8180.599999999977,1,8180.599999999977,0,0,,Click Response,Option B,5,object-246,1i-3,_,06,1i-3_06,2,Training02,12_SKEETER,ASK,.png,12_SKEETER_ASK.png,ZETH,WAN,12_SKEETER_ZETH_WAN.png,,ZETH WAN,12_SKEETER_ASK.png,12_SKEETER_DOTS.png,FICH WUNG,ZETH WAN,ZETH WAN,FICH WUNG,12_SKEETER_FICH_WUNG.png,FICH WUNG,,,,,
29,1712323131636,05/04/2024 13:18:51,1712326731636,1,05/04/2024 15:18:51,139619,19,task-eihb,,36771097,BLIND,10841758,,complete,,660ff40e8fbdb2d74f6b7513,computer,Desktop or Laptop,Windows 10,Chrome 123.0.0.0,1920x1080,1920x919,,,0,1i-3 A Training,4,,,1i-3,,,Pass,,1i-3 A Training,1i-3 A Training,7,Training02,TrainingC,1ouhhw,3,continue,,14108.5,14103.400000000023,14108.5,14108.5,14103.400000000023,14108.5,1,14108.5,0,0,,Click To Continue,Continue Button,6,object-272,1i-3,_,06,1i-3_06,2,Training02,12_SKEETER,ASK,.png,12_SKEETER_ASK.png,ZETH,WAN,12_SKEETER_ZETH_WAN.png,,ZETH WAN,12_SKEETER_ASK.png,12_SKEETER_DOTS.png,FICH WUNG,ZETH WAN,ZETH WAN,FICH WUNG,12_SKEETER_FICH_WUNG.png,FICH WUNG,,,,,
30,1712323149906,05/04/2024 13:19:09,1712326749906,1,05/04/2024 15:19:09,139619,19,task-eihb,,36771097,BLIND,10841758,,complete,,660ff40e8fbdb2d74f6b7513,computer,Desktop or Laptop,Windows 10,Chrome 123.0.0.0,1920x1080,1920x919,,,0,1i-3 A Training,4,,,1i-3,,,Pass,,1i-3 A Training,1i-3 A Training,8,Training02,TrainingA,34efq7,1,response,RUSP WIM,5563.699999999953,18272.79999999999,18275.300000000163,5563.699999999953,18272.79999999999,18275.300000000163,1,5563.699999999953,12711.60000000021,0,,Single Text Entry,TextResponseA,4,object-97,1i-3,_,07,1i-3_07,2,Training02,34_FANLETTERS,ASK,.png,34_FANLETTERS_ASK.png,RUSP,WIM,34_FANLETTERS_RUSP_WIM.png,,RUSP WIM,34_FANLETTERS_ASK.png,34_FANLETTERS_DOTS.png,RUSP WIM,WOUX WAN,RUSP WIM,WOUX WAN,34_FANLETTERS_WOUX_WAN.png,,WOUX WAN,,,,
31,1712323152444,05/04/2024 13:19:12,1712326752444,1,05/04/2024 15:19:12,139619,19,task-eihb,,36771097,BLIND,10841758,,complete,,660ff40e8fbdb2d74f6b7513,computer,Desktop or Laptop,Windows 10,Chrome 123.0.0.0,1920x1080,1920x919,,,0,1i-3 A Training,4,,,1i-3,,,Pass,,1i-3 A Training,1i-3 A Training,8,Training02,TrainingB,2yfdu9,2,response,,2540.200000000361,2539,2540.200000000361,2540.200000000361,2539,2540.200000000361,1,2540.200000000361,0,0,,Click Response,Option A,4,object-245,1i-3,_,07,1i-3_07,2,Training02,34_FANLETTERS,ASK,.png,34_FANLETTERS_ASK.png,RUSP,WIM,34_FANLETTERS_RUSP_WIM.png,,RUSP WIM,34_FANLETTERS_ASK.png,34_FANLETTERS_DOTS.png,RUSP WIM,WOUX WAN,RUSP WIM,WOUX WAN,34_FANLETTERS_WOUX_WAN.png,,WOUX WAN,,,,
32,1712323165065,05/04/2024 13:19:25,1712326765065,1,05/04/2024 15:19:25,139619,19,task-eihb,,36771097,BLIND,10841758,,complete,,660ff40e8fbdb2d74f6b7513,computer,Desktop or Laptop,Windows 10,Chrome 123.0.0.0,1920x1080,1920x919,,,0,1i-3 A Training,4,,,1i-3,,,Pass,,1i-3 A Training,1i-3 A Training,8,Training02,TrainingC,1ouhhw,3,continue,,12622.20000000036,12618.799999999988,12622.20000000036,12622.20000000036,12618.799999999988,12622.20000000036,1,12622.20000000036,0,0,,Click To Continue,Continue Button,6,object-272,1i-3,_,07,1i-3_07,2,Training02,34_FANLETTERS,ASK,.png,34_FANLETTERS_ASK.png,RUSP,WIM,34_FANLETTERS_RUSP_WIM.png,,RUSP WIM,34_FANLETTERS_ASK.png,34_FANLETTERS_DOTS.png,RUSP WIM,WOUX WAN,RUSP WIM,WOUX WAN,34_FANLETTERS_WOUX_WAN.png,,WOUX WAN,,,,
33,1712323174613,05/04/2024 13:19:34,1712326774613,1,05/04/2024 15:19:34,139619,19,task-eihb,,36771097,BLIND,10841758,,complete,,660ff40e8fbdb2d74f6b7513,computer,Desktop or Laptop,Windows 10,Chrome 123.0.0.0,1920x1080,1920x919,,,0,1i-3 A Training,4,,,1i-3,,,Pass,,1i-3 A Training,1i-3 A Training,9,Training02,TrainingA,34efq7,1,response,ZETH WAN,3274.5,9545.599999999977,9550.400000000373,3274.5,9545.599999999977,9550.400000000373,1,3274.5,6275.9000000003725,0,,Single Text Entry,TextResponseA,4,object-97,1i-3,_,10,1i-3_10,3,Training02,19_BURYVOLDY,ASK,.png,19_BURYVOLDY_ASK.png,ZETH,WAN,19_BURYVOLDY_ZETH_WAN.png,,ZETH WAN,21_TEACHHOG_ASK.png,21_TEACHHOG_DOTS.png,ZETH WAN,RUSP WIM,ZETH WAN,RUSP WIM,21_TEACHHOG_RUSP_WIM.png,,RUSP WIM,,,,
34,1712323178102,05/04/2024 13:19:38,1712326778102,1,05/04/2024 15:19:38,139619,19,task-eihb,,36771097,BLIND,10841758,,complete,,660ff40e8fbdb2d74f6b7513,computer,Desktop or Laptop,Windows 10,Chrome 123.0.0.0,1920x1080,1920x919,,,0,1i-3 A Training,4,,,1i-3,,,Pass,,1i-3 A Training,1i-3 A Training,9,Training02,TrainingB,2yfdu9,2,response,,3493.800000000396,3489.600000000035,3493.800000000396,3493.800000000396,3489.600000000035,3493.800000000396,1,3493.800000000396,0,0,,Click Response,Option B,5,object-246,1i-3,_,10,1i-3_10,3,Training02,19_BURYVOLDY,ASK,.png,19_BURYVOLDY_ASK.png,ZETH,WAN,19_BURYVOLDY_ZETH_WAN.png,,ZETH WAN,21_TEACHHOG_ASK.png,21_TEACHHOG_DOTS.png,ZETH WAN,RUSP WIM,ZETH WAN,RUSP WIM,21_TEACHHOG_RUSP_WIM.png,,RUSP WIM,,,,
35,1712323187861,05/04/2024 13:19:47,1712326787861,1,05/04/2024 15:19:47,139619,19,task-eihb,,36771097,BLIND,10841758,,complete,,660ff40e8fbdb2d74f6b7513,computer,Desktop or Laptop,Windows 10,Chrome 123.0.0.0,1920x1080,1920x919,,,0,1i-3 A Training,4,,,1i-3,,,Pass,,1i-3 A Training,1i-3 A Training,9,Training02,TrainingC,1ouhhw,3,continue,,9763.70000000036,9760.599999999977,9763.70000000036,9763.70000000036,9760.599999999977,9763.70000000036,1,9763.70000000036,0,0,,Click To Continue,Continue Button,6,object-272,1i-3,_,10,1i-3_10,3,Training02,19_BURYVOLDY,ASK,.png,19_BURYVOLDY_ASK.png,ZETH,WAN,19_BURYVOLDY_ZETH_WAN.png,,ZETH WAN,21_TEACHHOG_ASK.png,21_TEACHHOG_DOTS.png,ZETH WAN,RUSP WIM,ZETH WAN,RUSP WIM,21_TEACHHOG_RUSP_WIM.png,,RUSP WIM,,,,
36,1712323198195,05/04/2024 13:19:58,1712326798195,1,05/04/2024 15:19:58,139619,19,task-eihb,,36771097,BLIND,10841758,,complete,,660ff40e8fbdb2d74f6b7513,computer,Desktop or Laptop,Windows 10,Chrome 123.0.0.0,1920x1080,1920x919,,,0,1i-3 A Training,4,,,1i-3,,,Pass,,1i-3 A Training,1i-3 A Training,10,Training02,TrainingA,34efq7,1,response,FICH WUNG,4536.900000000023,10329.600000000035,10336.500000000058,4536.900000000023,10329.600000000035,10336.500000000058,1,4536.900000000023,5799.600000000035,0,,Single Text Entry,TextResponseA,4,object-97,1i-3,_,09,1i-3_09,3,Training02,32_QWC,ASK,.png,32_QWC_ASK.png,FICH,WUNG,32_QWC_FICH_WUNG.png,,FICH WUNG,13_QUIBBLER_ASK.png,13_QUIBBLER_DOTS.png,FICH WUNG,WOUX WAN,FICH WUNG,WOUX WAN,13_QUIBBLER_WOUX_WAN.png,,WOUX WAN,,,,
37,1712323201390,05/04/2024 13:20:01,1712326801390,1,05/04/2024 15:20:01,139619,19,task-eihb,,36771097,BLIND,10841758,,complete,,660ff40e8fbdb2d74f6b7513,computer,Desktop or Laptop,Windows 10,Chrome 123.0.0.0,1920x1080,1920x919,,,0,1i-3 A Training,4,,,1i-3,,,Pass,,1i-3 A Training,1i-3 A Training,10,Training02,TrainingB,2yfdu9,2,response,,3202.0000000003492,3198.0999999999767,3202.0000000003492,3202.0000000003492,3198.0999999999767,3202.0000000003492,1,3202.0000000003492,0,0,,Click Response,Option A,4,object-245,1i-3,_,09,1i-3_09,3,Training02,32_QWC,ASK,.png,32_QWC_ASK.png,FICH,WUNG,32_QWC_FICH_WUNG.png,,FICH WUNG,13_QUIBBLER_ASK.png,13_QUIBBLER_DOTS.png,FICH WUNG,WOUX WAN,FICH WUNG,WOUX WAN,13_QUIBBLER_WOUX_WAN.png,,WOUX WAN,,,,
38,1712323206075,05/04/2024 13:20:06,1712326806075,1,05/04/2024 15:20:06,139619,19,task-eihb,,36771097,BLIND,10841758,,complete,,660ff40e8fbdb2d74f6b7513,computer,Desktop or Laptop,Windows 10,Chrome 123.0.0.0,1920x1080,1920x919,,,0,1i-3 A Training,4,,,1i-3,,,Pass,,1i-3 A Training,1i-3 A Training,10,Training02,TrainingC,1ouhhw,3,continue,,4689.400000000023,4682.5,4689.400000000023,4689.400000000023,4682.5,4689.400000000023,1,4689.400000000023,0,0,,Click To Continue,Continue Button,6,object-272,1i-3,_,09,1i-3_09,3,Training02,32_QWC,ASK,.png,32_QWC_ASK.png,FICH,WUNG,32_QWC_FICH_WUNG.png,,FICH WUNG,13_QUIBBLER_ASK.png,13_QUIBBLER_DOTS.png,FICH WUNG,WOUX WAN,FICH WUNG,WOUX WAN,13_QUIBBLER_WOUX_WAN.png,,WOUX WAN,,,,
39,1712323210728,05/04/2024 13:20:10,1712326810728,1,05/04/2024 15:20:10,139619,19,task-eihb,,36771097,BLIND,10841758,,complete,,660ff40e8fbdb2d74f6b7513,computer,Desktop or Laptop,Windows 10,Chrome 123.0.0.0,1920x1080,1920x919,,,0,1i-3 A Training,4,,,1i-3,,,Pass,,1i-3 A Training,1i-3 A Training,11,Training02,TrainingA,34efq7,1,response,WOUX WAN,2573.7999999999884,4655,4660,2573.7999999999884,4655,4660,1,2573.7999999999884,2086.2000000000116,0,,Single Text Entry,TextResponseA,4,object-97,1i-3,_,12,1i-3_12,3,Training02,14_MUNGOS,ASK,.png,14_MUNGOS_ASK.png,WOUX,WAN,14_MUNGOS_WOUX_WAN.png,,WOUX WAN,33_ROR_ASK.png,33_ROR_DOTS.png,FICH WUNG,WOUX WAN,WOUX WAN,FICH WUNG,33_ROR_FICH_WUNG.png,FICH WUNG,,,,,
40,1712323213916,05/04/2024 13:20:13,1712326813916,1,05/04/2024 15:20:13,139619,19,task-eihb,,36771097,BLIND,10841758,,complete,,660ff40e8fbdb2d74f6b7513,computer,Desktop or Laptop,Windows 10,Chrome 123.0.0.0,1920x1080,1920x919,,,0,1i-3 A Training,4,,,1i-3,,,Pass,,1i-3 A Training,1i-3 A Training,11,Training02,TrainingB,2yfdu9,2,response,,3193.2000000001863,3191.0999999999767,3193.2000000001863,3193.2000000001863,3191.0999999999767,3193.2000000001863,1,3193.2000000001863,0,0,,Click Response,Option A,4,object-245,1i-3,_,12,1i-3_12,3,Training02,14_MUNGOS,ASK,.png,14_MUNGOS_ASK.png,WOUX,WAN,14_MUNGOS_WOUX_WAN.png,,WOUX WAN,33_ROR_ASK.png,33_ROR_DOTS.png,FICH WUNG,WOUX WAN,WOUX WAN,FICH WUNG,33_ROR_FICH_WUNG.png,FICH WUNG,,,,,
41,1712323215300,05/04/2024 13:20:15,1712326815300,1,05/04/2024 15:20:15,139619,19,task-eihb,,36771097,BLIND,10841758,,complete,,660ff40e8fbdb2d74f6b7513,computer,Desktop or Laptop,Windows 10,Chrome 123.0.0.0,1920x1080,1920x919,,,0,1i-3 A Training,4,,,1i-3,,,Pass,,1i-3 A Training,1i-3 A Training,11,Training02,TrainingC,1ouhhw,3,continue,,1385.199999999837,1380.5,1385.199999999837,1385.199999999837,1380.5,1385.199999999837,1,1385.199999999837,0,0,,Click To Continue,Continue Button,6,object-272,1i-3,_,12,1i-3_12,3,Training02,14_MUNGOS,ASK,.png,14_MUNGOS_ASK.png,WOUX,WAN,14_MUNGOS_WOUX_WAN.png,,WOUX WAN,33_ROR_ASK.png,33_ROR_DOTS.png,FICH WUNG,WOUX WAN,WOUX WAN,FICH WUNG,33_ROR_FICH_WUNG.png,FICH WUNG,,,,,
42,1712323222829,05/04/2024 13:20:22,1712326822829,1,05/04/2024 15:20:22,139619,19,task-eihb,,36771097,BLIND,10841758,,complete,,660ff40e8fbdb2d74f6b7513,computer,Desktop or Laptop,Windows 10,Chrome 123.0.0.0,1920x1080,1920x919,,,0,1i-3 A Training,4,,,1i-3,,,Pass,,1i-3 A Training,1i-3 A Training,12,Training02,TrainingA,34efq7,1,response,RUSP WIM,2650,7526.900000000023,7533.800000000047,2650,7526.900000000023,7533.800000000047,1,2650,4883.800000000047,0,,Single Text Entry,TextResponseA,4,object-97,1i-3,_,11,1i-3_11,3,Training02,27_BESTSELLER,ASK,.png,27_BESTSELLER_ASK.png,RUSP,WIM,27_BESTSELLER_RUSP_WIM.png,,RUSP WIM,25_PROSECUTE_ASK.png,25_PROSECUTE_DOTS.png,ZETH WAN,RUSP WIM,RUSP WIM,ZETH WAN,25_PROSECUTE_ZETH_WAN.png,ZETH WAN,,,,,
43,1712323229331,05/04/2024 13:20:29,1712326829331,1,05/04/2024 15:20:29,139619,19,task-eihb,,36771097,BLIND,10841758,,complete,,660ff40e8fbdb2d74f6b7513,computer,Desktop or Laptop,Windows 10,Chrome 123.0.0.0,1920x1080,1920x919,,,0,1i-3 A Training,4,,,1i-3,,,Pass,,1i-3 A Training,1i-3 A Training,12,Training02,TrainingB,2yfdu9,2,response,,6509.600000000559,6507.099999999977,6509.600000000559,6509.600000000559,6507.099999999977,6509.600000000559,1,6509.600000000559,0,0,,Click Response,Option A,4,object-245,1i-3,_,11,1i-3_11,3,Training02,27_BESTSELLER,ASK,.png,27_BESTSELLER_ASK.png,RUSP,WIM,27_BESTSELLER_RUSP_WIM.png,,RUSP WIM,25_PROSECUTE_ASK.png,25_PROSECUTE_DOTS.png,ZETH WAN,RUSP WIM,RUSP WIM,ZETH WAN,25_PROSECUTE_ZETH_WAN.png,ZETH WAN,,,,,
44,1712323230278,05/04/2024 13:20:30,1712326830278,1,05/04/2024 15:20:30,139619,19,task-eihb,,36771097,BLIND,10841758,,complete,,660ff40e8fbdb2d74f6b7513,computer,Desktop or Laptop,Windows 10,Chrome 123.0.0.0,1920x1080,1920x919,,,0,1i-3 A Training,4,,,1i-3,,,Pass,,1i-3 A Training,1i-3 A Training,12,Training02,TrainingC,1ouhhw,3,continue,,949.4000000000233,943.6000000000349,949.4000000000233,949.4000000000233,943.6000000000349,949.4000000000233,1,949.4000000000233,0,0,,Click To Continue,Continue Button,6,object-272,1i-3,_,11,1i-3_11,3,Training02,27_BESTSELLER,ASK,.png,27_BESTSELLER_ASK.png,RUSP,WIM,27_BESTSELLER_RUSP_WIM.png,,RUSP WIM,25_PROSECUTE_ASK.png,25_PROSECUTE_DOTS.png,ZETH WAN,RUSP WIM,RUSP WIM,ZETH WAN,25_PROSECUTE_ZETH_WAN.png,ZETH WAN,,,,,
45,1712323253586,05/04/2024 13:20:53,1712326853586,1,05/04/2024 15:20:53,139619,19,task-eihb,,36771097,BLIND,10841758,,complete,,660ff40e8fbdb2d74f6b7513,computer,Desktop or Laptop,Windows 10,Chrome 123.0.0.0,1920x1080,1920x919,,,0,1i-3 A Training,4,,,1i-3,,,Pass,,1i-3 A Training,1i-3 A Training,13,Training02,TrainingA,34efq7,1,response,RUSP WIM,3010.7000000000116,23309.099999999977,23314.099999999802,3010.7000000000116,23309.099999999977,23314.099999999802,1,3010.7000000000116,20303.39999999979,0,,Single Text Entry,TextResponseA,4,object-97,1i-3,_,15,1i-3_15,4,Training02,06_MOM,ASK,.png,06_MOM_ASK.png,RUSP,WIM,06_MOM_RUSP_WIM.png,,RUSP WIM,26_ERISED_ASK.png,26_ERISED_DOTS.png,RUSP WIM,FICH WUNG,RUSP WIM,FICH WUNG,26_ERISED_FICH_WUNG.png,,FICH WUNG,,,,
46,1712323263858,05/04/2024 13:21:03,1712326863858,1,05/04/2024 15:21:03,139619,19,task-eihb,,36771097,BLIND,10841758,,complete,,660ff40e8fbdb2d74f6b7513,computer,Desktop or Laptop,Windows 10,Chrome 123.0.0.0,1920x1080,1920x919,,,0,1i-3 A Training,4,,,1i-3,,,Pass,,1i-3 A Training,1i-3 A Training,13,Training02,TrainingB,2yfdu9,2,response,,10277.499999999825,10274,10277.499999999825,10277.499999999825,10274,10277.499999999825,1,10277.499999999825,0,0,,Click Response,Option B,5,object-246,1i-3,_,15,1i-3_15,4,Training02,06_MOM,ASK,.png,06_MOM_ASK.png,RUSP,WIM,06_MOM_RUSP_WIM.png,,RUSP WIM,26_ERISED_ASK.png,26_ERISED_DOTS.png,RUSP WIM,FICH WUNG,RUSP WIM,FICH WUNG,26_ERISED_FICH_WUNG.png,,FICH WUNG,,,,
47,1712323275812,05/04/2024 13:21:15,1712326875812,1,05/04/2024 15:21:15,139619,19,task-eihb,,36771097,BLIND,10841758,,complete,,660ff40e8fbdb2d74f6b7513,computer,Desktop or Laptop,Windows 10,Chrome 123.0.0.0,1920x1080,1920x919,,,0,1i-3 A Training,4,,,1i-3,,,Pass,,1i-3 A Training,1i-3 A Training,13,Training02,TrainingC,1ouhhw,3,continue,,11957.200000000012,11952.900000000023,11957.200000000012,11957.200000000012,11952.900000000023,11957.200000000012,1,11957.200000000012,0,0,,Click To Continue,Continue Button,6,object-272,1i-3,_,15,1i-3_15,4,Training02,06_MOM,ASK,.png,06_MOM_ASK.png,RUSP,WIM,06_MOM_RUSP_WIM.png,,RUSP WIM,26_ERISED_ASK.png,26_ERISED_DOTS.png,RUSP WIM,FICH WUNG,RUSP WIM,FICH WUNG,26_ERISED_FICH_WUNG.png,,FICH WUNG,,,,
48,1712323288480,05/04/2024 13:21:28,1712326888480,1,05/04/2024 15:21:28,139619,19,task-eihb,,36771097,BLIND,10841758,,complete,,660ff40e8fbdb2d74f6b7513,computer,Desktop or Laptop,Windows 10,Chrome 123.0.0.0,1920x1080,1920x919,,,0,1i-3 A Training,4,,,1i-3,,,Pass,,1i-3 A Training,1i-3 A Training,14,Training02,TrainingA,34efq7,1,response,FICH WUNG,10287.899999999965,12667.399999999965,12671.599999999802,10287.899999999965,12667.399999999965,12671.599999999802,1,10287.899999999965,2383.699999999837,0,,Single Text Entry,TextResponseA,4,object-97,1i-3,_,13,1i-3_13,4,Training02,11_RONWAND,ASK,.png,11_RONWAND_ASK.png,FICH,WUNG,11_RONWAND_FICH_WUNG.png,,FICH WUNG,06_MOM_ASK.png,06_MOM_DOTS.png,ZETH WAN,FICH WUNG,FICH WUNG,ZETH WAN,06_MOM_ZETH_WAN.png,ZETH WAN,,,,,
49,1712323294394,05/04/2024 13:21:34,1712326894394,1,05/04/2024 15:21:34,139619,19,task-eihb,,36771097,BLIND,10841758,,complete,,660ff40e8fbdb2d74f6b7513,computer,Desktop or Laptop,Windows 10,Chrome 123.0.0.0,1920x1080,1920x919,,,0,1i-3 A Training,4,,,1i-3,,,Pass,,1i-3 A Training,1i-3 A Training,14,Training02,TrainingB,2yfdu9,2,response,,5918.400000000023,5917.5,5918.400000000023,5918.400000000023,5917.5,5918.400000000023,1,5918.400000000023,0,0,,Click Response,Option A,4,object-245,1i-3,_,13,1i-3_13,4,Training02,11_RONWAND,ASK,.png,11_RONWAND_ASK.png,FICH,WUNG,11_RONWAND_FICH_WUNG.png,,FICH WUNG,06_MOM_ASK.png,06_MOM_DOTS.png,ZETH WAN,FICH WUNG,FICH WUNG,ZETH WAN,06_MOM_ZETH_WAN.png,ZETH WAN,,,,,
50,1712323298426,05/04/2024 13:21:38,1712326898426,1,05/04/2024 15:21:38,139619,19,task-eihb,,36771097,BLIND,10841758,,complete,,660ff40e8fbdb2d74f6b7513,computer,Desktop or Laptop,Windows 10,Chrome 123.0.0.0,1920x1080,1920x919,,,0,1i-3 A Training,4,,,1i-3,,,Pass,,1i-3 A Training,1i-3 A Training,14,Training02,TrainingC,1ouhhw,3,continue,,4032.6000000002095,4030.600000000035,4032.6000000002095,4032.6000000002095,4030.600000000035,4032.6000000002095,1,4032.6000000002095,0,0,,Click To Continue,Continue Button,6,object-272,1i-3,_,13,1i-3_13,4,Training02,11_RONWAND,ASK,.png,11_RONWAND_ASK.png,FICH,WUNG,11_RONWAND_FICH_WUNG.png,,FICH WUNG,06_MOM_ASK.png,06_MOM_DOTS.png,ZETH WAN,FICH WUNG,FICH WUNG,ZETH WAN,06_MOM_ZETH_WAN.png,ZETH WAN,,,,,
51,1712323305865,05/04/2024 13:21:45,1712326905865,1,05/04/2024 15:21:45,139619,19,task-eihb,,36771097,BLIND,10841758,,complete,,660ff40e8fbdb2d74f6b7513,computer,Desktop or Laptop,Windows 10,Chrome 123.0.0.0,1920x1080,1920x919,,,0,1i-3 A Training,4,,,1i-3,,,Pass,,1i-3 A Training,1i-3 A Training,15,Training02,TrainingA,34efq7,1,response,WOUX WAN,5230.700000000012,7436.700000000012,7440.900000000547,5230.700000000012,7436.700000000012,7440.900000000547,1,5230.700000000012,2210.2000000005355,0,,Single Text Entry,TextResponseA,4,object-97,1i-3,_,16,1i-3_16,4,Training02,42_ENGLAND,ASK,.png,42_ENGLAND_ASK.png,WOUX,WAN,42_ENGLAND_WOUX_WAN.png,,WOUX WAN,41_PIXIE_ASK.png,41_PIXIE_DOTS.png,RUSP WIM,WOUX WAN,WOUX WAN,RUSP WIM,41_PIXIE_RUSP_WIM.png,RUSP WIM,,,,,
52,1712323314515,05/04/2024 13:21:54,1712326914515,1,05/04/2024 15:21:54,139619,19,task-eihb,,36771097,BLIND,10841758,,complete,,660ff40e8fbdb2d74f6b7513,computer,Desktop or Laptop,Windows 10,Chrome 123.0.0.0,1920x1080,1920x919,,,0,1i-3 A Training,4,,,1i-3,,,Pass,,1i-3 A Training,1i-3 A Training,15,Training02,TrainingB,2yfdu9,2,response,,8654.300000000163,8650.699999999953,8654.300000000163,8654.300000000163,8650.699999999953,8654.300000000163,1,8654.300000000163,0,0,,Click Response,Option A,4,object-245,1i-3,_,16,1i-3_16,4,Training02,42_ENGLAND,ASK,.png,42_ENGLAND_ASK.png,WOUX,WAN,42_ENGLAND_WOUX_WAN.png,,WOUX WAN,41_PIXIE_ASK.png,41_PIXIE_DOTS.png,RUSP WIM,WOUX WAN,WOUX WAN,RUSP WIM,41_PIXIE_RUSP_WIM.png,RUSP WIM,,,,,
53,1712323315334,05/04/2024 13:21:55,1712326915334,1,05/04/2024 15:21:55,139619,19,task-eihb,,36771097,BLIND,10841758,,complete,,660ff40e8fbdb2d74f6b7513,computer,Desktop or Laptop,Windows 10,Chrome 123.0.0.0,1920x1080,1920x919,,,0,1i-3 A Training,4,,,1i-3,,,Pass,,1i-3 A Training,1i-3 A Training,15,Training02,TrainingC,1ouhhw,3,continue,,823.0000000005821,818.6000000000349,823.0000000005821,823.0000000005821,818.6000000000349,823.0000000005821,1,823.0000000005821,0,0,,Click To Continue,Continue Button,6,object-272,1i-3,_,16,1i-3_16,4,Training02,42_ENGLAND,ASK,.png,42_ENGLAND_ASK.png,WOUX,WAN,42_ENGLAND_WOUX_WAN.png,,WOUX WAN,41_PIXIE_ASK.png,41_PIXIE_DOTS.png,RUSP WIM,WOUX WAN,WOUX WAN,RUSP WIM,41_PIXIE_RUSP_WIM.png,RUSP WIM,,,,,
54,1712323320714,05/04/2024 13:22:00,1712326920714,1,05/04/2024 15:22:00,139619,19,task-eihb,,36771097,BLIND,10841758,,complete,,660ff40e8fbdb2d74f6b7513,computer,Desktop or Laptop,Windows 10,Chrome 123.0.0.0,1920x1080,1920x919,,,0,1i-3 A Training,4,,,1i-3,,,Pass,,1i-3 A Training,1i-3 A Training,16,Training02,TrainingA,34efq7,1,response,ZETH WAN,2962.2999999999884,5376.399999999965,5383.399999999965,2962.2999999999884,5376.399999999965,5383.399999999965,1,2962.2999999999884,2421.0999999999767,0,,Single Text Entry,TextResponseA,4,object-97,1i-3,_,14,1i-3_14,4,Training02,33_ROR,ASK,.png,33_ROR_ASK.png,ZETH,WAN,33_ROR_ZETH_WAN.png,,ZETH WAN,19_BURYVOLDY_ASK.png,19_BURYVOLDY_DOTS.png,ZETH WAN,WOUX WAN,ZETH WAN,WOUX WAN,19_BURYVOLDY_WOUX_WAN.png,,WOUX WAN,,,,
55,1712323325569,05/04/2024 13:22:05,1712326925569,1,05/04/2024 15:22:05,139619,19,task-eihb,,36771097,BLIND,10841758,,complete,,660ff40e8fbdb2d74f6b7513,computer,Desktop or Laptop,Windows 10,Chrome 123.0.0.0,1920x1080,1920x919,,,0,1i-3 A Training,4,,,1i-3,,,Pass,,1i-3 A Training,1i-3 A Training,16,Training02,TrainingB,2yfdu9,2,response,,4862.899999999965,4856,4862.899999999965,4862.899999999965,4856,4862.899999999965,1,4862.899999999965,0,0,,Click Response,Option A,4,object-245,1i-3,_,14,1i-3_14,4,Training02,33_ROR,ASK,.png,33_ROR_ASK.png,ZETH,WAN,33_ROR_ZETH_WAN.png,,ZETH WAN,19_BURYVOLDY_ASK.png,19_BURYVOLDY_DOTS.png,ZETH WAN,WOUX WAN,ZETH WAN,WOUX WAN,19_BURYVOLDY_WOUX_WAN.png,,WOUX WAN,,,,
56,1712323338341,05/04/2024 13:22:18,1712326938341,1,05/04/2024 15:22:18,139619,19,task-eihb,,36771097,BLIND,10841758,,complete,,660ff40e8fbdb2d74f6b7513,computer,Desktop or Laptop,Windows 10,Chrome 123.0.0.0,1920x1080,1920x919,,,0,1i-3 A Training,4,,,1i-3,,,Pass,,1i-3 A Training,1i-3 A Training,16,Training02,TrainingC,1ouhhw,3,continue,,12778.300000000396,12771.599999999977,12778.300000000396,12778.300000000396,12771.599999999977,12778.300000000396,1,12778.300000000396,0,0,,Click To Continue,Continue Button,6,object-272,1i-3,_,14,1i-3_14,4,Training02,33_ROR,ASK,.png,33_ROR_ASK.png,ZETH,WAN,33_ROR_ZETH_WAN.png,,ZETH WAN,19_BURYVOLDY_ASK.png,19_BURYVOLDY_DOTS.png,ZETH WAN,WOUX WAN,ZETH WAN,WOUX WAN,19_BURYVOLDY_WOUX_WAN.png,,WOUX WAN,,,,
57,1712323345222,05/04/2024 13:22:25,1712326945222,1,05/04/2024 15:22:25,139619,19,task-eihb,,36771097,BLIND,10841758,,complete,,660ff40e8fbdb2d74f6b7513,computer,Desktop or Laptop,Windows 10,Chrome 123.0.0.0,1920x1080,1920x919,,,0,1i-3 A Training,4,,,1i-3,,,Pass,,1i-3 A Training,1i-3 A Training,17,Training02,TrainingA,34efq7,1,response,FICH WUNG,2566.8000000000466,6881.800000000047,6888.400000000605,2566.8000000000466,6881.800000000047,6888.400000000605,1,2566.8000000000466,4321.600000000559,0,,Single Text Entry,TextResponseA,4,object-97,1i-3,_,17,1i-3_17,5,Training02,25_PROSECUTE,ASK,.png,25_PROSECUTE_ASK.png,FICH,WUNG,25_PROSECUTE_FICH_WUNG.png,,FICH WUNG,04_WHEEZES_ASK.png,04_WHEEZES_DOTS.png,RUSP WIM,FICH WUNG,FICH WUNG,RUSP WIM,04_WHEEZES_RUSP_WIM.png,RUSP WIM,,,,,
58,1712323350893,05/04/2024 13:22:30,1712326950893,1,05/04/2024 15:22:30,139619,19,task-eihb,,36771097,BLIND,10841758,,complete,,660ff40e8fbdb2d74f6b7513,computer,Desktop or Laptop,Windows 10,Chrome 123.0.0.0,1920x1080,1920x919,,,0,1i-3 A Training,4,,,1i-3,,,Pass,,1i-3 A Training,1i-3 A Training,17,Training02,TrainingB,2yfdu9,2,response,,5677.4000000003725,5674.5,5677.4000000003725,5677.4000000003725,5674.5,5677.4000000003725,1,5677.4000000003725,0,0,,Click Response,Option B,5,object-246,1i-3,_,17,1i-3_17,5,Training02,25_PROSECUTE,ASK,.png,25_PROSECUTE_ASK.png,FICH,WUNG,25_PROSECUTE_FICH_WUNG.png,,FICH WUNG,04_WHEEZES_ASK.png,04_WHEEZES_DOTS.png,RUSP WIM,FICH WUNG,FICH WUNG,RUSP WIM,04_WHEEZES_RUSP_WIM.png,RUSP WIM,,,,,
59,1712323355746,05/04/2024 13:22:35,1712326955746,1,05/04/2024 15:22:35,139619,19,task-eihb,,36771097,BLIND,10841758,,complete,,660ff40e8fbdb2d74f6b7513,computer,Desktop or Laptop,Windows 10,Chrome 123.0.0.0,1920x1080,1920x919,,,0,1i-3 A Training,4,,,1i-3,,,Pass,,1i-3 A Training,1i-3 A Training,17,Training02,TrainingC,1ouhhw,3,continue,,4855.4000000003725,4849.300000000047,4855.4000000003725,4855.4000000003725,4849.300000000047,4855.4000000003725,1,4855.4000000003725,0,0,,Click To Continue,Continue Button,6,object-272,1i-3,_,17,1i-3_17,5,Training02,25_PROSECUTE,ASK,.png,25_PROSECUTE_ASK.png,FICH,WUNG,25_PROSECUTE_FICH_WUNG.png,,FICH WUNG,04_WHEEZES_ASK.png,04_WHEEZES_DOTS.png,RUSP WIM,FICH WUNG,FICH WUNG,RUSP WIM,04_WHEEZES_RUSP_WIM.png,RUSP WIM,,,,,
60,1712323359230,05/04/2024 13:22:39,1712326959230,1,05/04/2024 15:22:39,139619,19,task-eihb,,36771097,BLIND,10841758,,complete,,660ff40e8fbdb2d74f6b7513,computer,Desktop or Laptop,Windows 10,Chrome 123.0.0.0,1920x1080,1920x919,,,0,1i-3 A Training,4,,,1i-3,,,Pass,,1i-3 A Training,1i-3 A Training,18,Training02,TrainingA,34efq7,1,response,ZETH WAN,1387.3999999999069,3489.29999999993,3490.6999999999534,1387.3999999999069,3489.29999999993,3490.6999999999534,1,1387.3999999999069,2103.3000000000466,0,,Single Text Entry,TextResponseA,4,object-97,1i-3,_,18,1i-3_18,5,Training02,05_AUROR,ASK,.png,05_AUROR_ASK.png,ZETH,WAN,05_AUROR_ZETH_WAN.png,,ZETH WAN,11_RONWAND_ASK.png,11_RONWAND_DOTS.png,ZETH WAN,FICH WUNG,ZETH WAN,FICH WUNG,11_RONWAND_FICH_WUNG.png,,FICH WUNG,,,,
61,1712323364547,05/04/2024 13:22:44,1712326964547,1,05/04/2024 15:22:44,139619,19,task-eihb,,36771097,BLIND,10841758,,complete,,660ff40e8fbdb2d74f6b7513,computer,Desktop or Laptop,Windows 10,Chrome 123.0.0.0,1920x1080,1920x919,,,0,1i-3 A Training,4,,,1i-3,,,Pass,,1i-3 A Training,1i-3 A Training,18,Training02,TrainingB,2yfdu9,2,response,,5318.500000000582,5314,5318.500000000582,5318.500000000582,5314,5318.500000000582,1,5318.500000000582,0,0,,Click Response,Option B,5,object-246,1i-3,_,18,1i-3_18,5,Training02,05_AUROR,ASK,.png,05_AUROR_ASK.png,ZETH,WAN,05_AUROR_ZETH_WAN.png,,ZETH WAN,11_RONWAND_ASK.png,11_RONWAND_DOTS.png,ZETH WAN,FICH WUNG,ZETH WAN,FICH WUNG,11_RONWAND_FICH_WUNG.png,,FICH WUNG,,,,
62,1712323365438,05/04/2024 13:22:45,1712326965438,1,05/04/2024 15:22:45,139619,19,task-eihb,,36771097,BLIND,10841758,,complete,,660ff40e8fbdb2d74f6b7513,computer,Desktop or Laptop,Windows 10,Chrome 123.0.0.0,1920x1080,1920x919,,,0,1i-3 A Training,4,,,1i-3,,,Pass,,1i-3 A Training,1i-3 A Training,18,Training02,TrainingC,1ouhhw,3,continue,,895.8000000003958,894.9000000000233,895.8000000003958,895.8000000003958,894.9000000000233,895.8000000003958,1,895.8000000003958,0,0,,Click To Continue,Continue Button,6,object-272,1i-3,_,18,1i-3_18,5,Training02,05_AUROR,ASK,.png,05_AUROR_ASK.png,ZETH,WAN,05_AUROR_ZETH_WAN.png,,ZETH WAN,11_RONWAND_ASK.png,11_RONWAND_DOTS.png,ZETH WAN,FICH WUNG,ZETH WAN,FICH WUNG,11_RONWAND_FICH_WUNG.png,,FICH WUNG,,,,
63,1712323368915,05/04/2024 13:22:48,1712326968915,1,05/04/2024 15:22:48,139619,19,task-eihb,,36771097,BLIND,10841758,,complete,,660ff40e8fbdb2d74f6b7513,computer,Desktop or Laptop,Windows 10,Chrome 123.0.0.0,1920x1080,1920x919,,,0,1i-3 A Training,4,,,1i-3,,,Pass,,1i-3 A Training,1i-3 A Training,19,Training02,TrainingA,34efq7,1,response,RUSP WIM,1637.1999999999534,3475.5,3477.7999999998137,1637.1999999999534,3475.5,3477.7999999998137,1,1637.1999999999534,1840.5999999998603,0,,Single Text Entry,TextResponseA,4,object-97,1i-3,_,19,1i-3_19,5,Training02,41_PIXIE,ASK,.png,41_PIXIE_ASK.png,RUSP,WIM,41_PIXIE_RUSP_WIM.png,,RUSP WIM,35_PROPHET_ASK.png,35_PROPHET_DOTS.png,WOUX WAN,RUSP WIM,RUSP WIM,WOUX WAN,35_PROPHET_WOUX_WAN.png,WOUX WAN,,,,,
64,1712323374020,05/04/2024 13:22:54,1712326974020,1,05/04/2024 15:22:54,139619,19,task-eihb,,36771097,BLIND,10841758,,complete,,660ff40e8fbdb2d74f6b7513,computer,Desktop or Laptop,Windows 10,Chrome 123.0.0.0,1920x1080,1920x919,,,0,1i-3 A Training,4,,,1i-3,,,Pass,,1i-3 A Training,1i-3 A Training,19,Training02,TrainingB,2yfdu9,2,response,,5106.9000000003725,5105.900000000023,5106.9000000003725,5106.9000000003725,5105.900000000023,5106.9000000003725,1,5106.9000000003725,0,0,,Click Response,Option A,4,object-245,1i-3,_,19,1i-3_19,5,Training02,41_PIXIE,ASK,.png,41_PIXIE_ASK.png,RUSP,WIM,41_PIXIE_RUSP_WIM.png,,RUSP WIM,35_PROPHET_ASK.png,35_PROPHET_DOTS.png,WOUX WAN,RUSP WIM,RUSP WIM,WOUX WAN,35_PROPHET_WOUX_WAN.png,WOUX WAN,,,,,
65,1712323374805,05/04/2024 13:22:54,1712326974805,1,05/04/2024 15:22:54,139619,19,task-eihb,,36771097,BLIND,10841758,,complete,,660ff40e8fbdb2d74f6b7513,computer,Desktop or Laptop,Windows 10,Chrome 123.0.0.0,1920x1080,1920x919,,,0,1i-3 A Training,4,,,1i-3,,,Pass,,1i-3 A Training,1i-3 A Training,19,Training02,TrainingC,1ouhhw,3,continue,,786.2000000005355,783.7999999999302,786.2000000005355,786.2000000005355,783.7999999999302,786.2000000005355,1,786.2000000005355,0,0,,Click To Continue,Continue Button,6,object-272,1i-3,_,19,1i-3_19,5,Training02,41_PIXIE,ASK,.png,41_PIXIE_ASK.png,RUSP,WIM,41_PIXIE_RUSP_WIM.png,,RUSP WIM,35_PROPHET_ASK.png,35_PROPHET_DOTS.png,WOUX WAN,RUSP WIM,RUSP WIM,WOUX WAN,35_PROPHET_WOUX_WAN.png,WOUX WAN,,,,,
66,1712323379386,05/04/2024 13:22:59,1712326979386,1,05/04/2024 15:22:59,139619,19,task-eihb,,36771097,BLIND,10841758,,complete,,660ff40e8fbdb2d74f6b7513,computer,Desktop or Laptop,Windows 10,Chrome 123.0.0.0,1920x1080,1920x919,,,0,1i-3 A Training,4,,,1i-3,,,Pass,,1i-3 A Training,1i-3 A Training,20,Training02,TrainingA,34efq7,1,response,WOUX WAN,1769.1000000000931,4578.70000000007,4583.000000000233,1769.1000000000931,4578.70000000007,4583.000000000233,1,1769.1000000000931,2813.9000000001397,0,,Single Text Entry,TextResponseA,4,object-97,1i-3,_,20,1i-3_20,5,Training02,21_TEACHHOG,ASK,.png,21_TEACHHOG_ASK.png,WOUX,WAN,21_TEACHHOG_WOUX_WAN.png,,WOUX WAN,42_ENGLAND_ASK.png,42_ENGLAND_DOTS.png,WOUX WAN,ZETH WAN,WOUX WAN,ZETH WAN,42_ENGLAND_ZETH_WAN.png,,ZETH WAN,,,,
67,1712323380243,05/04/2024 13:23:00,1712326980243,1,05/04/2024 15:23:00,139619,19,task-eihb,,36771097,BLIND,10841758,,complete,,660ff40e8fbdb2d74f6b7513,computer,Desktop or Laptop,Windows 10,Chrome 123.0.0.0,1920x1080,1920x919,,,0,1i-3 A Training,4,,,1i-3,,,Pass,,1i-3 A Training,1i-3 A Training,20,Training02,TrainingB,2yfdu9,2,response,,861.7000000005355,860.1999999999534,861.7000000005355,861.7000000005355,860.1999999999534,861.7000000005355,1,861.7000000005355,0,0,,Click Response,Option A,4,object-245,1i-3,_,20,1i-3_20,5,Training02,21_TEACHHOG,ASK,.png,21_TEACHHOG_ASK.png,WOUX,WAN,21_TEACHHOG_WOUX_WAN.png,,WOUX WAN,42_ENGLAND_ASK.png,42_ENGLAND_DOTS.png,WOUX WAN,ZETH WAN,WOUX WAN,ZETH WAN,42_ENGLAND_ZETH_WAN.png,,ZETH WAN,,,,
68,1712323380976,05/04/2024 13:23:00,1712326980976,1,05/04/2024 15:23:00,139619,19,task-eihb,,36771097,BLIND,10841758,,complete,,660ff40e8fbdb2d74f6b7513,computer,Desktop or Laptop,Windows 10,Chrome 123.0.0.0,1920x1080,1920x919,,,0,1i-3 A Training,4,,,1i-3,,,Pass,,1i-3 A Training,1i-3 A Training,20,Training02,TrainingC,1ouhhw,3,continue,,734.699999999837,728.4000000000233,734.699999999837,734.699999999837,728.4000000000233,734.699999999837,1,734.699999999837,0,0,,Click To Continue,Continue Button,6,object-272,1i-3,_,20,1i-3_20,5,Training02,21_TEACHHOG,ASK,.png,21_TEACHHOG_ASK.png,WOUX,WAN,21_TEACHHOG_WOUX_WAN.png,,WOUX WAN,42_ENGLAND_ASK.png,42_ENGLAND_DOTS.png,WOUX WAN,ZETH WAN,WOUX WAN,ZETH WAN,42_ENGLAND_ZETH_WAN.png,,ZETH WAN,,,,
69,1712323384202,05/04/2024 13:23:04,1712326984202,1,05/04/2024 15:23:04,139619,19,task-eihb,,36771097,BLIND,10841758,,complete,,660ff40e8fbdb2d74f6b7513,computer,Desktop or Laptop,Windows 10,Chrome 123.0.0.0,1920x1080,1920x919,,,0,1i-3 A Training,4,,,1i-3,,,Pass,,1i-3 A Training,1i-3 A Training,21,Training02,TrainingA,34efq7,1,response,RUSP WIM,1311.0999999999767,3225.8000000000466,3231.9000000003725,1311.0999999999767,3225.8000000000466,3231.9000000003725,1,1311.0999999999767,1920.8000000003958,0,,Single Text Entry,TextResponseA,4,object-97,1i-3,_,23,1i-3_23,6,Training02,20_PULLSWORD,ASK,.png,20_PULLSWORD_ASK.png,RUSP,WIM,20_PULLSWORD_RUSP_WIM.png,,RUSP WIM,28_GALLEONS_ASK.png,28_GALLEONS_DOTS.png,RUSP WIM,ZETH WAN,RUSP WIM,ZETH WAN,28_GALLEONS_ZETH_WAN.png,,ZETH WAN,,,,
70,1712323385184,05/04/2024 13:23:05,1712326985184,1,05/04/2024 15:23:05,139619,19,task-eihb,,36771097,BLIND,10841758,,complete,,660ff40e8fbdb2d74f6b7513,computer,Desktop or Laptop,Windows 10,Chrome 123.0.0.0,1920x1080,1920x919,,,0,1i-3 A Training,4,,,1i-3,,,Pass,,1i-3 A Training,1i-3 A Training,21,Training02,TrainingB,2yfdu9,2,response,,988.4999999997672,985,988.4999999997672,988.4999999997672,985,988.4999999997672,1,988.4999999997672,0,0,,Click Response,Option B,5,object-246,1i-3,_,23,1i-3_23,6,Training02,20_PULLSWORD,ASK,.png,20_PULLSWORD_ASK.png,RUSP,WIM,20_PULLSWORD_RUSP_WIM.png,,RUSP WIM,28_GALLEONS_ASK.png,28_GALLEONS_DOTS.png,RUSP WIM,ZETH WAN,RUSP WIM,ZETH WAN,28_GALLEONS_ZETH_WAN.png,,ZETH WAN,,,,
71,1712323385879,05/04/2024 13:23:05,1712326985879,1,05/04/2024 15:23:05,139619,19,task-eihb,,36771097,BLIND,10841758,,complete,,660ff40e8fbdb2d74f6b7513,computer,Desktop or Laptop,Windows 10,Chrome 123.0.0.0,1920x1080,1920x919,,,0,1i-3 A Training,4,,,1i-3,,,Pass,,1i-3 A Training,1i-3 A Training,21,Training02,TrainingC,1ouhhw,3,continue,,697.6999999999534,693.7999999999302,697.6999999999534,697.6999999999534,693.7999999999302,697.6999999999534,1,697.6999999999534,0,0,,Click To Continue,Continue Button,6,object-272,1i-3,_,23,1i-3_23,6,Training02,20_PULLSWORD,ASK,.png,20_PULLSWORD_ASK.png,RUSP,WIM,20_PULLSWORD_RUSP_WIM.png,,RUSP WIM,28_GALLEONS_ASK.png,28_GALLEONS_DOTS.png,RUSP WIM,ZETH WAN,RUSP WIM,ZETH WAN,28_GALLEONS_ZETH_WAN.png,,ZETH WAN,,,,
72,1712323389782,05/04/2024 13:23:09,1712326989782,1,05/04/2024 15:23:09,139619,19,task-eihb,,36771097,BLIND,10841758,,complete,,660ff40e8fbdb2d74f6b7513,computer,Desktop or Laptop,Windows 10,Chrome 123.0.0.0,1920x1080,1920x919,,,0,1i-3 A Training,4,,,1i-3,,,Pass,,1i-3 A Training,1i-3 A Training,22,Training02,TrainingA,34efq7,1,response,FICH WUNG,1290.3000000000466,3905.5999999999767,3907.800000000396,1290.3000000000466,3905.5999999999767,3907.800000000396,1,1290.3000000000466,2617.5000000003492,0,,Single Text Entry,TextResponseA,4,object-97,1i-3,_,21,1i-3_21,6,Training02,39_STOPHAGRID,ASK,.png,39_STOPHAGRID_ASK.png,FICH,WUNG,39_STOPHAGRID_FICH_WUNG.png,,FICH WUNG,14_MUNGOS_ASK.png,14_MUNGOS_DOTS.png,WOUX WAN,FICH WUNG,FICH WUNG,WOUX WAN,14_MUNGOS_WOUX_WAN.png,WOUX WAN,,,,,
73,1712323390626,05/04/2024 13:23:10,1712326990626,1,05/04/2024 15:23:10,139619,19,task-eihb,,36771097,BLIND,10841758,,complete,,660ff40e8fbdb2d74f6b7513,computer,Desktop or Laptop,Windows 10,Chrome 123.0.0.0,1920x1080,1920x919,,,0,1i-3 A Training,4,,,1i-3,,,Pass,,1i-3 A Training,1i-3 A Training,22,Training02,TrainingB,2yfdu9,2,response,,845.8000000000466,839.5,845.8000000000466,845.8000000000466,839.5,845.8000000000466,1,845.8000000000466,0,0,,Click Response,Option A,4,object-245,1i-3,_,21,1i-3_21,6,Training02,39_STOPHAGRID,ASK,.png,39_STOPHAGRID_ASK.png,FICH,WUNG,39_STOPHAGRID_FICH_WUNG.png,,FICH WUNG,14_MUNGOS_ASK.png,14_MUNGOS_DOTS.png,WOUX WAN,FICH WUNG,FICH WUNG,WOUX WAN,14_MUNGOS_WOUX_WAN.png,WOUX WAN,,,,,
74,1712323391297,05/04/2024 13:23:11,1712326991297,1,05/04/2024 15:23:11,139619,19,task-eihb,,36771097,BLIND,10841758,,complete,,660ff40e8fbdb2d74f6b7513,computer,Desktop or Laptop,Windows 10,Chrome 123.0.0.0,1920x1080,1920x919,,,0,1i-3 A Training,4,,,1i-3,,,Pass,,1i-3 A Training,1i-3 A Training,22,Training02,TrainingC,1ouhhw,3,continue,,676.9000000006054,672.8000000000466,676.9000000006054,676.9000000006054,672.8000000000466,676.9000000006054,1,676.9000000006054,0,0,,Click To Continue,Continue Button,6,object-272,1i-3,_,21,1i-3_21,6,Training02,39_STOPHAGRID,ASK,.png,39_STOPHAGRID_ASK.png,FICH,WUNG,39_STOPHAGRID_FICH_WUNG.png,,FICH WUNG,14_MUNGOS_ASK.png,14_MUNGOS_DOTS.png,WOUX WAN,FICH WUNG,FICH WUNG,WOUX WAN,14_MUNGOS_WOUX_WAN.png,WOUX WAN,,,,,
75,1712323394465,05/04/2024 13:23:14,1712326994465,1,05/04/2024 15:23:14,139619,19,task-eihb,,36771097,BLIND,10841758,,complete,,660ff40e8fbdb2d74f6b7513,computer,Desktop or Laptop,Windows 10,Chrome 123.0.0.0,1920x1080,1920x919,,,0,1i-3 A Training,4,,,1i-3,,,Pass,,1i-3 A Training,1i-3 A Training,23,Training02,TrainingA,34efq7,1,response,ZETH WAN,1158.5999999999767,3170.4000000000233,3172.7999999998137,1158.5999999999767,3170.4000000000233,3172.7999999998137,1,1158.5999999999767,2014.199999999837,0,,Single Text Entry,TextResponseA,4,object-97,1i-3,_,22,1i-3_22,6,Training02,26_ERISED,ASK,.png,26_ERISED_ASK.png,ZETH,WAN,26_ERISED_ZETH_WAN.png,,ZETH WAN,18_LIVEGODRIC_ASK.png,18_LIVEGODRIC_DOTS.png,RUSP WIM,ZETH WAN,ZETH WAN,RUSP WIM,18_LIVEGODRIC_RUSP_WIM.png,RUSP WIM,,,,,
76,1712323394669,05/04/2024 13:23:14,1712326994669,1,05/04/2024 15:23:14,139619,19,task-eihb,,36771097,BLIND,10841758,,complete,,660ff40e8fbdb2d74f6b7513,computer,Desktop or Laptop,Windows 10,Chrome 123.0.0.0,1920x1080,1920x919,,,0,1i-3 A Training,4,,,1i-3,,,Pass,,1i-3 A Training,1i-3 A Training,23,Training02,TrainingB,2yfdu9,2,response,,205.80000000016298,201.19999999995343,205.80000000016298,205.80000000016298,201.19999999995343,205.80000000016298,1,205.80000000016298,0,0,,Click Response,Option B,5,object-246,1i-3,_,22,1i-3_22,6,Training02,26_ERISED,ASK,.png,26_ERISED_ASK.png,ZETH,WAN,26_ERISED_ZETH_WAN.png,,ZETH WAN,18_LIVEGODRIC_ASK.png,18_LIVEGODRIC_DOTS.png,RUSP WIM,ZETH WAN,ZETH WAN,RUSP WIM,18_LIVEGODRIC_RUSP_WIM.png,RUSP WIM,,,,,
77,1712323395637,05/04/2024 13:23:15,1712326995637,1,05/04/2024 15:23:15,139619,19,task-eihb,,36771097,BLIND,10841758,,complete,,660ff40e8fbdb2d74f6b7513,computer,Desktop or Laptop,Windows 10,Chrome 123.0.0.0,1920x1080,1920x919,,,0,1i-3 A Training,4,,,1i-3,,,Pass,,1i-3 A Training,1i-3 A Training,23,Training02,TrainingC,1ouhhw,3,continue,,973.199999999837,971.2000000000698,973.199999999837,973.199999999837,971.2000000000698,973.199999999837,1,973.199999999837,0,0,,Click To Continue,Continue Button,6,object-272,1i-3,_,22,1i-3_22,6,Training02,26_ERISED,ASK,.png,26_ERISED_ASK.png,ZETH,WAN,26_ERISED_ZETH_WAN.png,,ZETH WAN,18_LIVEGODRIC_ASK.png,18_LIVEGODRIC_DOTS.png,RUSP WIM,ZETH WAN,ZETH WAN,RUSP WIM,18_LIVEGODRIC_RUSP_WIM.png,RUSP WIM,,,,,
78,1712323399868,05/04/2024 13:23:19,1712326999868,1,05/04/2024 15:23:19,139619,19,task-eihb,,36771097,BLIND,10841758,,complete,,660ff40e8fbdb2d74f6b7513,computer,Desktop or Laptop,Windows 10,Chrome 123.0.0.0,1920x1080,1920x919,,,0,1i-3 A Training,4,,,1i-3,,,Pass,,1i-3 A Training,1i-3 A Training,24,Training02,TrainingA,34efq7,1,response,WOUX WAN,1644.1999999999534,4224.699999999953,4231.599999999977,1644.1999999999534,4224.699999999953,4231.599999999977,1,1644.1999999999534,2587.4000000000233,0,,Single Text Entry,TextResponseA,4,object-97,1i-3,_,24,1i-3_24,6,Training02,07_AZKABAN,ASK,.png,07_AZKABAN_ASK.png,WOUX,WAN,07_AZKABAN_WOUX_WAN.png,,WOUX WAN,32_QWC_ASK.png,32_QWC_DOTS.png,WOUX WAN,FICH WUNG,WOUX WAN,FICH WUNG,32_QWC_FICH_WUNG.png,,FICH WUNG,,,,
79,1712323400702,05/04/2024 13:23:20,1712327000702,1,05/04/2024 15:23:20,139619,19,task-eihb,,36771097,BLIND,10841758,,complete,,660ff40e8fbdb2d74f6b7513,computer,Desktop or Laptop,Windows 10,Chrome 123.0.0.0,1920x1080,1920x919,,,0,1i-3 A Training,4,,,1i-3,,,Pass,,1i-3 A Training,1i-3 A Training,24,Training02,TrainingB,2yfdu9,2,response,,842.5,839.4000000000233,842.5,842.5,839.4000000000233,842.5,1,842.5,0,0,,Click Response,Option A,4,object-245,1i-3,_,24,1i-3_24,6,Training02,07_AZKABAN,ASK,.png,07_AZKABAN_ASK.png,WOUX,WAN,07_AZKABAN_WOUX_WAN.png,,WOUX WAN,32_QWC_ASK.png,32_QWC_DOTS.png,WOUX WAN,FICH WUNG,WOUX WAN,FICH WUNG,32_QWC_FICH_WUNG.png,,FICH WUNG,,,,
80,1712323401406,05/04/2024 13:23:21,1712327001406,1,05/04/2024 15:23:21,139619,19,task-eihb,,36771097,BLIND,10841758,,complete,,660ff40e8fbdb2d74f6b7513,computer,Desktop or Laptop,Windows 10,Chrome 123.0.0.0,1920x1080,1920x919,,,0,1i-3 A Training,4,,,1i-3,,,Pass,,1i-3 A Training,1i-3 A Training,24,Training02,TrainingC,1ouhhw,3,continue,,707.0000000003492,700.6999999999534,707.0000000003492,707.0000000003492,700.6999999999534,707.0000000003492,1,707.0000000003492,0,0,,Click To Continue,Continue Button,6,object-272,1i-3,_,24,1i-3_24,6,Training02,07_AZKABAN,ASK,.png,07_AZKABAN_ASK.png,WOUX,WAN,07_AZKABAN_WOUX_WAN.png,,WOUX WAN,32_QWC_ASK.png,32_QWC_DOTS.png,WOUX WAN,FICH WUNG,WOUX WAN,FICH WUNG,32_QWC_FICH_WUNG.png,,FICH WUNG,,,,
81,1712323401407,05/04/2024 13:23:21,1712327001407,1,05/04/2024 15:23:21,139619,19,task-eihb,,36771097,BLIND,10841758,,complete,,660ff40e8fbdb2d74f6b7513,computer,Desktop or Laptop,Windows 10,Chrome 123.0.0.0,1920x1080,1920x919,,,0,1i-3 A Training,4,,,1i-3,,,Pass,,1i-3 A Training,1i-3 A Training,,,,,,5,END,,,,,,,0,,,,,,,,,,,,,,,,,,,,,,,,,,,,,,,,,,,,
1,1712394946912,06/04/2024 09:15:46,1712398546912,1,06/04/2024 11:15:46,139619,19,task-eihb,,36790802,BLIND,10847971,,complete,,661110ed158c71cbb4469d4d,computer,Desktop or Laptop,Windows 10,Chrome 123.0.0.0,1536x864,1536x695,,,0,1i-3 A Training,4,,,1i-3,,,Pass,,1i-3 A Training,1i-3 A Training,,,,,,5,BEGIN,,,,,,,0,,,,,,,,,,,,,,,,,,,,,,,,,,,,,,,,,,,,
2,1712394951930,06/04/2024 09:15:51,1712398551930,1,06/04/2024 11:15:51,139619,19,task-eihb,,36790802,BLIND,10847971,,complete,,661110ed158c71cbb4469d4d,computer,Desktop or Laptop,Windows 10,Chrome 123.0.0.0,1536x864,1536x695,,,0,1i-3 A Training,4,,,1i-3,,,Pass,,1i-3 A Training,1i-3 A Training,1,Instructions,Attention Check 5,4xnmv6,1,continue,,4805.5999999940395,4796.9,4805.5999999940395,4805.5999999940395,4796.9,4805.5999999940395,1,4805.5999999940395,0,0,,Click To Continue,Continue Button,4,object-285,,,,,,Instructions,,,,,,,,,,,,,,,,,,,,,,
3,1712394951931,06/04/2024 09:15:51,1712398551931,1,06/04/2024 11:15:51,139619,19,task-eihb,,36790802,BLIND,10847971,,complete,,661110ed158c71cbb4469d4d,computer,Desktop or Laptop,Windows 10,Chrome 123.0.0.0,1536x864,1536x695,,,0,1i-3 A Training,4,,,1i-3,,,Pass,,1i-3 A Training,1i-3 A Training,1,Instructions,Attention Check 5,4xnmv6,1,response,Accio!,3731.3,4796.9,4806.5,3731.3,4796.9,4806.5,1,3731.3,1075.1999999999998,0,,Dropdown,Dropdown5,3,object-284,,,,,,Instructions,,,,,,,,,,,,,,,,,,,,,,
4,1712394957837,06/04/2024 09:15:57,1712398557837,1,06/04/2024 11:15:57,139619,19,task-eihb,,36790802,BLIND,10847971,,complete,,661110ed158c71cbb4469d4d,computer,Desktop or Laptop,Windows 10,Chrome 123.0.0.0,1536x864,1536x695,,,0,1i-3 A Training,4,,,1i-3,,,Pass,,1i-3 A Training,1i-3 A Training,1,Instructions,Attention Check 6,wf497f,2,continue,,5915.899999982119,5912.9,5915.899999982119,5915.899999982119,5912.9,5915.899999982119,1,5915.899999982119,0,0,,Click To Continue,Continue Button,4,object-292,,,,,,Instructions,,,,,,,,,,,,,,,,,,,,,,
5,1712394957839,06/04/2024 09:15:57,1712398557839,1,06/04/2024 11:15:57,139619,19,task-eihb,,36790802,BLIND,10847971,,complete,,661110ed158c71cbb4469d4d,computer,Desktop or Laptop,Windows 10,Chrome 123.0.0.0,1536x864,1536x695,,,0,1i-3 A Training,4,,,1i-3,,,Pass,,1i-3 A Training,1i-3 A Training,1,Instructions,Attention Check 6,wf497f,2,response,The Invisibility Cloak,4780.9,5912.9,5918.19999999404,4780.9,5912.9,5918.19999999404,1,4780.9,1137.2999999940403,0,,Dropdown,Dropdown6,3,object-291,,,,,,Instructions,,,,,,,,,,,,,,,,,,,,,,
6,1712394962767,06/04/2024 09:16:02,1712398562767,1,06/04/2024 11:16:02,139619,19,task-eihb,,36790802,BLIND,10847971,,complete,,661110ed158c71cbb4469d4d,computer,Desktop or Laptop,Windows 10,Chrome 123.0.0.0,1536x864,1536x695,,,0,1i-3 A Training,4,,,1i-3,,,Pass,,1i-3 A Training,1i-3 A Training,1,Instructions,Screen 22,3y4guk,3,continue,,4933.499999982119,4930.700000000001,4933.499999982119,4933.499999982119,4930.700000000001,4933.499999982119,1,4933.499999982119,0,0,,Click To Continue,Continue Button,3,object-297,,,,,,Instructions,,,,,,,,,,,,,,,,,,,,,,
7,1712394974633,06/04/2024 09:16:14,1712398574633,1,06/04/2024 11:16:14,139619,19,task-eihb,,36790802,BLIND,10847971,,complete,,661110ed158c71cbb4469d4d,computer,Desktop or Laptop,Windows 10,Chrome 123.0.0.0,1536x864,1536x695,,,0,1i-3 A Training,4,,,1i-3,,,Pass,,1i-3 A Training,1i-3 A Training,1,Instructions,Instructions 02,q3gk2e,4,continue,,11868.199999988079,11859.099999999999,11868.199999988079,11868.199999988079,11859.099999999999,11868.199999988079,1,11868.199999988079,0,0,,Click To Continue,Continue Button,2,object-75,,,,,,Instructions,,,,,,,,,,,,,,,,,,,,,,
8,1712394977165,06/04/2024 09:16:17,1712398577165,1,06/04/2024 11:16:17,139619,19,task-eihb,,36790802,BLIND,10847971,,complete,,661110ed158c71cbb4469d4d,computer,Desktop or Laptop,Windows 10,Chrome 123.0.0.0,1536x864,1536x695,,,0,1i-3 A Training,4,,,1i-3,,,Pass,,1i-3 A Training,1i-3 A Training,1,Instructions,Instructions 03,gxa3vr,5,continue,,2541.19999998212,2531.7000000000007,2541.19999998212,2541.19999998212,2531.7000000000007,2541.19999998212,1,2541.19999998212,0,0,,Click To Continue,Continue Button,1,object-165,,,,,,Instructions,,,,,,,,,,,,,,,,,,,,,,
9,1712394988346,06/04/2024 09:16:28,1712398588346,1,06/04/2024 11:16:28,139619,19,task-eihb,,36790802,BLIND,10847971,,complete,,661110ed158c71cbb4469d4d,computer,Desktop or Laptop,Windows 10,Chrome 123.0.0.0,1536x864,1536x695,,,0,1i-3 A Training,4,,,1i-3,,,Pass,,1i-3 A Training,1i-3 A Training,1,Training02,TrainingA,34efq7,1,response,WOUX WAN,5896.399999999998,11176.2,11190.600000005961,5896.399999999998,11176.2,11190.600000005961,1,5896.399999999998,5294.200000005963,0,,Single Text Entry,TextResponseA,4,object-97,1i-3,_,04,1i-3_04,1,Training02,35_PROPHET,ASK,.png,35_PROPHET_ASK.png,WOUX,WAN,35_PROPHET_WOUX_WAN.png,,WOUX WAN,40_BURYSNAPE_ASK.png,40_BURYSNAPE_DOTS.png,WOUX WAN,RUSP WIM,WOUX WAN,RUSP WIM,40_BURYSNAPE_RUSP_WIM.png,,RUSP WIM,,,,
10,1712394993464,06/04/2024 09:16:33,1712398593464,1,06/04/2024 11:16:33,139619,19,task-eihb,,36790802,BLIND,10847971,,complete,,661110ed158c71cbb4469d4d,computer,Desktop or Laptop,Windows 10,Chrome 123.0.0.0,1536x864,1536x695,,,0,1i-3 A Training,4,,,1i-3,,,Pass,,1i-3 A Training,1i-3 A Training,1,Training02,TrainingB,2yfdu9,2,response,,5132.4000000059605,5129.9000000000015,5132.4000000059605,5132.4000000059605,5129.9000000000015,5132.4000000059605,1,5132.4000000059605,0,0,,Click Response,Option B,5,object-246,1i-3,_,04,1i-3_04,1,Training02,35_PROPHET,ASK,.png,35_PROPHET_ASK.png,WOUX,WAN,35_PROPHET_WOUX_WAN.png,,WOUX WAN,40_BURYSNAPE_ASK.png,40_BURYSNAPE_DOTS.png,WOUX WAN,RUSP WIM,WOUX WAN,RUSP WIM,40_BURYSNAPE_RUSP_WIM.png,,RUSP WIM,,,,
11,1712394996337,06/04/2024 09:16:36,1712398596337,1,06/04/2024 11:16:36,139619,19,task-eihb,,36790802,BLIND,10847971,,complete,,661110ed158c71cbb4469d4d,computer,Desktop or Laptop,Windows 10,Chrome 123.0.0.0,1536x864,1536x695,,,0,1i-3 A Training,4,,,1i-3,,,Pass,,1i-3 A Training,1i-3 A Training,1,Training02,TrainingC,1ouhhw,3,continue,,2875.2999999880776,2865.2999999999956,2875.2999999880776,2875.2999999880776,2865.2999999999956,2875.2999999880776,1,2875.2999999880776,0,0,,Click To Continue,Continue Button,6,object-272,1i-3,_,04,1i-3_04,1,Training02,35_PROPHET,ASK,.png,35_PROPHET_ASK.png,WOUX,WAN,35_PROPHET_WOUX_WAN.png,,WOUX WAN,40_BURYSNAPE_ASK.png,40_BURYSNAPE_DOTS.png,WOUX WAN,RUSP WIM,WOUX WAN,RUSP WIM,40_BURYSNAPE_RUSP_WIM.png,,RUSP WIM,,,,
12,1712395005232,06/04/2024 09:16:45,1712398605232,1,06/04/2024 11:16:45,139619,19,task-eihb,,36790802,BLIND,10847971,,complete,,661110ed158c71cbb4469d4d,computer,Desktop or Laptop,Windows 10,Chrome 123.0.0.0,1536x864,1536x695,,,0,1i-3 A Training,4,,,1i-3,,,Pass,,1i-3 A Training,1i-3 A Training,2,Training02,TrainingA,34efq7,1,response,FICH WUNG,5845.700000000004,8893.700000000004,8904.700000005963,5845.700000000004,8893.700000000004,8904.700000005963,1,5845.700000000004,3059.000000005959,0,,Single Text Entry,TextResponseA,4,object-97,1i-3,_,01,1i-3_01,1,Training02,04_WHEEZES,ASK,.png,04_WHEEZES_ASK.png,FICH,WUNG,04_WHEEZES_FICH_WUNG.png,,FICH WUNG,05_AUROR_ASK.png,05_AUROR_DOTS.png,FICH WUNG,ZETH WAN,FICH WUNG,ZETH WAN,05_AUROR_ZETH_WAN.png,,ZETH WAN,,,,
13,1712395027422,06/04/2024 09:17:07,1712398627422,1,06/04/2024 11:17:07,139619,19,task-eihb,,36790802,BLIND,10847971,,complete,,661110ed158c71cbb4469d4d,computer,Desktop or Laptop,Windows 10,Chrome 123.0.0.0,1536x864,1536x695,,,0,1i-3 A Training,4,,,1i-3,,,Pass,,1i-3 A Training,1i-3 A Training,2,Training02,TrainingB,2yfdu9,2,response,,22201.50000000596,22185.999999999993,22201.50000000596,22201.50000000596,22185.999999999993,22201.50000000596,1,22201.50000000596,0,0,,Click Response,Option A,4,object-245,1i-3,_,01,1i-3_01,1,Training02,04_WHEEZES,ASK,.png,04_WHEEZES_ASK.png,FICH,WUNG,04_WHEEZES_FICH_WUNG.png,,FICH WUNG,05_AUROR_ASK.png,05_AUROR_DOTS.png,FICH WUNG,ZETH WAN,FICH WUNG,ZETH WAN,05_AUROR_ZETH_WAN.png,,ZETH WAN,,,,
14,1712395029078,06/04/2024 09:17:09,1712398629078,1,06/04/2024 11:17:09,139619,19,task-eihb,,36790802,BLIND,10847971,,complete,,661110ed158c71cbb4469d4d,computer,Desktop or Laptop,Windows 10,Chrome 123.0.0.0,1536x864,1536x695,,,0,1i-3 A Training,4,,,1i-3,,,Pass,,1i-3 A Training,1i-3 A Training,2,Training02,TrainingC,1ouhhw,3,continue,,1671.3999999821244,1666,1671.3999999821244,1671.3999999821244,1666,1671.3999999821244,1,1671.3999999821244,0,0,,Click To Continue,Continue Button,6,object-272,1i-3,_,01,1i-3_01,1,Training02,04_WHEEZES,ASK,.png,04_WHEEZES_ASK.png,FICH,WUNG,04_WHEEZES_FICH_WUNG.png,,FICH WUNG,05_AUROR_ASK.png,05_AUROR_DOTS.png,FICH WUNG,ZETH WAN,FICH WUNG,ZETH WAN,05_AUROR_ZETH_WAN.png,,ZETH WAN,,,,
15,1712395038112,06/04/2024 09:17:18,1712398638112,1,06/04/2024 11:17:18,139619,19,task-eihb,,36790802,BLIND,10847971,,complete,,661110ed158c71cbb4469d4d,computer,Desktop or Laptop,Windows 10,Chrome 123.0.0.0,1536x864,1536x695,,,0,1i-3 A Training,4,,,1i-3,,,Pass,,1i-3 A Training,1i-3 A Training,3,Training02,TrainingA,34efq7,1,response,ZETH WAN,5080.200000000012,9027.700000000012,9039.100000000006,5080.200000000012,9027.700000000012,9039.100000000006,1,5080.200000000012,3958.899999999994,0,,Single Text Entry,TextResponseA,4,object-97,1i-3,_,02,1i-3_02,1,Training02,40_BURYSNAPE,ASK,.png,40_BURYSNAPE_ASK.png,ZETH,WAN,40_BURYSNAPE_ZETH_WAN.png,,ZETH WAN,20_PULLSWORD_ASK.png,20_PULLSWORD_DOTS.png,WOUX WAN,ZETH WAN,ZETH WAN,WOUX WAN,20_PULLSWORD_WOUX_WAN.png,WOUX WAN,,,,,
16,1712395042271,06/04/2024 09:17:22,1712398642271,1,06/04/2024 11:17:22,139619,19,task-eihb,,36790802,BLIND,10847971,,complete,,661110ed158c71cbb4469d4d,computer,Desktop or Laptop,Windows 10,Chrome 123.0.0.0,1536x864,1536x695,,,0,1i-3 A Training,4,,,1i-3,,,Pass,,1i-3 A Training,1i-3 A Training,3,Training02,TrainingB,2yfdu9,2,response,,4170.599999988073,4164,4170.599999988073,4170.599999988073,4164,4170.599999988073,1,4170.599999988073,0,0,,Click Response,Option A,4,object-245,1i-3,_,02,1i-3_02,1,Training02,40_BURYSNAPE,ASK,.png,40_BURYSNAPE_ASK.png,ZETH,WAN,40_BURYSNAPE_ZETH_WAN.png,,ZETH WAN,20_PULLSWORD_ASK.png,20_PULLSWORD_DOTS.png,WOUX WAN,ZETH WAN,ZETH WAN,WOUX WAN,20_PULLSWORD_WOUX_WAN.png,WOUX WAN,,,,,
17,1712395044885,06/04/2024 09:17:24,1712398644885,1,06/04/2024 11:17:24,139619,19,task-eihb,,36790802,BLIND,10847971,,complete,,661110ed158c71cbb4469d4d,computer,Desktop or Laptop,Windows 10,Chrome 123.0.0.0,1536x864,1536x695,,,0,1i-3 A Training,4,,,1i-3,,,Pass,,1i-3 A Training,1i-3 A Training,3,Training02,TrainingC,1ouhhw,3,continue,,2620.399999999994,2614.899999999994,2620.399999999994,2620.399999999994,2614.899999999994,2620.399999999994,1,2620.399999999994,0,0,,Click To Continue,Continue Button,6,object-272,1i-3,_,02,1i-3_02,1,Training02,40_BURYSNAPE,ASK,.png,40_BURYSNAPE_ASK.png,ZETH,WAN,40_BURYSNAPE_ZETH_WAN.png,,ZETH WAN,20_PULLSWORD_ASK.png,20_PULLSWORD_DOTS.png,WOUX WAN,ZETH WAN,ZETH WAN,WOUX WAN,20_PULLSWORD_WOUX_WAN.png,WOUX WAN,,,,,
18,1712395051787,06/04/2024 09:17:31,1712398651787,1,06/04/2024 11:17:31,139619,19,task-eihb,,36790802,BLIND,10847971,,complete,,661110ed158c71cbb4469d4d,computer,Desktop or Laptop,Windows 10,Chrome 123.0.0.0,1536x864,1536x695,,,0,1i-3 A Training,4,,,1i-3,,,Pass,,1i-3 A Training,1i-3 A Training,4,Training02,TrainingA,34efq7,1,response,RUSP WIM,3197.399999999994,6895.699999999997,6907.699999988079,3197.399999999994,6895.699999999997,6907.699999988079,1,3197.399999999994,3710.299999988085,0,,Single Text Entry,TextResponseA,4,object-97,1i-3,_,03,1i-3_03,1,Training02,13_QUIBBLER,ASK,.png,13_QUIBBLER_ASK.png,RUSP,WIM,13_QUIBBLER_RUSP_WIM.png,,RUSP WIM,27_BESTSELLER_ASK.png,27_BESTSELLER_DOTS.png,FICH WUNG,RUSP WIM,RUSP WIM,FICH WUNG,27_BESTSELLER_FICH_WUNG.png,FICH WUNG,,,,,
19,1712395055308,06/04/2024 09:17:35,1712398655308,1,06/04/2024 11:17:35,139619,19,task-eihb,,36790802,BLIND,10847971,,complete,,661110ed158c71cbb4469d4d,computer,Desktop or Laptop,Windows 10,Chrome 123.0.0.0,1536x864,1536x695,,,0,1i-3 A Training,4,,,1i-3,,,Pass,,1i-3 A Training,1i-3 A Training,4,Training02,TrainingB,2yfdu9,2,response,,3533.7000000059634,3530.9000000000087,3533.7000000059634,3533.7000000059634,3530.9000000000087,3533.7000000059634,1,3533.7000000059634,0,0,,Click Response,Option A,4,object-245,1i-3,_,03,1i-3_03,1,Training02,13_QUIBBLER,ASK,.png,13_QUIBBLER_ASK.png,RUSP,WIM,13_QUIBBLER_RUSP_WIM.png,,RUSP WIM,27_BESTSELLER_ASK.png,27_BESTSELLER_DOTS.png,FICH WUNG,RUSP WIM,RUSP WIM,FICH WUNG,27_BESTSELLER_FICH_WUNG.png,FICH WUNG,,,,,
20,1712395057779,06/04/2024 09:17:37,1712398657779,1,06/04/2024 11:17:37,139619,19,task-eihb,,36790802,BLIND,10847971,,complete,,661110ed158c71cbb4469d4d,computer,Desktop or Laptop,Windows 10,Chrome 123.0.0.0,1536x864,1536x695,,,0,1i-3 A Training,4,,,1i-3,,,Pass,,1i-3 A Training,1i-3 A Training,4,Training02,TrainingC,1ouhhw,3,continue,,2473.4999999940337,2465.0999999999913,2473.4999999940337,2473.4999999940337,2465.0999999999913,2473.4999999940337,1,2473.4999999940337,0,0,,Click To Continue,Continue Button,6,object-272,1i-3,_,03,1i-3_03,1,Training02,13_QUIBBLER,ASK,.png,13_QUIBBLER_ASK.png,RUSP,WIM,13_QUIBBLER_RUSP_WIM.png,,RUSP WIM,27_BESTSELLER_ASK.png,27_BESTSELLER_DOTS.png,FICH WUNG,RUSP WIM,RUSP WIM,FICH WUNG,27_BESTSELLER_FICH_WUNG.png,FICH WUNG,,,,,
21,1712395067345,06/04/2024 09:17:47,1712398667345,1,06/04/2024 11:17:47,139619,19,task-eihb,,36790802,BLIND,10847971,,complete,,661110ed158c71cbb4469d4d,computer,Desktop or Laptop,Windows 10,Chrome 123.0.0.0,1536x864,1536x695,,,0,1i-3 A Training,4,,,1i-3,,,Pass,,1i-3 A Training,1i-3 A Training,5,Training02,TrainingA,34efq7,1,response,WOUX WAN,4813.5,9560.400000000009,9574.099999982122,4813.5,9560.400000000009,9574.099999982122,1,4813.5,4760.5999999821215,0,,Single Text Entry,TextResponseA,4,object-97,1i-3,_,08,1i-3_08,2,Training02,28_GALLEONS,ASK,.png,28_GALLEONS_ASK.png,WOUX,WAN,28_GALLEONS_WOUX_WAN.png,,WOUX WAN,39_STOPHAGRID_ASK.png,39_STOPHAGRID_DOTS.png,ZETH WAN,WOUX WAN,WOUX WAN,ZETH WAN,39_STOPHAGRID_ZETH_WAN.png,ZETH WAN,,,,,
22,1712395075325,06/04/2024 09:17:55,1712398675325,1,06/04/2024 11:17:55,139619,19,task-eihb,,36790802,BLIND,10847971,,complete,,661110ed158c71cbb4469d4d,computer,Desktop or Laptop,Windows 10,Chrome 123.0.0.0,1536x864,1536x695,,,0,1i-3 A Training,4,,,1i-3,,,Pass,,1i-3 A Training,1i-3 A Training,5,Training02,TrainingB,2yfdu9,2,response,,7994.099999988073,7978.899999999994,7994.099999988073,7994.099999988073,7978.899999999994,7994.099999988073,1,7994.099999988073,0,0,,Click Response,Option A,4,object-245,1i-3,_,08,1i-3_08,2,Training02,28_GALLEONS,ASK,.png,28_GALLEONS_ASK.png,WOUX,WAN,28_GALLEONS_WOUX_WAN.png,,WOUX WAN,39_STOPHAGRID_ASK.png,39_STOPHAGRID_DOTS.png,ZETH WAN,WOUX WAN,WOUX WAN,ZETH WAN,39_STOPHAGRID_ZETH_WAN.png,ZETH WAN,,,,,
23,1712395078578,06/04/2024 09:17:58,1712398678578,1,06/04/2024 11:17:58,139619,19,task-eihb,,36790802,BLIND,10847971,,complete,,661110ed158c71cbb4469d4d,computer,Desktop or Laptop,Windows 10,Chrome 123.0.0.0,1536x864,1536x695,,,0,1i-3 A Training,4,,,1i-3,,,Pass,,1i-3 A Training,1i-3 A Training,5,Training02,TrainingC,1ouhhw,3,continue,,3267.9000000059605,3264.7000000000116,3267.9000000059605,3267.9000000059605,3264.7000000000116,3267.9000000059605,1,3267.9000000059605,0,0,,Click To Continue,Continue Button,6,object-272,1i-3,_,08,1i-3_08,2,Training02,28_GALLEONS,ASK,.png,28_GALLEONS_ASK.png,WOUX,WAN,28_GALLEONS_WOUX_WAN.png,,WOUX WAN,39_STOPHAGRID_ASK.png,39_STOPHAGRID_DOTS.png,ZETH WAN,WOUX WAN,WOUX WAN,ZETH WAN,39_STOPHAGRID_ZETH_WAN.png,ZETH WAN,,,,,
24,1712395089887,06/04/2024 09:18:09,1712398689887,1,06/04/2024 11:18:09,139619,19,task-eihb,,36790802,BLIND,10847971,,complete,,661110ed158c71cbb4469d4d,computer,Desktop or Laptop,Windows 10,Chrome 123.0.0.0,1536x864,1536x695,,,0,1i-3 A Training,4,,,1i-3,,,Pass,,1i-3 A Training,1i-3 A Training,6,Training02,TrainingA,34efq7,1,response,FICH WUNG,3863.6999999999825,11308.5,11311.999999988067,3863.6999999999825,11308.5,11311.999999988067,1,3863.6999999999825,7448.299999988085,0,,Single Text Entry,TextResponseA,4,object-97,1i-3,_,05,1i-3_05,2,Training02,18_LIVEGODRIC,ASK,.png,18_LIVEGODRIC_ASK.png,FICH,WUNG,18_LIVEGODRIC_FICH_WUNG.png,,FICH WUNG,07_AZKABAN_ASK.png,07_AZKABAN_DOTS.png,FICH WUNG,RUSP WIM,FICH WUNG,RUSP WIM,07_AZKABAN_RUSP_WIM.png,,RUSP WIM,,,,
25,1712395092414,06/04/2024 09:18:12,1712398692414,1,06/04/2024 11:18:12,139619,19,task-eihb,,36790802,BLIND,10847971,,complete,,661110ed158c71cbb4469d4d,computer,Desktop or Laptop,Windows 10,Chrome 123.0.0.0,1536x864,1536x695,,,0,1i-3 A Training,4,,,1i-3,,,Pass,,1i-3 A Training,1i-3 A Training,6,Training02,TrainingB,2yfdu9,2,response,,2530.4999999880674,2515.0999999999767,2530.4999999880674,2530.4999999880674,2515.0999999999767,2530.4999999880674,1,2530.4999999880674,0,0,,Click Response,Option B,5,object-246,1i-3,_,05,1i-3_05,2,Training02,18_LIVEGODRIC,ASK,.png,18_LIVEGODRIC_ASK.png,FICH,WUNG,18_LIVEGODRIC_FICH_WUNG.png,,FICH WUNG,07_AZKABAN_ASK.png,07_AZKABAN_DOTS.png,FICH WUNG,RUSP WIM,FICH WUNG,RUSP WIM,07_AZKABAN_RUSP_WIM.png,,RUSP WIM,,,,
26,1712395094661,06/04/2024 09:18:14,1712398694661,1,06/04/2024 11:18:14,139619,19,task-eihb,,36790802,BLIND,10847971,,complete,,661110ed158c71cbb4469d4d,computer,Desktop or Laptop,Windows 10,Chrome 123.0.0.0,1536x864,1536x695,,,0,1i-3 A Training,4,,,1i-3,,,Pass,,1i-3 A Training,1i-3 A Training,6,Training02,TrainingC,1ouhhw,3,continue,,2262.8999999880907,2249.4000000000233,2262.8999999880907,2262.8999999880907,2249.4000000000233,2262.8999999880907,1,2262.8999999880907,0,0,,Click To Continue,Continue Button,6,object-272,1i-3,_,05,1i-3_05,2,Training02,18_LIVEGODRIC,ASK,.png,18_LIVEGODRIC_ASK.png,FICH,WUNG,18_LIVEGODRIC_FICH_WUNG.png,,FICH WUNG,07_AZKABAN_ASK.png,07_AZKABAN_DOTS.png,FICH WUNG,RUSP WIM,FICH WUNG,RUSP WIM,07_AZKABAN_RUSP_WIM.png,,RUSP WIM,,,,
27,1712395104086,06/04/2024 09:18:24,1712398704086,1,06/04/2024 11:18:24,139619,19,task-eihb,,36790802,BLIND,10847971,,complete,,661110ed158c71cbb4469d4d,computer,Desktop or Laptop,Windows 10,Chrome 123.0.0.0,1536x864,1536x695,,,0,1i-3 A Training,4,,,1i-3,,,Pass,,1i-3 A Training,1i-3 A Training,7,Training02,TrainingA,34efq7,1,response,RUSP WIM,3597.5999999999767,9426.899999999994,9438.599999982107,3597.5999999999767,9426.899999999994,9438.599999982107,1,3597.5999999999767,5840.99999998213,0,,Single Text Entry,TextResponseA,4,object-97,1i-3,_,07,1i-3_07,2,Training02,34_FANLETTERS,ASK,.png,34_FANLETTERS_ASK.png,RUSP,WIM,34_FANLETTERS_RUSP_WIM.png,,RUSP WIM,34_FANLETTERS_ASK.png,34_FANLETTERS_DOTS.png,RUSP WIM,WOUX WAN,RUSP WIM,WOUX WAN,34_FANLETTERS_WOUX_WAN.png,,WOUX WAN,,,,
28,1712395112854,06/04/2024 09:18:32,1712398712854,1,06/04/2024 11:18:32,139619,19,task-eihb,,36790802,BLIND,10847971,,complete,,661110ed158c71cbb4469d4d,computer,Desktop or Laptop,Windows 10,Chrome 123.0.0.0,1536x864,1536x695,,,0,1i-3 A Training,4,,,1i-3,,,Pass,,1i-3 A Training,1i-3 A Training,7,Training02,TrainingB,2yfdu9,2,response,,8779.800000005955,8777.399999999994,8779.800000005955,8779.800000005955,8777.399999999994,8779.800000005955,1,8779.800000005955,0,0,,Click Response,Option A,4,object-245,1i-3,_,07,1i-3_07,2,Training02,34_FANLETTERS,ASK,.png,34_FANLETTERS_ASK.png,RUSP,WIM,34_FANLETTERS_RUSP_WIM.png,,RUSP WIM,34_FANLETTERS_ASK.png,34_FANLETTERS_DOTS.png,RUSP WIM,WOUX WAN,RUSP WIM,WOUX WAN,34_FANLETTERS_WOUX_WAN.png,,WOUX WAN,,,,
29,1712395117744,06/04/2024 09:18:37,1712398717744,1,06/04/2024 11:18:37,139619,19,task-eihb,,36790802,BLIND,10847971,,complete,,661110ed158c71cbb4469d4d,computer,Desktop or Laptop,Windows 10,Chrome 123.0.0.0,1536x864,1536x695,,,0,1i-3 A Training,4,,,1i-3,,,Pass,,1i-3 A Training,1i-3 A Training,7,Training02,TrainingC,1ouhhw,3,continue,,4892.4000000059605,4880.399999999994,4892.4000000059605,4892.4000000059605,4880.399999999994,4892.4000000059605,1,4892.4000000059605,0,0,,Click To Continue,Continue Button,6,object-272,1i-3,_,07,1i-3_07,2,Training02,34_FANLETTERS,ASK,.png,34_FANLETTERS_ASK.png,RUSP,WIM,34_FANLETTERS_RUSP_WIM.png,,RUSP WIM,34_FANLETTERS_ASK.png,34_FANLETTERS_DOTS.png,RUSP WIM,WOUX WAN,RUSP WIM,WOUX WAN,34_FANLETTERS_WOUX_WAN.png,,WOUX WAN,,,,
30,1712395131119,06/04/2024 09:18:51,1712398731119,1,06/04/2024 11:18:51,139619,19,task-eihb,,36790802,BLIND,10847971,,complete,,661110ed158c71cbb4469d4d,computer,Desktop or Laptop,Windows 10,Chrome 123.0.0.0,1536x864,1536x695,,,0,1i-3 A Training,4,,,1i-3,,,Pass,,1i-3 A Training,1i-3 A Training,8,Training02,TrainingA,34efq7,1,response,ZETH WAN,9777.5,13375.200000000012,13386.399999982124,9777.5,13375.200000000012,13386.399999982124,1,9777.5,3608.8999999821244,0,,Single Text Entry,TextResponseA,4,object-97,1i-3,_,06,1i-3_06,2,Training02,12_SKEETER,ASK,.png,12_SKEETER_ASK.png,ZETH,WAN,12_SKEETER_ZETH_WAN.png,,ZETH WAN,12_SKEETER_ASK.png,12_SKEETER_DOTS.png,FICH WUNG,ZETH WAN,ZETH WAN,FICH WUNG,12_SKEETER_FICH_WUNG.png,FICH WUNG,,,,,
31,1712395136898,06/04/2024 09:18:56,1712398736898,1,06/04/2024 11:18:56,139619,19,task-eihb,,36790802,BLIND,10847971,,complete,,661110ed158c71cbb4469d4d,computer,Desktop or Laptop,Windows 10,Chrome 123.0.0.0,1536x864,1536x695,,,0,1i-3 A Training,4,,,1i-3,,,Pass,,1i-3 A Training,1i-3 A Training,8,Training02,TrainingB,2yfdu9,2,response,,5790.199999982113,5779.600000000006,5790.199999982113,5790.199999982113,5779.600000000006,5790.199999982113,1,5790.199999982113,0,0,,Click Response,Option A,4,object-245,1i-3,_,06,1i-3_06,2,Training02,12_SKEETER,ASK,.png,12_SKEETER_ASK.png,ZETH,WAN,12_SKEETER_ZETH_WAN.png,,ZETH WAN,12_SKEETER_ASK.png,12_SKEETER_DOTS.png,FICH WUNG,ZETH WAN,ZETH WAN,FICH WUNG,12_SKEETER_FICH_WUNG.png,FICH WUNG,,,,,
32,1712395139407,06/04/2024 09:18:59,1712398739407,1,06/04/2024 11:18:59,139619,19,task-eihb,,36790802,BLIND,10847971,,complete,,661110ed158c71cbb4469d4d,computer,Desktop or Laptop,Windows 10,Chrome 123.0.0.0,1536x864,1536x695,,,0,1i-3 A Training,4,,,1i-3,,,Pass,,1i-3 A Training,1i-3 A Training,8,Training02,TrainingC,1ouhhw,3,continue,,2519.4999999880674,2514.6999999999825,2519.4999999880674,2519.4999999880674,2514.6999999999825,2519.4999999880674,1,2519.4999999880674,0,0,,Click To Continue,Continue Button,6,object-272,1i-3,_,06,1i-3_06,2,Training02,12_SKEETER,ASK,.png,12_SKEETER_ASK.png,ZETH,WAN,12_SKEETER_ZETH_WAN.png,,ZETH WAN,12_SKEETER_ASK.png,12_SKEETER_DOTS.png,FICH WUNG,ZETH WAN,ZETH WAN,FICH WUNG,12_SKEETER_FICH_WUNG.png,FICH WUNG,,,,,
33,1712395146296,06/04/2024 09:19:06,1712398746296,1,06/04/2024 11:19:06,139619,19,task-eihb,,36790802,BLIND,10847971,,complete,,661110ed158c71cbb4469d4d,computer,Desktop or Laptop,Windows 10,Chrome 123.0.0.0,1536x864,1536x695,,,0,1i-3 A Training,4,,,1i-3,,,Pass,,1i-3 A Training,1i-3 A Training,9,Training02,TrainingA,34efq7,1,response,WOUX WAN,4047.899999999994,6878.899999999994,6894.100000000006,4047.899999999994,6878.899999999994,6894.100000000006,1,4047.899999999994,2846.2000000000116,0,,Single Text Entry,TextResponseA,4,object-97,1i-3,_,12,1i-3_12,3,Training02,14_MUNGOS,ASK,.png,14_MUNGOS_ASK.png,WOUX,WAN,14_MUNGOS_WOUX_WAN.png,,WOUX WAN,33_ROR_ASK.png,33_ROR_DOTS.png,FICH WUNG,WOUX WAN,WOUX WAN,FICH WUNG,33_ROR_FICH_WUNG.png,FICH WUNG,,,,,
34,1712395149785,06/04/2024 09:19:09,1712398749785,1,06/04/2024 11:19:09,139619,19,task-eihb,,36790802,BLIND,10847971,,complete,,661110ed158c71cbb4469d4d,computer,Desktop or Laptop,Windows 10,Chrome 123.0.0.0,1536x864,1536x695,,,0,1i-3 A Training,4,,,1i-3,,,Pass,,1i-3 A Training,1i-3 A Training,9,Training02,TrainingB,2yfdu9,2,response,,3503.8999999880907,3497.9000000000233,3503.8999999880907,3503.8999999880907,3497.9000000000233,3503.8999999880907,1,3503.8999999880907,0,0,,Click Response,Option A,4,object-245,1i-3,_,12,1i-3_12,3,Training02,14_MUNGOS,ASK,.png,14_MUNGOS_ASK.png,WOUX,WAN,14_MUNGOS_WOUX_WAN.png,,WOUX WAN,33_ROR_ASK.png,33_ROR_DOTS.png,FICH WUNG,WOUX WAN,WOUX WAN,FICH WUNG,33_ROR_FICH_WUNG.png,FICH WUNG,,,,,
35,1712395152552,06/04/2024 09:19:12,1712398752552,1,06/04/2024 11:19:12,139619,19,task-eihb,,36790802,BLIND,10847971,,complete,,661110ed158c71cbb4469d4d,computer,Desktop or Laptop,Windows 10,Chrome 123.0.0.0,1536x864,1536x695,,,0,1i-3 A Training,4,,,1i-3,,,Pass,,1i-3 A Training,1i-3 A Training,9,Training02,TrainingC,1ouhhw,3,continue,,2772.899999994028,2764.6999999999825,2772.899999994028,2772.899999994028,2764.6999999999825,2772.899999994028,1,2772.899999994028,0,0,,Click To Continue,Continue Button,6,object-272,1i-3,_,12,1i-3_12,3,Training02,14_MUNGOS,ASK,.png,14_MUNGOS_ASK.png,WOUX,WAN,14_MUNGOS_WOUX_WAN.png,,WOUX WAN,33_ROR_ASK.png,33_ROR_DOTS.png,FICH WUNG,WOUX WAN,WOUX WAN,FICH WUNG,33_ROR_FICH_WUNG.png,FICH WUNG,,,,,
36,1712395159176,06/04/2024 09:19:19,1712398759176,1,06/04/2024 11:19:19,139619,19,task-eihb,,36790802,BLIND,10847971,,complete,,661110ed158c71cbb4469d4d,computer,Desktop or Laptop,Windows 10,Chrome 123.0.0.0,1536x864,1536x695,,,0,1i-3 A Training,4,,,1i-3,,,Pass,,1i-3 A Training,1i-3 A Training,10,Training02,TrainingA,34efq7,1,response,FICH WUNG,2198.7000000000116,6629.3000000000175,6633.100000000006,2198.7000000000116,6629.3000000000175,6633.100000000006,1,2198.7000000000116,4434.399999999994,0,,Single Text Entry,TextResponseA,4,object-97,1i-3,_,09,1i-3_09,3,Training02,32_QWC,ASK,.png,32_QWC_ASK.png,FICH,WUNG,32_QWC_FICH_WUNG.png,,FICH WUNG,13_QUIBBLER_ASK.png,13_QUIBBLER_DOTS.png,FICH WUNG,WOUX WAN,FICH WUNG,WOUX WAN,13_QUIBBLER_WOUX_WAN.png,,WOUX WAN,,,,
37,1712395162284,06/04/2024 09:19:22,1712398762284,1,06/04/2024 11:19:22,139619,19,task-eihb,,36790802,BLIND,10847971,,complete,,661110ed158c71cbb4469d4d,computer,Desktop or Laptop,Windows 10,Chrome 123.0.0.0,1536x864,1536x695,,,0,1i-3 A Training,4,,,1i-3,,,Pass,,1i-3 A Training,1i-3 A Training,10,Training02,TrainingB,2yfdu9,2,response,,3111.4999999880674,3098.2999999999884,3111.4999999880674,3111.4999999880674,3098.2999999999884,3111.4999999880674,1,3111.4999999880674,0,0,,Click Response,Option B,5,object-246,1i-3,_,09,1i-3_09,3,Training02,32_QWC,ASK,.png,32_QWC_ASK.png,FICH,WUNG,32_QWC_FICH_WUNG.png,,FICH WUNG,13_QUIBBLER_ASK.png,13_QUIBBLER_DOTS.png,FICH WUNG,WOUX WAN,FICH WUNG,WOUX WAN,13_QUIBBLER_WOUX_WAN.png,,WOUX WAN,,,,
38,1712395173109,06/04/2024 09:19:33,1712398773109,1,06/04/2024 11:19:33,139619,19,task-eihb,,36790802,BLIND,10847971,,complete,,661110ed158c71cbb4469d4d,computer,Desktop or Laptop,Windows 10,Chrome 123.0.0.0,1536x864,1536x695,,,0,1i-3 A Training,4,,,1i-3,,,Pass,,1i-3 A Training,1i-3 A Training,10,Training02,TrainingC,1ouhhw,3,continue,,10837.90000000596,10827.700000000012,10837.90000000596,10837.90000000596,10827.700000000012,10837.90000000596,1,10837.90000000596,0,0,,Click To Continue,Continue Button,6,object-272,1i-3,_,09,1i-3_09,3,Training02,32_QWC,ASK,.png,32_QWC_ASK.png,FICH,WUNG,32_QWC_FICH_WUNG.png,,FICH WUNG,13_QUIBBLER_ASK.png,13_QUIBBLER_DOTS.png,FICH WUNG,WOUX WAN,FICH WUNG,WOUX WAN,13_QUIBBLER_WOUX_WAN.png,,WOUX WAN,,,,
39,1712395178223,06/04/2024 09:19:38,1712398778223,1,06/04/2024 11:19:38,139619,19,task-eihb,,36790802,BLIND,10847971,,complete,,661110ed158c71cbb4469d4d,computer,Desktop or Laptop,Windows 10,Chrome 123.0.0.0,1536x864,1536x695,,,0,1i-3 A Training,4,,,1i-3,,,Pass,,1i-3 A Training,1i-3 A Training,11,Training02,TrainingA,34efq7,1,response,ZETH WAN,1830.7999999999884,5112.299999999988,5124.099999982107,1830.7999999999884,5112.299999999988,5124.099999982107,1,1830.7999999999884,3293.2999999821186,0,,Single Text Entry,TextResponseA,4,object-97,1i-3,_,10,1i-3_10,3,Training02,19_BURYVOLDY,ASK,.png,19_BURYVOLDY_ASK.png,ZETH,WAN,19_BURYVOLDY_ZETH_WAN.png,,ZETH WAN,21_TEACHHOG_ASK.png,21_TEACHHOG_DOTS.png,ZETH WAN,RUSP WIM,ZETH WAN,RUSP WIM,21_TEACHHOG_RUSP_WIM.png,,RUSP WIM,,,,
40,1712395180992,06/04/2024 09:19:40,1712398780992,1,06/04/2024 11:19:40,139619,19,task-eihb,,36790802,BLIND,10847971,,complete,,661110ed158c71cbb4469d4d,computer,Desktop or Laptop,Windows 10,Chrome 123.0.0.0,1536x864,1536x695,,,0,1i-3 A Training,4,,,1i-3,,,Pass,,1i-3 A Training,1i-3 A Training,11,Training02,TrainingB,2yfdu9,2,response,,2780.4000000059605,2764.5,2780.4000000059605,2780.4000000059605,2764.5,2780.4000000059605,1,2780.4000000059605,0,0,,Click Response,Option B,5,object-246,1i-3,_,10,1i-3_10,3,Training02,19_BURYVOLDY,ASK,.png,19_BURYVOLDY_ASK.png,ZETH,WAN,19_BURYVOLDY_ZETH_WAN.png,,ZETH WAN,21_TEACHHOG_ASK.png,21_TEACHHOG_DOTS.png,ZETH WAN,RUSP WIM,ZETH WAN,RUSP WIM,21_TEACHHOG_RUSP_WIM.png,,RUSP WIM,,,,
41,1712395183205,06/04/2024 09:19:43,1712398783205,1,06/04/2024 11:19:43,139619,19,task-eihb,,36790802,BLIND,10847971,,complete,,661110ed158c71cbb4469d4d,computer,Desktop or Laptop,Windows 10,Chrome 123.0.0.0,1536x864,1536x695,,,0,1i-3 A Training,4,,,1i-3,,,Pass,,1i-3 A Training,1i-3 A Training,11,Training02,TrainingC,1ouhhw,3,continue,,2229.9000000059605,2215.600000000006,2229.9000000059605,2229.9000000059605,2215.600000000006,2229.9000000059605,1,2229.9000000059605,0,0,,Click To Continue,Continue Button,6,object-272,1i-3,_,10,1i-3_10,3,Training02,19_BURYVOLDY,ASK,.png,19_BURYVOLDY_ASK.png,ZETH,WAN,19_BURYVOLDY_ZETH_WAN.png,,ZETH WAN,21_TEACHHOG_ASK.png,21_TEACHHOG_DOTS.png,ZETH WAN,RUSP WIM,ZETH WAN,RUSP WIM,21_TEACHHOG_RUSP_WIM.png,,RUSP WIM,,,,
42,1712395187693,06/04/2024 09:19:47,1712398787693,1,06/04/2024 11:19:47,139619,19,task-eihb,,36790802,BLIND,10847971,,complete,,661110ed158c71cbb4469d4d,computer,Desktop or Laptop,Windows 10,Chrome 123.0.0.0,1536x864,1536x695,,,0,1i-3 A Training,4,,,1i-3,,,Pass,,1i-3 A Training,1i-3 A Training,12,Training02,TrainingA,34efq7,1,response,RUSP WIM,2098.7999999999884,4497.299999999988,4502.199999982113,2098.7999999999884,4497.299999999988,4502.199999982113,1,2098.7999999999884,2403.3999999821244,0,,Single Text Entry,TextResponseA,4,object-97,1i-3,_,11,1i-3_11,3,Training02,27_BESTSELLER,ASK,.png,27_BESTSELLER_ASK.png,RUSP,WIM,27_BESTSELLER_RUSP_WIM.png,,RUSP WIM,25_PROSECUTE_ASK.png,25_PROSECUTE_DOTS.png,ZETH WAN,RUSP WIM,RUSP WIM,ZETH WAN,25_PROSECUTE_ZETH_WAN.png,ZETH WAN,,,,,
43,1712395190040,06/04/2024 09:19:50,1712398790040,1,06/04/2024 11:19:50,139619,19,task-eihb,,36790802,BLIND,10847971,,complete,,661110ed158c71cbb4469d4d,computer,Desktop or Laptop,Windows 10,Chrome 123.0.0.0,1536x864,1536x695,,,0,1i-3 A Training,4,,,1i-3,,,Pass,,1i-3 A Training,1i-3 A Training,12,Training02,TrainingB,2yfdu9,2,response,,2351.600000000006,2348.8000000000175,2351.600000000006,2351.600000000006,2348.8000000000175,2351.600000000006,1,2351.600000000006,0,0,,Click Response,Option A,4,object-245,1i-3,_,11,1i-3_11,3,Training02,27_BESTSELLER,ASK,.png,27_BESTSELLER_ASK.png,RUSP,WIM,27_BESTSELLER_RUSP_WIM.png,,RUSP WIM,25_PROSECUTE_ASK.png,25_PROSECUTE_DOTS.png,ZETH WAN,RUSP WIM,RUSP WIM,ZETH WAN,25_PROSECUTE_ZETH_WAN.png,ZETH WAN,,,,,
44,1712395192767,06/04/2024 09:19:52,1712398792767,1,06/04/2024 11:19:52,139619,19,task-eihb,,36790802,BLIND,10847971,,complete,,661110ed158c71cbb4469d4d,computer,Desktop or Laptop,Windows 10,Chrome 123.0.0.0,1536x864,1536x695,,,0,1i-3 A Training,4,,,1i-3,,,Pass,,1i-3 A Training,1i-3 A Training,12,Training02,TrainingC,1ouhhw,3,continue,,2729.4999999880674,2714.0999999999767,2729.4999999880674,2729.4999999880674,2714.0999999999767,2729.4999999880674,1,2729.4999999880674,0,0,,Click To Continue,Continue Button,6,object-272,1i-3,_,11,1i-3_11,3,Training02,27_BESTSELLER,ASK,.png,27_BESTSELLER_ASK.png,RUSP,WIM,27_BESTSELLER_RUSP_WIM.png,,RUSP WIM,25_PROSECUTE_ASK.png,25_PROSECUTE_DOTS.png,ZETH WAN,RUSP WIM,RUSP WIM,ZETH WAN,25_PROSECUTE_ZETH_WAN.png,ZETH WAN,,,,,
45,1712395197708,06/04/2024 09:19:57,1712398797708,1,06/04/2024 11:19:57,139619,19,task-eihb,,36790802,BLIND,10847971,,complete,,661110ed158c71cbb4469d4d,computer,Desktop or Laptop,Windows 10,Chrome 123.0.0.0,1536x864,1536x695,,,0,1i-3 A Training,4,,,1i-3,,,Pass,,1i-3 A Training,1i-3 A Training,13,Training02,TrainingA,34efq7,1,response,ZETH WAN,2115.7000000000116,4946.8000000000175,4956.100000005972,2115.7000000000116,4946.8000000000175,4956.100000005972,1,2115.7000000000116,2840.4000000059605,0,,Single Text Entry,TextResponseA,4,object-97,1i-3,_,14,1i-3_14,4,Training02,33_ROR,ASK,.png,33_ROR_ASK.png,ZETH,WAN,33_ROR_ZETH_WAN.png,,ZETH WAN,19_BURYVOLDY_ASK.png,19_BURYVOLDY_DOTS.png,ZETH WAN,WOUX WAN,ZETH WAN,WOUX WAN,19_BURYVOLDY_WOUX_WAN.png,,WOUX WAN,,,,
46,1712395199360,06/04/2024 09:19:59,1712398799360,1,06/04/2024 11:19:59,139619,19,task-eihb,,36790802,BLIND,10847971,,complete,,661110ed158c71cbb4469d4d,computer,Desktop or Laptop,Windows 10,Chrome 123.0.0.0,1536x864,1536x695,,,0,1i-3 A Training,4,,,1i-3,,,Pass,,1i-3 A Training,1i-3 A Training,13,Training02,TrainingB,2yfdu9,2,response,,1661.8999999999942,1649.3999999999942,1661.8999999999942,1661.8999999999942,1649.3999999999942,1661.8999999999942,1,1661.8999999999942,0,0,,Click Response,Option B,5,object-246,1i-3,_,14,1i-3_14,4,Training02,33_ROR,ASK,.png,33_ROR_ASK.png,ZETH,WAN,33_ROR_ZETH_WAN.png,,ZETH WAN,19_BURYVOLDY_ASK.png,19_BURYVOLDY_DOTS.png,ZETH WAN,WOUX WAN,ZETH WAN,WOUX WAN,19_BURYVOLDY_WOUX_WAN.png,,WOUX WAN,,,,
47,1712395201621,06/04/2024 09:20:01,1712398801621,1,06/04/2024 11:20:01,139619,19,task-eihb,,36790802,BLIND,10847971,,complete,,661110ed158c71cbb4469d4d,computer,Desktop or Laptop,Windows 10,Chrome 123.0.0.0,1536x864,1536x695,,,0,1i-3 A Training,4,,,1i-3,,,Pass,,1i-3 A Training,1i-3 A Training,13,Training02,TrainingC,1ouhhw,3,continue,,2273.0999999940395,2264.899999999994,2273.0999999940395,2273.0999999940395,2264.899999999994,2273.0999999940395,1,2273.0999999940395,0,0,,Click To Continue,Continue Button,6,object-272,1i-3,_,14,1i-3_14,4,Training02,33_ROR,ASK,.png,33_ROR_ASK.png,ZETH,WAN,33_ROR_ZETH_WAN.png,,ZETH WAN,19_BURYVOLDY_ASK.png,19_BURYVOLDY_DOTS.png,ZETH WAN,WOUX WAN,ZETH WAN,WOUX WAN,19_BURYVOLDY_WOUX_WAN.png,,WOUX WAN,,,,
48,1712395206172,06/04/2024 09:20:06,1712398806172,1,06/04/2024 11:20:06,139619,19,task-eihb,,36790802,BLIND,10847971,,complete,,661110ed158c71cbb4469d4d,computer,Desktop or Laptop,Windows 10,Chrome 123.0.0.0,1536x864,1536x695,,,0,1i-3 A Training,4,,,1i-3,,,Pass,,1i-3 A Training,1i-3 A Training,14,Training02,TrainingA,34efq7,1,response,FICH WUNG,1982.3999999999942,4547.399999999994,4559.100000000006,1982.3999999999942,4547.399999999994,4559.100000000006,1,1982.3999999999942,2576.7000000000116,0,,Single Text Entry,TextResponseA,4,object-97,1i-3,_,13,1i-3_13,4,Training02,11_RONWAND,ASK,.png,11_RONWAND_ASK.png,FICH,WUNG,11_RONWAND_FICH_WUNG.png,,FICH WUNG,06_MOM_ASK.png,06_MOM_DOTS.png,ZETH WAN,FICH WUNG,FICH WUNG,ZETH WAN,06_MOM_ZETH_WAN.png,ZETH WAN,,,,,
49,1712395208761,06/04/2024 09:20:08,1712398808761,1,06/04/2024 11:20:08,139619,19,task-eihb,,36790802,BLIND,10847971,,complete,,661110ed158c71cbb4469d4d,computer,Desktop or Laptop,Windows 10,Chrome 123.0.0.0,1536x864,1536x695,,,0,1i-3 A Training,4,,,1i-3,,,Pass,,1i-3 A Training,1i-3 A Training,14,Training02,TrainingB,2yfdu9,2,response,,2601.600000005972,2598.9000000000233,2601.600000005972,2601.600000005972,2598.9000000000233,2601.600000005972,1,2601.600000005972,0,0,,Click Response,Option A,4,object-245,1i-3,_,13,1i-3_13,4,Training02,11_RONWAND,ASK,.png,11_RONWAND_ASK.png,FICH,WUNG,11_RONWAND_FICH_WUNG.png,,FICH WUNG,06_MOM_ASK.png,06_MOM_DOTS.png,ZETH WAN,FICH WUNG,FICH WUNG,ZETH WAN,06_MOM_ZETH_WAN.png,ZETH WAN,,,,,
50,1712395210870,06/04/2024 09:20:10,1712398810870,1,06/04/2024 11:20:10,139619,19,task-eihb,,36790802,BLIND,10847971,,complete,,661110ed158c71cbb4469d4d,computer,Desktop or Laptop,Windows 10,Chrome 123.0.0.0,1536x864,1536x695,,,0,1i-3 A Training,4,,,1i-3,,,Pass,,1i-3 A Training,1i-3 A Training,14,Training02,TrainingC,1ouhhw,3,continue,,2110.7999999999884,2098.2000000000116,2110.7999999999884,2110.7999999999884,2098.2000000000116,2110.7999999999884,1,2110.7999999999884,0,0,,Click To Continue,Continue Button,6,object-272,1i-3,_,13,1i-3_13,4,Training02,11_RONWAND,ASK,.png,11_RONWAND_ASK.png,FICH,WUNG,11_RONWAND_FICH_WUNG.png,,FICH WUNG,06_MOM_ASK.png,06_MOM_DOTS.png,ZETH WAN,FICH WUNG,FICH WUNG,ZETH WAN,06_MOM_ZETH_WAN.png,ZETH WAN,,,,,
51,1712395217533,06/04/2024 09:20:17,1712398817533,1,06/04/2024 11:20:17,139619,19,task-eihb,,36790802,BLIND,10847971,,complete,,661110ed158c71cbb4469d4d,computer,Desktop or Laptop,Windows 10,Chrome 123.0.0.0,1536x864,1536x695,,,0,1i-3 A Training,4,,,1i-3,,,Pass,,1i-3 A Training,1i-3 A Training,15,Training02,TrainingA,34efq7,1,response,WOUX WAN,4214,6662.299999999988,6675.699999994016,4214,6662.299999999988,6675.699999994016,1,4214,2461.6999999940163,0,,Single Text Entry,TextResponseA,4,object-97,1i-3,_,16,1i-3_16,4,Training02,42_ENGLAND,ASK,.png,42_ENGLAND_ASK.png,WOUX,WAN,42_ENGLAND_WOUX_WAN.png,,WOUX WAN,41_PIXIE_ASK.png,41_PIXIE_DOTS.png,RUSP WIM,WOUX WAN,WOUX WAN,RUSP WIM,41_PIXIE_RUSP_WIM.png,RUSP WIM,,,,,
52,1712395219094,06/04/2024 09:20:19,1712398819094,1,06/04/2024 11:20:19,139619,19,task-eihb,,36790802,BLIND,10847971,,complete,,661110ed158c71cbb4469d4d,computer,Desktop or Laptop,Windows 10,Chrome 123.0.0.0,1536x864,1536x695,,,0,1i-3 A Training,4,,,1i-3,,,Pass,,1i-3 A Training,1i-3 A Training,15,Training02,TrainingB,2yfdu9,2,response,,1575.2000000059488,1566,1575.2000000059488,1575.2000000059488,1566,1575.2000000059488,1,1575.2000000059488,0,0,,Click Response,Option A,4,object-245,1i-3,_,16,1i-3_16,4,Training02,42_ENGLAND,ASK,.png,42_ENGLAND_ASK.png,WOUX,WAN,42_ENGLAND_WOUX_WAN.png,,WOUX WAN,41_PIXIE_ASK.png,41_PIXIE_DOTS.png,RUSP WIM,WOUX WAN,WOUX WAN,RUSP WIM,41_PIXIE_RUSP_WIM.png,RUSP WIM,,,,,
53,1712395221520,06/04/2024 09:20:21,1712398821520,1,06/04/2024 11:20:21,139619,19,task-eihb,,36790802,BLIND,10847971,,complete,,661110ed158c71cbb4469d4d,computer,Desktop or Laptop,Windows 10,Chrome 123.0.0.0,1536x864,1536x695,,,0,1i-3 A Training,4,,,1i-3,,,Pass,,1i-3 A Training,1i-3 A Training,15,Training02,TrainingC,1ouhhw,3,continue,,2435.200000005949,2431.5999999999767,2435.200000005949,2435.200000005949,2431.5999999999767,2435.200000005949,1,2435.200000005949,0,0,,Click To Continue,Continue Button,6,object-272,1i-3,_,16,1i-3_16,4,Training02,42_ENGLAND,ASK,.png,42_ENGLAND_ASK.png,WOUX,WAN,42_ENGLAND_WOUX_WAN.png,,WOUX WAN,41_PIXIE_ASK.png,41_PIXIE_DOTS.png,RUSP WIM,WOUX WAN,WOUX WAN,RUSP WIM,41_PIXIE_RUSP_WIM.png,RUSP WIM,,,,,
54,1712395225750,06/04/2024 09:20:25,1712398825750,1,06/04/2024 11:20:25,139619,19,task-eihb,,36790802,BLIND,10847971,,complete,,661110ed158c71cbb4469d4d,computer,Desktop or Laptop,Windows 10,Chrome 123.0.0.0,1536x864,1536x695,,,0,1i-3 A Training,4,,,1i-3,,,Pass,,1i-3 A Training,1i-3 A Training,16,Training02,TrainingA,34efq7,1,response,RUSP WIM,1998.4000000000233,4230.700000000012,4233.399999988091,1998.4000000000233,4230.700000000012,4233.399999988091,1,1998.4000000000233,2234.9999999880674,0,,Single Text Entry,TextResponseA,4,object-97,1i-3,_,15,1i-3_15,4,Training02,06_MOM,ASK,.png,06_MOM_ASK.png,RUSP,WIM,06_MOM_RUSP_WIM.png,,RUSP WIM,26_ERISED_ASK.png,26_ERISED_DOTS.png,RUSP WIM,FICH WUNG,RUSP WIM,FICH WUNG,26_ERISED_FICH_WUNG.png,,FICH WUNG,,,,
55,1712395228097,06/04/2024 09:20:28,1712398828097,1,06/04/2024 11:20:28,139619,19,task-eihb,,36790802,BLIND,10847971,,complete,,661110ed158c71cbb4469d4d,computer,Desktop or Laptop,Windows 10,Chrome 123.0.0.0,1536x864,1536x695,,,0,1i-3 A Training,4,,,1i-3,,,Pass,,1i-3 A Training,1i-3 A Training,16,Training02,TrainingB,2yfdu9,2,response,,2349,2332,2349,2349,2332,2349,1,2349,0,0,,Click Response,Option B,5,object-246,1i-3,_,15,1i-3_15,4,Training02,06_MOM,ASK,.png,06_MOM_ASK.png,RUSP,WIM,06_MOM_RUSP_WIM.png,,RUSP WIM,26_ERISED_ASK.png,26_ERISED_DOTS.png,RUSP WIM,FICH WUNG,RUSP WIM,FICH WUNG,26_ERISED_FICH_WUNG.png,,FICH WUNG,,,,
56,1712395229981,06/04/2024 09:20:29,1712398829981,1,06/04/2024 11:20:29,139619,19,task-eihb,,36790802,BLIND,10847971,,complete,,661110ed158c71cbb4469d4d,computer,Desktop or Laptop,Windows 10,Chrome 123.0.0.0,1536x864,1536x695,,,0,1i-3 A Training,4,,,1i-3,,,Pass,,1i-3 A Training,1i-3 A Training,16,Training02,TrainingC,1ouhhw,3,continue,,1901.2999999821186,1898.7999999999884,1901.2999999821186,1901.2999999821186,1898.7999999999884,1901.2999999821186,1,1901.2999999821186,0,0,,Click To Continue,Continue Button,6,object-272,1i-3,_,15,1i-3_15,4,Training02,06_MOM,ASK,.png,06_MOM_ASK.png,RUSP,WIM,06_MOM_RUSP_WIM.png,,RUSP WIM,26_ERISED_ASK.png,26_ERISED_DOTS.png,RUSP WIM,FICH WUNG,RUSP WIM,FICH WUNG,26_ERISED_FICH_WUNG.png,,FICH WUNG,,,,
57,1712395236252,06/04/2024 09:20:36,1712398836252,1,06/04/2024 11:20:36,139619,19,task-eihb,,36790802,BLIND,10847971,,complete,,661110ed158c71cbb4469d4d,computer,Desktop or Laptop,Windows 10,Chrome 123.0.0.0,1536x864,1536x695,,,0,1i-3 A Training,4,,,1i-3,,,Pass,,1i-3 A Training,1i-3 A Training,17,Training02,TrainingA,34efq7,1,response,WOUX WAN,1931.7999999999884,6262,6273.700000000012,1931.7999999999884,6262,6273.700000000012,1,1931.7999999999884,4341.900000000023,0,,Single Text Entry,TextResponseA,4,object-97,1i-3,_,20,1i-3_20,5,Training02,21_TEACHHOG,ASK,.png,21_TEACHHOG_ASK.png,WOUX,WAN,21_TEACHHOG_WOUX_WAN.png,,WOUX WAN,42_ENGLAND_ASK.png,42_ENGLAND_DOTS.png,WOUX WAN,ZETH WAN,WOUX WAN,ZETH WAN,42_ENGLAND_ZETH_WAN.png,,ZETH WAN,,,,
58,1712395240121,06/04/2024 09:20:40,1712398840121,1,06/04/2024 11:20:40,139619,19,task-eihb,,36790802,BLIND,10847971,,complete,,661110ed158c71cbb4469d4d,computer,Desktop or Laptop,Windows 10,Chrome 123.0.0.0,1536x864,1536x695,,,0,1i-3 A Training,4,,,1i-3,,,Pass,,1i-3 A Training,1i-3 A Training,17,Training02,TrainingB,2yfdu9,2,response,,3880.9999999821302,3864.9000000000233,3880.9999999821302,3880.9999999821302,3864.9000000000233,3880.9999999821302,1,3880.9999999821302,0,0,,Click Response,Option B,5,object-246,1i-3,_,20,1i-3_20,5,Training02,21_TEACHHOG,ASK,.png,21_TEACHHOG_ASK.png,WOUX,WAN,21_TEACHHOG_WOUX_WAN.png,,WOUX WAN,42_ENGLAND_ASK.png,42_ENGLAND_DOTS.png,WOUX WAN,ZETH WAN,WOUX WAN,ZETH WAN,42_ENGLAND_ZETH_WAN.png,,ZETH WAN,,,,
59,1712395242228,06/04/2024 09:20:42,1712398842228,1,06/04/2024 11:20:42,139619,19,task-eihb,,36790802,BLIND,10847971,,complete,,661110ed158c71cbb4469d4d,computer,Desktop or Laptop,Windows 10,Chrome 123.0.0.0,1536x864,1536x695,,,0,1i-3 A Training,4,,,1i-3,,,Pass,,1i-3 A Training,1i-3 A Training,17,Training02,TrainingC,1ouhhw,3,continue,,2122.7999999999884,2114.5,2122.7999999999884,2122.7999999999884,2114.5,2122.7999999999884,1,2122.7999999999884,0,0,,Click To Continue,Continue Button,6,object-272,1i-3,_,20,1i-3_20,5,Training02,21_TEACHHOG,ASK,.png,21_TEACHHOG_ASK.png,WOUX,WAN,21_TEACHHOG_WOUX_WAN.png,,WOUX WAN,42_ENGLAND_ASK.png,42_ENGLAND_DOTS.png,WOUX WAN,ZETH WAN,WOUX WAN,ZETH WAN,42_ENGLAND_ZETH_WAN.png,,ZETH WAN,,,,
60,1712395249628,06/04/2024 09:20:49,1712398849628,1,06/04/2024 11:20:49,139619,19,task-eihb,,36790802,BLIND,10847971,,complete,,661110ed158c71cbb4469d4d,computer,Desktop or Laptop,Windows 10,Chrome 123.0.0.0,1536x864,1536x695,,,0,1i-3 A Training,4,,,1i-3,,,Pass,,1i-3 A Training,1i-3 A Training,18,Training02,TrainingA,34efq7,1,response,FICH WUNG,2532.5,7396,7408.099999982107,2532.5,7396,7408.099999982107,1,2532.5,4875.599999982107,0,,Single Text Entry,TextResponseA,4,object-97,1i-3,_,17,1i-3_17,5,Training02,25_PROSECUTE,ASK,.png,25_PROSECUTE_ASK.png,FICH,WUNG,25_PROSECUTE_FICH_WUNG.png,,FICH WUNG,04_WHEEZES_ASK.png,04_WHEEZES_DOTS.png,RUSP WIM,FICH WUNG,FICH WUNG,RUSP WIM,04_WHEEZES_RUSP_WIM.png,RUSP WIM,,,,,
61,1712395253986,06/04/2024 09:20:53,1712398853986,1,06/04/2024 11:20:53,139619,19,task-eihb,,36790802,BLIND,10847971,,complete,,661110ed158c71cbb4469d4d,computer,Desktop or Laptop,Windows 10,Chrome 123.0.0.0,1536x864,1536x695,,,0,1i-3 A Training,4,,,1i-3,,,Pass,,1i-3 A Training,1i-3 A Training,18,Training02,TrainingB,2yfdu9,2,response,,4370.399999994028,4363.299999999988,4370.399999994028,4370.399999994028,4363.299999999988,4370.399999994028,1,4370.399999994028,0,0,,Click Response,Option A,4,object-245,1i-3,_,17,1i-3_17,5,Training02,25_PROSECUTE,ASK,.png,25_PROSECUTE_ASK.png,FICH,WUNG,25_PROSECUTE_FICH_WUNG.png,,FICH WUNG,04_WHEEZES_ASK.png,04_WHEEZES_DOTS.png,RUSP WIM,FICH WUNG,FICH WUNG,RUSP WIM,04_WHEEZES_RUSP_WIM.png,RUSP WIM,,,,,
62,1712395277581,06/04/2024 09:21:17,1712398877581,1,06/04/2024 11:21:17,139619,19,task-eihb,,36790802,BLIND,10847971,,complete,,661110ed158c71cbb4469d4d,computer,Desktop or Laptop,Windows 10,Chrome 123.0.0.0,1536x864,1536x695,,,0,1i-3 A Training,4,,,1i-3,,,Pass,,1i-3 A Training,1i-3 A Training,18,Training02,TrainingC,1ouhhw,3,continue,,23601.09999999404,23585.79999999999,23601.09999999404,23601.09999999404,23585.79999999999,23601.09999999404,1,23601.09999999404,0,0,,Click To Continue,Continue Button,6,object-272,1i-3,_,17,1i-3_17,5,Training02,25_PROSECUTE,ASK,.png,25_PROSECUTE_ASK.png,FICH,WUNG,25_PROSECUTE_FICH_WUNG.png,,FICH WUNG,04_WHEEZES_ASK.png,04_WHEEZES_DOTS.png,RUSP WIM,FICH WUNG,FICH WUNG,RUSP WIM,04_WHEEZES_RUSP_WIM.png,RUSP WIM,,,,,
63,1712395282166,06/04/2024 09:21:22,1712398882166,1,06/04/2024 11:21:22,139619,19,task-eihb,,36790802,BLIND,10847971,,complete,,661110ed158c71cbb4469d4d,computer,Desktop or Laptop,Windows 10,Chrome 123.0.0.0,1536x864,1536x695,,,0,1i-3 A Training,4,,,1i-3,,,Pass,,1i-3 A Training,1i-3 A Training,19,Training02,TrainingA,34efq7,1,response,ZETH WAN,1781.9000000000233,4596.5,4601.299999994051,1781.9000000000233,4596.5,4601.299999994051,1,1781.9000000000233,2819.399999994028,0,,Single Text Entry,TextResponseA,4,object-97,1i-3,_,18,1i-3_18,5,Training02,05_AUROR,ASK,.png,05_AUROR_ASK.png,ZETH,WAN,05_AUROR_ZETH_WAN.png,,ZETH WAN,11_RONWAND_ASK.png,11_RONWAND_DOTS.png,ZETH WAN,FICH WUNG,ZETH WAN,FICH WUNG,11_RONWAND_FICH_WUNG.png,,FICH WUNG,,,,
64,1712395284168,06/04/2024 09:21:24,1712398884168,1,06/04/2024 11:21:24,139619,19,task-eihb,,36790802,BLIND,10847971,,complete,,661110ed158c71cbb4469d4d,computer,Desktop or Laptop,Windows 10,Chrome 123.0.0.0,1536x864,1536x695,,,0,1i-3 A Training,4,,,1i-3,,,Pass,,1i-3 A Training,1i-3 A Training,19,Training02,TrainingB,2yfdu9,2,response,,2006.7000000000116,1998.9000000000233,2006.7000000000116,2006.7000000000116,1998.9000000000233,2006.7000000000116,1,2006.7000000000116,0,0,,Click Response,Option B,5,object-246,1i-3,_,18,1i-3_18,5,Training02,05_AUROR,ASK,.png,05_AUROR_ASK.png,ZETH,WAN,05_AUROR_ZETH_WAN.png,,ZETH WAN,11_RONWAND_ASK.png,11_RONWAND_DOTS.png,ZETH WAN,FICH WUNG,ZETH WAN,FICH WUNG,11_RONWAND_FICH_WUNG.png,,FICH WUNG,,,,
65,1712395286421,06/04/2024 09:21:26,1712398886421,1,06/04/2024 11:21:26,139619,19,task-eihb,,36790802,BLIND,10847971,,complete,,661110ed158c71cbb4469d4d,computer,Desktop or Laptop,Windows 10,Chrome 123.0.0.0,1536x864,1536x695,,,0,1i-3 A Training,4,,,1i-3,,,Pass,,1i-3 A Training,1i-3 A Training,19,Training02,TrainingC,1ouhhw,3,continue,,2260.700000005949,2248.399999999965,2260.700000005949,2260.700000005949,2248.399999999965,2260.700000005949,1,2260.700000005949,0,0,,Click To Continue,Continue Button,6,object-272,1i-3,_,18,1i-3_18,5,Training02,05_AUROR,ASK,.png,05_AUROR_ASK.png,ZETH,WAN,05_AUROR_ZETH_WAN.png,,ZETH WAN,11_RONWAND_ASK.png,11_RONWAND_DOTS.png,ZETH WAN,FICH WUNG,ZETH WAN,FICH WUNG,11_RONWAND_FICH_WUNG.png,,FICH WUNG,,,,
66,1712395291677,06/04/2024 09:21:31,1712398891677,1,06/04/2024 11:21:31,139619,19,task-eihb,,36790802,BLIND,10847971,,complete,,661110ed158c71cbb4469d4d,computer,Desktop or Laptop,Windows 10,Chrome 123.0.0.0,1536x864,1536x695,,,0,1i-3 A Training,4,,,1i-3,,,Pass,,1i-3 A Training,1i-3 A Training,20,Training02,TrainingA,34efq7,1,response,RUSP WIM,1799.2000000000116,5264,5268.400000000023,1799.2000000000116,5264,5268.400000000023,1,1799.2000000000116,3469.2000000000116,0,,Single Text Entry,TextResponseA,4,object-97,1i-3,_,19,1i-3_19,5,Training02,41_PIXIE,ASK,.png,41_PIXIE_ASK.png,RUSP,WIM,41_PIXIE_RUSP_WIM.png,,RUSP WIM,35_PROPHET_ASK.png,35_PROPHET_DOTS.png,WOUX WAN,RUSP WIM,RUSP WIM,WOUX WAN,35_PROPHET_WOUX_WAN.png,WOUX WAN,,,,,
67,1712395296053,06/04/2024 09:21:36,1712398896053,1,06/04/2024 11:21:36,139619,19,task-eihb,,36790802,BLIND,10847971,,complete,,661110ed158c71cbb4469d4d,computer,Desktop or Laptop,Windows 10,Chrome 123.0.0.0,1536x864,1536x695,,,0,1i-3 A Training,4,,,1i-3,,,Pass,,1i-3 A Training,1i-3 A Training,20,Training02,TrainingB,2yfdu9,2,response,,4379.800000005984,4363.800000000047,4379.800000005984,4379.800000005984,4363.800000000047,4379.800000005984,1,4379.800000005984,0,0,,Click Response,Option A,4,object-245,1i-3,_,19,1i-3_19,5,Training02,41_PIXIE,ASK,.png,41_PIXIE_ASK.png,RUSP,WIM,41_PIXIE_RUSP_WIM.png,,RUSP WIM,35_PROPHET_ASK.png,35_PROPHET_DOTS.png,WOUX WAN,RUSP WIM,RUSP WIM,WOUX WAN,35_PROPHET_WOUX_WAN.png,WOUX WAN,,,,,
68,1712395297120,06/04/2024 09:21:37,1712398897120,1,06/04/2024 11:21:37,139619,19,task-eihb,,36790802,BLIND,10847971,,complete,,661110ed158c71cbb4469d4d,computer,Desktop or Laptop,Windows 10,Chrome 123.0.0.0,1536x864,1536x695,,,0,1i-3 A Training,4,,,1i-3,,,Pass,,1i-3 A Training,1i-3 A Training,20,Training02,TrainingC,1ouhhw,3,continue,,1083.2999999999302,1066.1999999999534,1083.2999999999302,1083.2999999999302,1066.1999999999534,1083.2999999999302,1,1083.2999999999302,0,0,,Click To Continue,Continue Button,6,object-272,1i-3,_,19,1i-3_19,5,Training02,41_PIXIE,ASK,.png,41_PIXIE_ASK.png,RUSP,WIM,41_PIXIE_RUSP_WIM.png,,RUSP WIM,35_PROPHET_ASK.png,35_PROPHET_DOTS.png,WOUX WAN,RUSP WIM,RUSP WIM,WOUX WAN,35_PROPHET_WOUX_WAN.png,WOUX WAN,,,,,
69,1712395302019,06/04/2024 09:21:42,1712398902019,1,06/04/2024 11:21:42,139619,19,task-eihb,,36790802,BLIND,10847971,,complete,,661110ed158c71cbb4469d4d,computer,Desktop or Laptop,Windows 10,Chrome 123.0.0.0,1536x864,1536x695,,,0,1i-3 A Training,4,,,1i-3,,,Pass,,1i-3 A Training,1i-3 A Training,21,Training02,TrainingA,34efq7,1,response,ZETH WAN,1831.600000000035,4913.100000000035,4916.199999982142,1831.600000000035,4913.100000000035,4916.199999982142,1,1831.600000000035,3084.599999982107,0,,Single Text Entry,TextResponseA,4,object-97,1i-3,_,22,1i-3_22,6,Training02,26_ERISED,ASK,.png,26_ERISED_ASK.png,ZETH,WAN,26_ERISED_ZETH_WAN.png,,ZETH WAN,18_LIVEGODRIC_ASK.png,18_LIVEGODRIC_DOTS.png,RUSP WIM,ZETH WAN,ZETH WAN,RUSP WIM,18_LIVEGODRIC_RUSP_WIM.png,RUSP WIM,,,,,
70,1712395310830,06/04/2024 09:21:50,1712398910830,1,06/04/2024 11:21:50,139619,19,task-eihb,,36790802,BLIND,10847971,,complete,,661110ed158c71cbb4469d4d,computer,Desktop or Laptop,Windows 10,Chrome 123.0.0.0,1536x864,1536x695,,,0,1i-3 A Training,4,,,1i-3,,,Pass,,1i-3 A Training,1i-3 A Training,21,Training02,TrainingB,2yfdu9,2,response,,8813.799999999988,8811.200000000012,8813.799999999988,8813.799999999988,8811.200000000012,8813.799999999988,1,8813.799999999988,0,0,,Click Response,Option B,5,object-246,1i-3,_,22,1i-3_22,6,Training02,26_ERISED,ASK,.png,26_ERISED_ASK.png,ZETH,WAN,26_ERISED_ZETH_WAN.png,,ZETH WAN,18_LIVEGODRIC_ASK.png,18_LIVEGODRIC_DOTS.png,RUSP WIM,ZETH WAN,ZETH WAN,RUSP WIM,18_LIVEGODRIC_RUSP_WIM.png,RUSP WIM,,,,,
71,1712395312223,06/04/2024 09:21:52,1712398912223,1,06/04/2024 11:21:52,139619,19,task-eihb,,36790802,BLIND,10847971,,complete,,661110ed158c71cbb4469d4d,computer,Desktop or Laptop,Windows 10,Chrome 123.0.0.0,1536x864,1536x695,,,0,1i-3 A Training,4,,,1i-3,,,Pass,,1i-3 A Training,1i-3 A Training,21,Training02,TrainingC,1ouhhw,3,continue,,1396.2999999880558,1382.2999999999884,1396.2999999880558,1396.2999999880558,1382.2999999999884,1396.2999999880558,1,1396.2999999880558,0,0,,Click To Continue,Continue Button,6,object-272,1i-3,_,22,1i-3_22,6,Training02,26_ERISED,ASK,.png,26_ERISED_ASK.png,ZETH,WAN,26_ERISED_ZETH_WAN.png,,ZETH WAN,18_LIVEGODRIC_ASK.png,18_LIVEGODRIC_DOTS.png,RUSP WIM,ZETH WAN,ZETH WAN,RUSP WIM,18_LIVEGODRIC_RUSP_WIM.png,RUSP WIM,,,,,
72,1712395317092,06/04/2024 09:21:57,1712398917092,1,06/04/2024 11:21:57,139619,19,task-eihb,,36790802,BLIND,10847971,,complete,,661110ed158c71cbb4469d4d,computer,Desktop or Laptop,Windows 10,Chrome 123.0.0.0,1536x864,1536x695,,,0,1i-3 A Training,4,,,1i-3,,,Pass,,1i-3 A Training,1i-3 A Training,22,Training02,TrainingA,34efq7,1,response,FICH WUNG,2548.5999999999767,4880.200000000012,4882.899999994028,2548.5999999999767,4880.200000000012,4882.899999994028,1,2548.5999999999767,2334.299999994051,0,,Single Text Entry,TextResponseA,4,object-97,1i-3,_,21,1i-3_21,6,Training02,39_STOPHAGRID,ASK,.png,39_STOPHAGRID_ASK.png,FICH,WUNG,39_STOPHAGRID_FICH_WUNG.png,,FICH WUNG,14_MUNGOS_ASK.png,14_MUNGOS_DOTS.png,WOUX WAN,FICH WUNG,FICH WUNG,WOUX WAN,14_MUNGOS_WOUX_WAN.png,WOUX WAN,,,,,
73,1712395320467,06/04/2024 09:22:00,1712398920467,1,06/04/2024 11:22:00,139619,19,task-eihb,,36790802,BLIND,10847971,,complete,,661110ed158c71cbb4469d4d,computer,Desktop or Laptop,Windows 10,Chrome 123.0.0.0,1536x864,1536x695,,,0,1i-3 A Training,4,,,1i-3,,,Pass,,1i-3 A Training,1i-3 A Training,22,Training02,TrainingB,2yfdu9,2,response,,3377.8999999820953,3364.5999999999767,3377.8999999820953,3377.8999999820953,3364.5999999999767,3377.8999999820953,1,3377.8999999820953,0,0,,Click Response,Option B,5,object-246,1i-3,_,21,1i-3_21,6,Training02,39_STOPHAGRID,ASK,.png,39_STOPHAGRID_ASK.png,FICH,WUNG,39_STOPHAGRID_FICH_WUNG.png,,FICH WUNG,14_MUNGOS_ASK.png,14_MUNGOS_DOTS.png,WOUX WAN,FICH WUNG,FICH WUNG,WOUX WAN,14_MUNGOS_WOUX_WAN.png,WOUX WAN,,,,,
74,1712395323138,06/04/2024 09:22:03,1712398923138,1,06/04/2024 11:22:03,139619,19,task-eihb,,36790802,BLIND,10847971,,complete,,661110ed158c71cbb4469d4d,computer,Desktop or Laptop,Windows 10,Chrome 123.0.0.0,1536x864,1536x695,,,0,1i-3 A Training,4,,,1i-3,,,Pass,,1i-3 A Training,1i-3 A Training,22,Training02,TrainingC,1ouhhw,3,continue,,2684.0999999940395,2681.7999999999884,2684.0999999940395,2684.0999999940395,2681.7999999999884,2684.0999999940395,1,2684.0999999940395,0,0,,Click To Continue,Continue Button,6,object-272,1i-3,_,21,1i-3_21,6,Training02,39_STOPHAGRID,ASK,.png,39_STOPHAGRID_ASK.png,FICH,WUNG,39_STOPHAGRID_FICH_WUNG.png,,FICH WUNG,14_MUNGOS_ASK.png,14_MUNGOS_DOTS.png,WOUX WAN,FICH WUNG,FICH WUNG,WOUX WAN,14_MUNGOS_WOUX_WAN.png,WOUX WAN,,,,,
75,1712395327863,06/04/2024 09:22:07,1712398927863,1,06/04/2024 11:22:07,139619,19,task-eihb,,36790802,BLIND,10847971,,complete,,661110ed158c71cbb4469d4d,computer,Desktop or Laptop,Windows 10,Chrome 123.0.0.0,1536x864,1536x695,,,0,1i-3 A Training,4,,,1i-3,,,Pass,,1i-3 A Training,1i-3 A Training,23,Training02,TrainingA,34efq7,1,response,RUSP WIM,2031.7000000000116,4713.5,4726.799999994051,2031.7000000000116,4713.5,4726.799999994051,1,2031.7000000000116,2695.0999999940395,0,,Single Text Entry,TextResponseA,4,object-97,1i-3,_,23,1i-3_23,6,Training02,20_PULLSWORD,ASK,.png,20_PULLSWORD_ASK.png,RUSP,WIM,20_PULLSWORD_RUSP_WIM.png,,RUSP WIM,28_GALLEONS_ASK.png,28_GALLEONS_DOTS.png,RUSP WIM,ZETH WAN,RUSP WIM,ZETH WAN,28_GALLEONS_ZETH_WAN.png,,ZETH WAN,,,,
76,1712395361459,06/04/2024 09:22:41,1712398961459,1,06/04/2024 11:22:41,139619,19,task-eihb,,36790802,BLIND,10847971,,complete,,661110ed158c71cbb4469d4d,computer,Desktop or Laptop,Windows 10,Chrome 123.0.0.0,1536x864,1536x695,,,0,1i-3 A Training,4,,,1i-3,,,Pass,,1i-3 A Training,1i-3 A Training,23,Training02,TrainingB,2yfdu9,2,response,,33609.20000000001,33595.20000000001,33609.20000000001,33609.20000000001,33595.20000000001,33609.20000000001,1,33609.20000000001,0,0,,Click Response,Option B,5,object-246,1i-3,_,23,1i-3_23,6,Training02,20_PULLSWORD,ASK,.png,20_PULLSWORD_ASK.png,RUSP,WIM,20_PULLSWORD_RUSP_WIM.png,,RUSP WIM,28_GALLEONS_ASK.png,28_GALLEONS_DOTS.png,RUSP WIM,ZETH WAN,RUSP WIM,ZETH WAN,28_GALLEONS_ZETH_WAN.png,,ZETH WAN,,,,
77,1712395364704,06/04/2024 09:22:44,1712398964704,1,06/04/2024 11:22:44,139619,19,task-eihb,,36790802,BLIND,10847971,,complete,,661110ed158c71cbb4469d4d,computer,Desktop or Laptop,Windows 10,Chrome 123.0.0.0,1536x864,1536x695,,,0,1i-3 A Training,4,,,1i-3,,,Pass,,1i-3 A Training,1i-3 A Training,23,Training02,TrainingC,1ouhhw,3,continue,,3259.4000000059605,3248.4000000000233,3259.4000000059605,3259.4000000059605,3248.4000000000233,3259.4000000059605,1,3259.4000000059605,0,0,,Click To Continue,Continue Button,6,object-272,1i-3,_,23,1i-3_23,6,Training02,20_PULLSWORD,ASK,.png,20_PULLSWORD_ASK.png,RUSP,WIM,20_PULLSWORD_RUSP_WIM.png,,RUSP WIM,28_GALLEONS_ASK.png,28_GALLEONS_DOTS.png,RUSP WIM,ZETH WAN,RUSP WIM,ZETH WAN,28_GALLEONS_ZETH_WAN.png,,ZETH WAN,,,,
78,1712395371108,06/04/2024 09:22:51,1712398971108,1,06/04/2024 11:22:51,139619,19,task-eihb,,36790802,BLIND,10847971,,complete,,661110ed158c71cbb4469d4d,computer,Desktop or Laptop,Windows 10,Chrome 123.0.0.0,1536x864,1536x695,,,0,1i-3 A Training,4,,,1i-3,,,Pass,,1i-3 A Training,1i-3 A Training,24,Training02,TrainingA,34efq7,1,response,WOUX WAN,2981.0999999999767,6412.299999999988,6415.000000005937,2981.0999999999767,6412.299999999988,6415.000000005937,1,2981.0999999999767,3433.9000000059605,0,,Single Text Entry,TextResponseA,4,object-97,1i-3,_,24,1i-3_24,6,Training02,07_AZKABAN,ASK,.png,07_AZKABAN_ASK.png,WOUX,WAN,07_AZKABAN_WOUX_WAN.png,,WOUX WAN,32_QWC_ASK.png,32_QWC_DOTS.png,WOUX WAN,FICH WUNG,WOUX WAN,FICH WUNG,32_QWC_FICH_WUNG.png,,FICH WUNG,,,,
79,1712395409389,06/04/2024 09:23:29,1712399009389,1,06/04/2024 11:23:29,139619,19,task-eihb,,36790802,BLIND,10847971,,complete,,661110ed158c71cbb4469d4d,computer,Desktop or Laptop,Windows 10,Chrome 123.0.0.0,1536x864,1536x695,,,0,1i-3 A Training,4,,,1i-3,,,Pass,,1i-3 A Training,1i-3 A Training,24,Training02,TrainingB,2yfdu9,2,response,,38276.399999999965,38259.29999999999,38276.399999999965,38276.399999999965,38259.29999999999,38276.399999999965,1,38276.399999999965,0,0,,Click Response,Option B,5,object-246,1i-3,_,24,1i-3_24,6,Training02,07_AZKABAN,ASK,.png,07_AZKABAN_ASK.png,WOUX,WAN,07_AZKABAN_WOUX_WAN.png,,WOUX WAN,32_QWC_ASK.png,32_QWC_DOTS.png,WOUX WAN,FICH WUNG,WOUX WAN,FICH WUNG,32_QWC_FICH_WUNG.png,,FICH WUNG,,,,
80,1712395413370,06/04/2024 09:23:33,1712399013370,1,06/04/2024 11:23:33,139619,19,task-eihb,,36790802,BLIND,10847971,,complete,,661110ed158c71cbb4469d4d,computer,Desktop or Laptop,Windows 10,Chrome 123.0.0.0,1536x864,1536x695,,,0,1i-3 A Training,4,,,1i-3,,,Pass,,1i-3 A Training,1i-3 A Training,24,Training02,TrainingC,1ouhhw,3,continue,,3998.2000000000116,3981,3998.2000000000116,3998.2000000000116,3981,3998.2000000000116,1,3998.2000000000116,0,0,,Click To Continue,Continue Button,6,object-272,1i-3,_,24,1i-3_24,6,Training02,07_AZKABAN,ASK,.png,07_AZKABAN_ASK.png,WOUX,WAN,07_AZKABAN_WOUX_WAN.png,,WOUX WAN,32_QWC_ASK.png,32_QWC_DOTS.png,WOUX WAN,FICH WUNG,WOUX WAN,FICH WUNG,32_QWC_FICH_WUNG.png,,FICH WUNG,,,,
81,1712395413376,06/04/2024 09:23:33,1712399013376,1,06/04/2024 11:23:33,139619,19,task-eihb,,36790802,BLIND,10847971,,complete,,661110ed158c71cbb4469d4d,computer,Desktop or Laptop,Windows 10,Chrome 123.0.0.0,1536x864,1536x695,,,0,1i-3 A Training,4,,,1i-3,,,Pass,,1i-3 A Training,1i-3 A Training,,,,,,5,END,,,,,,,0,,,,,,,,,,,,,,,,,,,,,,,,,,,,,,,,,,,,
1,1712395527210,06/04/2024 09:25:27,1712399127210,1,06/04/2024 11:25:27,139619,19,task-eihb,,36790826,BLIND,10847980,,complete,,661111439b19c16d0e2ce1bf,computer,Desktop or Laptop,Windows 10,Chrome 122.0.0.0,1366x768,1366x599,,,0,1i-3 A Training,4,,,1i-3,,,Pass,,1i-3 A Training,1i-3 A Training,,,,,,5,BEGIN,,,,,,,0,,,,,,,,,,,,,,,,,,,,,,,,,,,,,,,,,,,,
2,1712395532773,06/04/2024 09:25:32,1712399132773,1,06/04/2024 11:25:32,139619,19,task-eihb,,36790826,BLIND,10847980,,complete,,661111439b19c16d0e2ce1bf,computer,Desktop or Laptop,Windows 10,Chrome 122.0.0.0,1366x768,1366x599,,,0,1i-3 A Training,4,,,1i-3,,,Pass,,1i-3 A Training,1i-3 A Training,1,Instructions,Attention Check 5,4xnmv6,1,continue,,5217.1,5200.1,5217.1,5217.1,5200.1,5217.1,1,5217.1,0,0,,Click To Continue,Continue Button,4,object-285,,,,,,Instructions,,,,,,,,,,,,,,,,,,,,,,
3,1712395532774,06/04/2024 09:25:32,1712399132774,1,06/04/2024 11:25:32,139619,19,task-eihb,,36790826,BLIND,10847980,,complete,,661111439b19c16d0e2ce1bf,computer,Desktop or Laptop,Windows 10,Chrome 122.0.0.0,1366x768,1366x599,,,0,1i-3 A Training,4,,,1i-3,,,Pass,,1i-3 A Training,1i-3 A Training,1,Instructions,Attention Check 5,4xnmv6,1,response,Accio!,4299.700000000001,5200.1,5217.1,4299.700000000001,5200.1,5217.1,1,4299.700000000001,917.3999999999996,0,,Dropdown,Dropdown5,3,object-284,,,,,,Instructions,,,,,,,,,,,,,,,,,,,,,,
4,1712395539823,06/04/2024 09:25:39,1712399139823,1,06/04/2024 11:25:39,139619,19,task-eihb,,36790826,BLIND,10847980,,complete,,661111439b19c16d0e2ce1bf,computer,Desktop or Laptop,Windows 10,Chrome 122.0.0.0,1366x768,1366x599,,,0,1i-3 A Training,4,,,1i-3,,,Pass,,1i-3 A Training,1i-3 A Training,1,Instructions,Attention Check 6,wf497f,2,continue,,7070.0999999523165,7068.000000000001,7070.0999999523165,7070.0999999523165,7068.000000000001,7070.0999999523165,1,7070.0999999523165,0,0,,Click To Continue,Continue Button,4,object-292,,,,,,Instructions,,,,,,,,,,,,,,,,,,,,,,
5,1712395539826,06/04/2024 09:25:39,1712399139826,1,06/04/2024 11:25:39,139619,19,task-eihb,,36790826,BLIND,10847980,,complete,,661111439b19c16d0e2ce1bf,computer,Desktop or Laptop,Windows 10,Chrome 122.0.0.0,1366x768,1366x599,,,0,1i-3 A Training,4,,,1i-3,,,Pass,,1i-3 A Training,1i-3 A Training,1,Instructions,Attention Check 6,wf497f,2,response,The Invisibility Cloak,6267.400000000001,7068.000000000001,7073.399999904633,6267.400000000001,7068.000000000001,7073.399999904633,1,6267.400000000001,805.9999999046322,0,,Dropdown,Dropdown6,3,object-291,,,,,,Instructions,,,,,,,,,,,,,,,,,,,,,,
6,1712395544312,06/04/2024 09:25:44,1712399144312,1,06/04/2024 11:25:44,139619,19,task-eihb,,36790826,BLIND,10847980,,complete,,661111439b19c16d0e2ce1bf,computer,Desktop or Laptop,Windows 10,Chrome 122.0.0.0,1366x768,1366x599,,,0,1i-3 A Training,4,,,1i-3,,,Pass,,1i-3 A Training,1i-3 A Training,1,Instructions,Screen 22,3y4guk,3,continue,,4490.399999904632,4481.799999999999,4490.399999904632,4490.399999904632,4481.799999999999,4490.399999904632,1,4490.399999904632,0,0,,Click To Continue,Continue Button,3,object-297,,,,,,Instructions,,,,,,,,,,,,,,,,,,,,,,
7,1712395636887,06/04/2024 09:27:16,1712399236887,1,06/04/2024 11:27:16,139619,19,task-eihb,,36790826,BLIND,10847980,,complete,,661111439b19c16d0e2ce1bf,computer,Desktop or Laptop,Windows 10,Chrome 122.0.0.0,1366x768,1366x599,,,0,1i-3 A Training,4,,,1i-3,,,Pass,,1i-3 A Training,1i-3 A Training,1,Instructions,Instructions 02,q3gk2e,4,continue,,92578.69999999998,92561.9,92578.69999999998,92578.69999999998,92561.9,92578.69999999998,1,92578.69999999998,0,0,,Click To Continue,Continue Button,2,object-75,,,,,,Instructions,,,,,,,,,,,,,,,,,,,,,,
8,1712395639277,06/04/2024 09:27:19,1712399239277,1,06/04/2024 11:27:19,139619,19,task-eihb,,36790826,BLIND,10847980,,complete,,661111439b19c16d0e2ce1bf,computer,Desktop or Laptop,Windows 10,Chrome 122.0.0.0,1366x768,1366x599,,,0,1i-3 A Training,4,,,1i-3,,,Pass,,1i-3 A Training,1i-3 A Training,1,Instructions,Instructions 03,gxa3vr,5,continue,,2412.100000000006,2400.100000000006,2412.100000000006,2412.100000000006,2400.100000000006,2412.100000000006,1,2412.100000000006,0,0,,Click To Continue,Continue Button,1,object-165,,,,,,Instructions,,,,,,,,,,,,,,,,,,,,,,
9,1712395658371,06/04/2024 09:27:38,1712399258371,1,06/04/2024 11:27:38,139619,19,task-eihb,,36790826,BLIND,10847980,,complete,,661111439b19c16d0e2ce1bf,computer,Desktop or Laptop,Windows 10,Chrome 122.0.0.0,1366x768,1366x599,,,0,1i-3 A Training,4,,,1i-3,,,Pass,,1i-3 A Training,1i-3 A Training,1,Training02,TrainingA,34efq7,1,response,ZETH WAN,11399.199999999997,19100,19106.5,11399.199999999997,19100,19106.5,1,11399.199999999997,7707.300000000003,0,,Single Text Entry,TextResponseA,4,object-97,1i-3,_,02,1i-3_02,1,Training02,40_BURYSNAPE,ASK,.png,40_BURYSNAPE_ASK.png,ZETH,WAN,40_BURYSNAPE_ZETH_WAN.png,,ZETH WAN,20_PULLSWORD_ASK.png,20_PULLSWORD_DOTS.png,WOUX WAN,ZETH WAN,ZETH WAN,WOUX WAN,20_PULLSWORD_WOUX_WAN.png,WOUX WAN,,,,,
10,1712395662595,06/04/2024 09:27:42,1712399262595,1,06/04/2024 11:27:42,139619,19,task-eihb,,36790826,BLIND,10847980,,complete,,661111439b19c16d0e2ce1bf,computer,Desktop or Laptop,Windows 10,Chrome 122.0.0.0,1366x768,1366x599,,,0,1i-3 A Training,4,,,1i-3,,,Pass,,1i-3 A Training,1i-3 A Training,1,Training02,TrainingB,2yfdu9,2,response,,4230.399999856949,4215.700000000012,4230.399999856949,4230.399999856949,4215.700000000012,4230.399999856949,1,4230.399999856949,0,0,,Click Response,Option A,4,object-245,1i-3,_,02,1i-3_02,1,Training02,40_BURYSNAPE,ASK,.png,40_BURYSNAPE_ASK.png,ZETH,WAN,40_BURYSNAPE_ZETH_WAN.png,,ZETH WAN,20_PULLSWORD_ASK.png,20_PULLSWORD_DOTS.png,WOUX WAN,ZETH WAN,ZETH WAN,WOUX WAN,20_PULLSWORD_WOUX_WAN.png,WOUX WAN,,,,,
11,1712395665022,06/04/2024 09:27:45,1712399265022,1,06/04/2024 11:27:45,139619,19,task-eihb,,36790826,BLIND,10847980,,complete,,661111439b19c16d0e2ce1bf,computer,Desktop or Laptop,Windows 10,Chrome 122.0.0.0,1366x768,1366x599,,,0,1i-3 A Training,4,,,1i-3,,,Pass,,1i-3 A Training,1i-3 A Training,1,Training02,TrainingC,1ouhhw,3,continue,,2441.2999999999884,2433.0999999999767,2441.2999999999884,2441.2999999999884,2433.0999999999767,2441.2999999999884,1,2441.2999999999884,0,0,,Click To Continue,Continue Button,6,object-272,1i-3,_,02,1i-3_02,1,Training02,40_BURYSNAPE,ASK,.png,40_BURYSNAPE_ASK.png,ZETH,WAN,40_BURYSNAPE_ZETH_WAN.png,,ZETH WAN,20_PULLSWORD_ASK.png,20_PULLSWORD_DOTS.png,WOUX WAN,ZETH WAN,ZETH WAN,WOUX WAN,20_PULLSWORD_WOUX_WAN.png,WOUX WAN,,,,,
12,1712395673870,06/04/2024 09:27:53,1712399273870,1,06/04/2024 11:27:53,139619,19,task-eihb,,36790826,BLIND,10847980,,complete,,661111439b19c16d0e2ce1bf,computer,Desktop or Laptop,Windows 10,Chrome 122.0.0.0,1366x768,1366x599,,,0,1i-3 A Training,4,,,1i-3,,,Pass,,1i-3 A Training,1i-3 A Training,2,Training02,TrainingA,34efq7,1,response,RUSP WIM,3899.600000000006,8849.700000000012,8855.999999952328,3899.600000000006,8849.700000000012,8855.999999952328,1,3899.600000000006,4956.399999952322,0,,Single Text Entry,TextResponseA,4,object-97,1i-3,_,03,1i-3_03,1,Training02,13_QUIBBLER,ASK,.png,13_QUIBBLER_ASK.png,RUSP,WIM,13_QUIBBLER_RUSP_WIM.png,,RUSP WIM,27_BESTSELLER_ASK.png,27_BESTSELLER_DOTS.png,FICH WUNG,RUSP WIM,RUSP WIM,FICH WUNG,27_BESTSELLER_FICH_WUNG.png,FICH WUNG,,,,,
13,1712395676722,06/04/2024 09:27:56,1712399276722,1,06/04/2024 11:27:56,139619,19,task-eihb,,36790826,BLIND,10847980,,complete,,661111439b19c16d0e2ce1bf,computer,Desktop or Laptop,Windows 10,Chrome 122.0.0.0,1366x768,1366x599,,,0,1i-3 A Training,4,,,1i-3,,,Pass,,1i-3 A Training,1i-3 A Training,2,Training02,TrainingB,2yfdu9,2,response,,2858.2999999523163,2849.7999999999884,2858.2999999523163,2858.2999999523163,2849.7999999999884,2858.2999999523163,1,2858.2999999523163,0,0,,Click Response,Option A,4,object-245,1i-3,_,03,1i-3_03,1,Training02,13_QUIBBLER,ASK,.png,13_QUIBBLER_ASK.png,RUSP,WIM,13_QUIBBLER_RUSP_WIM.png,,RUSP WIM,27_BESTSELLER_ASK.png,27_BESTSELLER_DOTS.png,FICH WUNG,RUSP WIM,RUSP WIM,FICH WUNG,27_BESTSELLER_FICH_WUNG.png,FICH WUNG,,,,,
14,1712395678903,06/04/2024 09:27:58,1712399278903,1,06/04/2024 11:27:58,139619,19,task-eihb,,36790826,BLIND,10847980,,complete,,661111439b19c16d0e2ce1bf,computer,Desktop or Laptop,Windows 10,Chrome 122.0.0.0,1366x768,1366x599,,,0,1i-3 A Training,4,,,1i-3,,,Pass,,1i-3 A Training,1i-3 A Training,2,Training02,TrainingC,1ouhhw,3,continue,,2189.999999952328,2183.3000000000175,2189.999999952328,2189.999999952328,2183.3000000000175,2189.999999952328,1,2189.999999952328,0,0,,Click To Continue,Continue Button,6,object-272,1i-3,_,03,1i-3_03,1,Training02,13_QUIBBLER,ASK,.png,13_QUIBBLER_ASK.png,RUSP,WIM,13_QUIBBLER_RUSP_WIM.png,,RUSP WIM,27_BESTSELLER_ASK.png,27_BESTSELLER_DOTS.png,FICH WUNG,RUSP WIM,RUSP WIM,FICH WUNG,27_BESTSELLER_FICH_WUNG.png,FICH WUNG,,,,,
15,1712395693701,06/04/2024 09:28:13,1712399293701,1,06/04/2024 11:28:13,139619,19,task-eihb,,36790826,BLIND,10847980,,complete,,661111439b19c16d0e2ce1bf,computer,Desktop or Laptop,Windows 10,Chrome 122.0.0.0,1366x768,1366x599,,,0,1i-3 A Training,4,,,1i-3,,,Pass,,1i-3 A Training,1i-3 A Training,3,Training02,TrainingA,34efq7,1,response,WOUX WAN,5149.399999999994,14782.299999999988,14798.899999999994,5149.399999999994,14782.299999999988,14798.899999999994,1,5149.399999999994,9649.5,0,,Single Text Entry,TextResponseA,4,object-97,1i-3,_,04,1i-3_04,1,Training02,35_PROPHET,ASK,.png,35_PROPHET_ASK.png,WOUX,WAN,35_PROPHET_WOUX_WAN.png,,WOUX WAN,40_BURYSNAPE_ASK.png,40_BURYSNAPE_DOTS.png,WOUX WAN,RUSP WIM,WOUX WAN,RUSP WIM,40_BURYSNAPE_RUSP_WIM.png,,RUSP WIM,,,,
16,1712395696264,06/04/2024 09:28:16,1712399296264,1,06/04/2024 11:28:16,139619,19,task-eihb,,36790826,BLIND,10847980,,complete,,661111439b19c16d0e2ce1bf,computer,Desktop or Laptop,Windows 10,Chrome 122.0.0.0,1366x768,1366x599,,,0,1i-3 A Training,4,,,1i-3,,,Pass,,1i-3 A Training,1i-3 A Training,3,Training02,TrainingB,2yfdu9,2,response,,2583.3000000000175,2566.600000000006,2583.3000000000175,2583.3000000000175,2566.600000000006,2583.3000000000175,1,2583.3000000000175,0,0,,Click Response,Option B,5,object-246,1i-3,_,04,1i-3_04,1,Training02,35_PROPHET,ASK,.png,35_PROPHET_ASK.png,WOUX,WAN,35_PROPHET_WOUX_WAN.png,,WOUX WAN,40_BURYSNAPE_ASK.png,40_BURYSNAPE_DOTS.png,WOUX WAN,RUSP WIM,WOUX WAN,RUSP WIM,40_BURYSNAPE_RUSP_WIM.png,,RUSP WIM,,,,
17,1712395698344,06/04/2024 09:28:18,1712399298344,1,06/04/2024 11:28:18,139619,19,task-eihb,,36790826,BLIND,10847980,,complete,,661111439b19c16d0e2ce1bf,computer,Desktop or Laptop,Windows 10,Chrome 122.0.0.0,1366x768,1366x599,,,0,1i-3 A Training,4,,,1i-3,,,Pass,,1i-3 A Training,1i-3 A Training,3,Training02,TrainingC,1ouhhw,3,continue,,2098.7000000476837,2083.399999999994,2098.7000000476837,2098.7000000476837,2083.399999999994,2098.7000000476837,1,2098.7000000476837,0,0,,Click To Continue,Continue Button,6,object-272,1i-3,_,04,1i-3_04,1,Training02,35_PROPHET,ASK,.png,35_PROPHET_ASK.png,WOUX,WAN,35_PROPHET_WOUX_WAN.png,,WOUX WAN,40_BURYSNAPE_ASK.png,40_BURYSNAPE_DOTS.png,WOUX WAN,RUSP WIM,WOUX WAN,RUSP WIM,40_BURYSNAPE_RUSP_WIM.png,,RUSP WIM,,,,
18,1712395709572,06/04/2024 09:28:29,1712399309572,1,06/04/2024 11:28:29,139619,19,task-eihb,,36790826,BLIND,10847980,,complete,,661111439b19c16d0e2ce1bf,computer,Desktop or Laptop,Windows 10,Chrome 122.0.0.0,1366x768,1366x599,,,0,1i-3 A Training,4,,,1i-3,,,Pass,,1i-3 A Training,1i-3 A Training,4,Training02,TrainingA,34efq7,1,response,FICH WUNG,3349.600000000006,11232.700000000012,11242.999999856955,3349.600000000006,11232.700000000012,11242.999999856955,1,3349.600000000006,7893.399999856949,0,,Single Text Entry,TextResponseA,4,object-97,1i-3,_,01,1i-3_01,1,Training02,04_WHEEZES,ASK,.png,04_WHEEZES_ASK.png,FICH,WUNG,04_WHEEZES_FICH_WUNG.png,,FICH WUNG,05_AUROR_ASK.png,05_AUROR_DOTS.png,FICH WUNG,ZETH WAN,FICH WUNG,ZETH WAN,05_AUROR_ZETH_WAN.png,,ZETH WAN,,,,
19,1712395711356,06/04/2024 09:28:31,1712399311356,1,06/04/2024 11:28:31,139619,19,task-eihb,,36790826,BLIND,10847980,,complete,,661111439b19c16d0e2ce1bf,computer,Desktop or Laptop,Windows 10,Chrome 122.0.0.0,1366x768,1366x599,,,0,1i-3 A Training,4,,,1i-3,,,Pass,,1i-3 A Training,1i-3 A Training,4,Training02,TrainingB,2yfdu9,2,response,,1794.100000047678,1783.5,1794.100000047678,1794.100000047678,1783.5,1794.100000047678,1,1794.100000047678,0,0,,Click Response,Option B,5,object-246,1i-3,_,01,1i-3_01,1,Training02,04_WHEEZES,ASK,.png,04_WHEEZES_ASK.png,FICH,WUNG,04_WHEEZES_FICH_WUNG.png,,FICH WUNG,05_AUROR_ASK.png,05_AUROR_DOTS.png,FICH WUNG,ZETH WAN,FICH WUNG,ZETH WAN,05_AUROR_ZETH_WAN.png,,ZETH WAN,,,,
20,1712395713387,06/04/2024 09:28:33,1712399313387,1,06/04/2024 11:28:33,139619,19,task-eihb,,36790826,BLIND,10847980,,complete,,661111439b19c16d0e2ce1bf,computer,Desktop or Laptop,Windows 10,Chrome 122.0.0.0,1366x768,1366x599,,,0,1i-3 A Training,4,,,1i-3,,,Pass,,1i-3 A Training,1i-3 A Training,4,Training02,TrainingC,1ouhhw,3,continue,,2042.299999856943,2033.1999999999825,2042.299999856943,2042.299999856943,2033.1999999999825,2042.299999856943,1,2042.299999856943,0,0,,Click To Continue,Continue Button,6,object-272,1i-3,_,01,1i-3_01,1,Training02,04_WHEEZES,ASK,.png,04_WHEEZES_ASK.png,FICH,WUNG,04_WHEEZES_FICH_WUNG.png,,FICH WUNG,05_AUROR_ASK.png,05_AUROR_DOTS.png,FICH WUNG,ZETH WAN,FICH WUNG,ZETH WAN,05_AUROR_ZETH_WAN.png,,ZETH WAN,,,,
21,1712395724108,06/04/2024 09:28:44,1712399324108,1,06/04/2024 11:28:44,139619,19,task-eihb,,36790826,BLIND,10847980,,complete,,661111439b19c16d0e2ce1bf,computer,Desktop or Laptop,Windows 10,Chrome 122.0.0.0,1366x768,1366x599,,,0,1i-3 A Training,4,,,1i-3,,,Pass,,1i-3 A Training,1i-3 A Training,5,Training02,TrainingA,34efq7,1,response,ZETH WAN,3332.9000000000233,10715.900000000023,10730.200000000012,3332.9000000000233,10715.900000000023,10730.200000000012,1,3332.9000000000233,7397.299999999988,0,,Single Text Entry,TextResponseA,4,object-97,1i-3,_,06,1i-3_06,2,Training02,12_SKEETER,ASK,.png,12_SKEETER_ASK.png,ZETH,WAN,12_SKEETER_ZETH_WAN.png,,ZETH WAN,12_SKEETER_ASK.png,12_SKEETER_DOTS.png,FICH WUNG,ZETH WAN,ZETH WAN,FICH WUNG,12_SKEETER_FICH_WUNG.png,FICH WUNG,,,,,
22,1712395729549,06/04/2024 09:28:49,1712399329549,1,06/04/2024 11:28:49,139619,19,task-eihb,,36790826,BLIND,10847980,,complete,,661111439b19c16d0e2ce1bf,computer,Desktop or Laptop,Windows 10,Chrome 122.0.0.0,1366x768,1366x599,,,0,1i-3 A Training,4,,,1i-3,,,Pass,,1i-3 A Training,1i-3 A Training,5,Training02,TrainingB,2yfdu9,2,response,,5454.599999952305,5450.099999999977,5454.599999952305,5454.599999952305,5450.099999999977,5454.599999952305,1,5454.599999952305,0,0,,Click Response,Option B,5,object-246,1i-3,_,06,1i-3_06,2,Training02,12_SKEETER,ASK,.png,12_SKEETER_ASK.png,ZETH,WAN,12_SKEETER_ZETH_WAN.png,,ZETH WAN,12_SKEETER_ASK.png,12_SKEETER_DOTS.png,FICH WUNG,ZETH WAN,ZETH WAN,FICH WUNG,12_SKEETER_FICH_WUNG.png,FICH WUNG,,,,,
23,1712395732408,06/04/2024 09:28:52,1712399332408,1,06/04/2024 11:28:52,139619,19,task-eihb,,36790826,BLIND,10847980,,complete,,661111439b19c16d0e2ce1bf,computer,Desktop or Laptop,Windows 10,Chrome 122.0.0.0,1366x768,1366x599,,,0,1i-3 A Training,4,,,1i-3,,,Pass,,1i-3 A Training,1i-3 A Training,5,Training02,TrainingC,1ouhhw,3,continue,,2863.7000000000116,2849.9000000000233,2863.7000000000116,2863.7000000000116,2849.9000000000233,2863.7000000000116,1,2863.7000000000116,0,0,,Click To Continue,Continue Button,6,object-272,1i-3,_,06,1i-3_06,2,Training02,12_SKEETER,ASK,.png,12_SKEETER_ASK.png,ZETH,WAN,12_SKEETER_ZETH_WAN.png,,ZETH WAN,12_SKEETER_ASK.png,12_SKEETER_DOTS.png,FICH WUNG,ZETH WAN,ZETH WAN,FICH WUNG,12_SKEETER_FICH_WUNG.png,FICH WUNG,,,,,
24,1712395741313,06/04/2024 09:29:01,1712399341313,1,06/04/2024 11:29:01,139619,19,task-eihb,,36790826,BLIND,10847980,,complete,,661111439b19c16d0e2ce1bf,computer,Desktop or Laptop,Windows 10,Chrome 122.0.0.0,1366x768,1366x599,,,0,1i-3 A Training,4,,,1i-3,,,Pass,,1i-3 A Training,1i-3 A Training,6,Training02,TrainingA,34efq7,1,response,RUSP WIM,4849.5,8899.199999999983,8915.399999999965,4849.5,8899.199999999983,8915.399999999965,1,4849.5,4065.899999999965,0,,Single Text Entry,TextResponseA,4,object-97,1i-3,_,07,1i-3_07,2,Training02,34_FANLETTERS,ASK,.png,34_FANLETTERS_ASK.png,RUSP,WIM,34_FANLETTERS_RUSP_WIM.png,,RUSP WIM,34_FANLETTERS_ASK.png,34_FANLETTERS_DOTS.png,RUSP WIM,WOUX WAN,RUSP WIM,WOUX WAN,34_FANLETTERS_WOUX_WAN.png,,WOUX WAN,,,,
25,1712395745893,06/04/2024 09:29:05,1712399345893,1,06/04/2024 11:29:05,139619,19,task-eihb,,36790826,BLIND,10847980,,complete,,661111439b19c16d0e2ce1bf,computer,Desktop or Laptop,Windows 10,Chrome 122.0.0.0,1366x768,1366x599,,,0,1i-3 A Training,4,,,1i-3,,,Pass,,1i-3 A Training,1i-3 A Training,6,Training02,TrainingB,2yfdu9,2,response,,4599.600000000006,4583.200000000012,4599.600000000006,4599.600000000006,4583.200000000012,4599.600000000006,1,4599.600000000006,0,0,,Click Response,Option A,4,object-245,1i-3,_,07,1i-3_07,2,Training02,34_FANLETTERS,ASK,.png,34_FANLETTERS_ASK.png,RUSP,WIM,34_FANLETTERS_RUSP_WIM.png,,RUSP WIM,34_FANLETTERS_ASK.png,34_FANLETTERS_DOTS.png,RUSP WIM,WOUX WAN,RUSP WIM,WOUX WAN,34_FANLETTERS_WOUX_WAN.png,,WOUX WAN,,,,
26,1712395749047,06/04/2024 09:29:09,1712399349047,1,06/04/2024 11:29:09,139619,19,task-eihb,,36790826,BLIND,10847980,,complete,,661111439b19c16d0e2ce1bf,computer,Desktop or Laptop,Windows 10,Chrome 122.0.0.0,1366x768,1366x599,,,0,1i-3 A Training,4,,,1i-3,,,Pass,,1i-3 A Training,1i-3 A Training,6,Training02,TrainingC,1ouhhw,3,continue,,3170.899999999994,3166.899999999994,3170.899999999994,3170.899999999994,3166.899999999994,3170.899999999994,1,3170.899999999994,0,0,,Click To Continue,Continue Button,6,object-272,1i-3,_,07,1i-3_07,2,Training02,34_FANLETTERS,ASK,.png,34_FANLETTERS_ASK.png,RUSP,WIM,34_FANLETTERS_RUSP_WIM.png,,RUSP WIM,34_FANLETTERS_ASK.png,34_FANLETTERS_DOTS.png,RUSP WIM,WOUX WAN,RUSP WIM,WOUX WAN,34_FANLETTERS_WOUX_WAN.png,,WOUX WAN,,,,
27,1712395757319,06/04/2024 09:29:17,1712399357319,1,06/04/2024 11:29:17,139619,19,task-eihb,,36790826,BLIND,10847980,,complete,,661111439b19c16d0e2ce1bf,computer,Desktop or Laptop,Windows 10,Chrome 122.0.0.0,1366x768,1366x599,,,0,1i-3 A Training,4,,,1i-3,,,Pass,,1i-3 A Training,1i-3 A Training,7,Training02,TrainingA,34efq7,1,response,WOUX WAN,4049.5,8265.899999999994,8275.399999856949,4049.5,8265.899999999994,8275.399999856949,1,4049.5,4225.899999856949,0,,Single Text Entry,TextResponseA,4,object-97,1i-3,_,08,1i-3_08,2,Training02,28_GALLEONS,ASK,.png,28_GALLEONS_ASK.png,WOUX,WAN,28_GALLEONS_WOUX_WAN.png,,WOUX WAN,39_STOPHAGRID_ASK.png,39_STOPHAGRID_DOTS.png,ZETH WAN,WOUX WAN,WOUX WAN,ZETH WAN,39_STOPHAGRID_ZETH_WAN.png,ZETH WAN,,,,,
28,1712395760253,06/04/2024 09:29:20,1712399360253,1,06/04/2024 11:29:20,139619,19,task-eihb,,36790826,BLIND,10847980,,complete,,661111439b19c16d0e2ce1bf,computer,Desktop or Laptop,Windows 10,Chrome 122.0.0.0,1366x768,1366x599,,,0,1i-3 A Training,4,,,1i-3,,,Pass,,1i-3 A Training,1i-3 A Training,7,Training02,TrainingB,2yfdu9,2,response,,2944.100000000006,2933.5,2944.100000000006,2944.100000000006,2933.5,2944.100000000006,1,2944.100000000006,0,0,,Click Response,Option A,4,object-245,1i-3,_,08,1i-3_08,2,Training02,28_GALLEONS,ASK,.png,28_GALLEONS_ASK.png,WOUX,WAN,28_GALLEONS_WOUX_WAN.png,,WOUX WAN,39_STOPHAGRID_ASK.png,39_STOPHAGRID_DOTS.png,ZETH WAN,WOUX WAN,WOUX WAN,ZETH WAN,39_STOPHAGRID_ZETH_WAN.png,ZETH WAN,,,,,
29,1712395762582,06/04/2024 09:29:22,1712399362582,1,06/04/2024 11:29:22,139619,19,task-eihb,,36790826,BLIND,10847980,,complete,,661111439b19c16d0e2ce1bf,computer,Desktop or Laptop,Windows 10,Chrome 122.0.0.0,1366x768,1366x599,,,0,1i-3 A Training,4,,,1i-3,,,Pass,,1i-3 A Training,1i-3 A Training,7,Training02,TrainingC,1ouhhw,3,continue,,2339.399999952322,2333.3000000000175,2339.399999952322,2339.399999952322,2333.3000000000175,2339.399999952322,1,2339.399999952322,0,0,,Click To Continue,Continue Button,6,object-272,1i-3,_,08,1i-3_08,2,Training02,28_GALLEONS,ASK,.png,28_GALLEONS_ASK.png,WOUX,WAN,28_GALLEONS_WOUX_WAN.png,,WOUX WAN,39_STOPHAGRID_ASK.png,39_STOPHAGRID_DOTS.png,ZETH WAN,WOUX WAN,WOUX WAN,ZETH WAN,39_STOPHAGRID_ZETH_WAN.png,ZETH WAN,,,,,
30,1712395772987,06/04/2024 09:29:32,1712399372987,1,06/04/2024 11:29:32,139619,19,task-eihb,,36790826,BLIND,10847980,,complete,,661111439b19c16d0e2ce1bf,computer,Desktop or Laptop,Windows 10,Chrome 122.0.0.0,1366x768,1366x599,,,0,1i-3 A Training,4,,,1i-3,,,Pass,,1i-3 A Training,1i-3 A Training,8,Training02,TrainingA,34efq7,1,response,FICH WUNG,2899.5,10399.199999999983,10411.000000047672,2899.5,10399.199999999983,10411.000000047672,1,2899.5,7511.500000047672,0,,Single Text Entry,TextResponseA,4,object-97,1i-3,_,05,1i-3_05,2,Training02,18_LIVEGODRIC,ASK,.png,18_LIVEGODRIC_ASK.png,FICH,WUNG,18_LIVEGODRIC_FICH_WUNG.png,,FICH WUNG,07_AZKABAN_ASK.png,07_AZKABAN_DOTS.png,FICH WUNG,RUSP WIM,FICH WUNG,RUSP WIM,07_AZKABAN_RUSP_WIM.png,,RUSP WIM,,,,
31,1712395775485,06/04/2024 09:29:35,1712399375485,1,06/04/2024 11:29:35,139619,19,task-eihb,,36790826,BLIND,10847980,,complete,,661111439b19c16d0e2ce1bf,computer,Desktop or Laptop,Windows 10,Chrome 122.0.0.0,1366x768,1366x599,,,0,1i-3 A Training,4,,,1i-3,,,Pass,,1i-3 A Training,1i-3 A Training,8,Training02,TrainingB,2yfdu9,2,response,,2509.6999999046384,2500.100000000006,2509.6999999046384,2509.6999999046384,2500.100000000006,2509.6999999046384,1,2509.6999999046384,0,0,,Click Response,Option B,5,object-246,1i-3,_,05,1i-3_05,2,Training02,18_LIVEGODRIC,ASK,.png,18_LIVEGODRIC_ASK.png,FICH,WUNG,18_LIVEGODRIC_FICH_WUNG.png,,FICH WUNG,07_AZKABAN_ASK.png,07_AZKABAN_DOTS.png,FICH WUNG,RUSP WIM,FICH WUNG,RUSP WIM,07_AZKABAN_RUSP_WIM.png,,RUSP WIM,,,,
32,1712395777335,06/04/2024 09:29:37,1712399377335,1,06/04/2024 11:29:37,139619,19,task-eihb,,36790826,BLIND,10847980,,complete,,661111439b19c16d0e2ce1bf,computer,Desktop or Laptop,Windows 10,Chrome 122.0.0.0,1366x768,1366x599,,,0,1i-3 A Training,4,,,1i-3,,,Pass,,1i-3 A Training,1i-3 A Training,8,Training02,TrainingC,1ouhhw,3,continue,,1860,1849.8999999999942,1860,1860,1849.8999999999942,1860,1,1860,0,0,,Click To Continue,Continue Button,6,object-272,1i-3,_,05,1i-3_05,2,Training02,18_LIVEGODRIC,ASK,.png,18_LIVEGODRIC_ASK.png,FICH,WUNG,18_LIVEGODRIC_FICH_WUNG.png,,FICH WUNG,07_AZKABAN_ASK.png,07_AZKABAN_DOTS.png,FICH WUNG,RUSP WIM,FICH WUNG,RUSP WIM,07_AZKABAN_RUSP_WIM.png,,RUSP WIM,,,,
33,1712395785132,06/04/2024 09:29:45,1712399385132,1,06/04/2024 11:29:45,139619,19,task-eihb,,36790826,BLIND,10847980,,complete,,661111439b19c16d0e2ce1bf,computer,Desktop or Laptop,Windows 10,Chrome 122.0.0.0,1366x768,1366x599,,,0,1i-3 A Training,4,,,1i-3,,,Pass,,1i-3 A Training,1i-3 A Training,9,Training02,TrainingA,34efq7,1,response,RUSP WIM,2349.899999999994,7782.8000000000175,7799.500000000029,2349.899999999994,7782.8000000000175,7799.500000000029,1,2349.899999999994,5449.600000000035,0,,Single Text Entry,TextResponseA,4,object-97,1i-3,_,11,1i-3_11,3,Training02,27_BESTSELLER,ASK,.png,27_BESTSELLER_ASK.png,RUSP,WIM,27_BESTSELLER_RUSP_WIM.png,,RUSP WIM,25_PROSECUTE_ASK.png,25_PROSECUTE_DOTS.png,ZETH WAN,RUSP WIM,RUSP WIM,ZETH WAN,25_PROSECUTE_ZETH_WAN.png,ZETH WAN,,,,,
34,1712395788053,06/04/2024 09:29:48,1712399388053,1,06/04/2024 11:29:48,139619,19,task-eihb,,36790826,BLIND,10847980,,complete,,661111439b19c16d0e2ce1bf,computer,Desktop or Laptop,Windows 10,Chrome 122.0.0.0,1366x768,1366x599,,,0,1i-3 A Training,4,,,1i-3,,,Pass,,1i-3 A Training,1i-3 A Training,9,Training02,TrainingB,2yfdu9,2,response,,2944.5999999523046,2933.5,2944.5999999523046,2944.5999999523046,2933.5,2944.5999999523046,1,2944.5999999523046,0,0,,Click Response,Option A,4,object-245,1i-3,_,11,1i-3_11,3,Training02,27_BESTSELLER,ASK,.png,27_BESTSELLER_ASK.png,RUSP,WIM,27_BESTSELLER_RUSP_WIM.png,,RUSP WIM,25_PROSECUTE_ASK.png,25_PROSECUTE_DOTS.png,ZETH WAN,RUSP WIM,RUSP WIM,ZETH WAN,25_PROSECUTE_ZETH_WAN.png,ZETH WAN,,,,,
35,1712395789938,06/04/2024 09:29:49,1712399389938,1,06/04/2024 11:29:49,139619,19,task-eihb,,36790826,BLIND,10847980,,complete,,661111439b19c16d0e2ce1bf,computer,Desktop or Laptop,Windows 10,Chrome 122.0.0.0,1366x768,1366x599,,,0,1i-3 A Training,4,,,1i-3,,,Pass,,1i-3 A Training,1i-3 A Training,9,Training02,TrainingC,1ouhhw,3,continue,,1896.399999904621,1883.2000000000116,1896.399999904621,1896.399999904621,1883.2000000000116,1896.399999904621,1,1896.399999904621,0,0,,Click To Continue,Continue Button,6,object-272,1i-3,_,11,1i-3_11,3,Training02,27_BESTSELLER,ASK,.png,27_BESTSELLER_ASK.png,RUSP,WIM,27_BESTSELLER_RUSP_WIM.png,,RUSP WIM,25_PROSECUTE_ASK.png,25_PROSECUTE_DOTS.png,ZETH WAN,RUSP WIM,RUSP WIM,ZETH WAN,25_PROSECUTE_ZETH_WAN.png,ZETH WAN,,,,,
36,1712395797695,06/04/2024 09:29:57,1712399397695,1,06/04/2024 11:29:57,139619,19,task-eihb,,36790826,BLIND,10847980,,complete,,661111439b19c16d0e2ce1bf,computer,Desktop or Laptop,Windows 10,Chrome 122.0.0.0,1366x768,1366x599,,,0,1i-3 A Training,4,,,1i-3,,,Pass,,1i-3 A Training,1i-3 A Training,10,Training02,TrainingA,34efq7,1,response,ZETH WAN,2866.2999999999884,7749.299999999988,7765.799999999988,2866.2999999999884,7749.299999999988,7765.799999999988,1,2866.2999999999884,4899.5,0,,Single Text Entry,TextResponseA,4,object-97,1i-3,_,10,1i-3_10,3,Training02,19_BURYVOLDY,ASK,.png,19_BURYVOLDY_ASK.png,ZETH,WAN,19_BURYVOLDY_ZETH_WAN.png,,ZETH WAN,21_TEACHHOG_ASK.png,21_TEACHHOG_DOTS.png,ZETH WAN,RUSP WIM,ZETH WAN,RUSP WIM,21_TEACHHOG_RUSP_WIM.png,,RUSP WIM,,,,
37,1712395800711,06/04/2024 09:30:00,1712399400711,1,06/04/2024 11:30:00,139619,19,task-eihb,,36790826,BLIND,10847980,,complete,,661111439b19c16d0e2ce1bf,computer,Desktop or Laptop,Windows 10,Chrome 122.0.0.0,1366x768,1366x599,,,0,1i-3 A Training,4,,,1i-3,,,Pass,,1i-3 A Training,1i-3 A Training,10,Training02,TrainingB,2yfdu9,2,response,,3037.199999856937,3034.7000000000116,3037.199999856937,3037.199999856937,3034.7000000000116,3037.199999856937,1,3037.199999856937,0,0,,Click Response,Option B,5,object-246,1i-3,_,10,1i-3_10,3,Training02,19_BURYVOLDY,ASK,.png,19_BURYVOLDY_ASK.png,ZETH,WAN,19_BURYVOLDY_ZETH_WAN.png,,ZETH WAN,21_TEACHHOG_ASK.png,21_TEACHHOG_DOTS.png,ZETH WAN,RUSP WIM,ZETH WAN,RUSP WIM,21_TEACHHOG_RUSP_WIM.png,,RUSP WIM,,,,
38,1712395802570,06/04/2024 09:30:02,1712399402570,1,06/04/2024 11:30:02,139619,19,task-eihb,,36790826,BLIND,10847980,,complete,,661111439b19c16d0e2ce1bf,computer,Desktop or Laptop,Windows 10,Chrome 122.0.0.0,1366x768,1366x599,,,0,1i-3 A Training,4,,,1i-3,,,Pass,,1i-3 A Training,1i-3 A Training,10,Training02,TrainingC,1ouhhw,3,continue,,1861.1999999046093,1848.7999999999884,1861.1999999046093,1861.1999999046093,1848.7999999999884,1861.1999999046093,1,1861.1999999046093,0,0,,Click To Continue,Continue Button,6,object-272,1i-3,_,10,1i-3_10,3,Training02,19_BURYVOLDY,ASK,.png,19_BURYVOLDY_ASK.png,ZETH,WAN,19_BURYVOLDY_ZETH_WAN.png,,ZETH WAN,21_TEACHHOG_ASK.png,21_TEACHHOG_DOTS.png,ZETH WAN,RUSP WIM,ZETH WAN,RUSP WIM,21_TEACHHOG_RUSP_WIM.png,,RUSP WIM,,,,
39,1712395810107,06/04/2024 09:30:10,1712399410107,1,06/04/2024 11:30:10,139619,19,task-eihb,,36790826,BLIND,10847980,,complete,,661111439b19c16d0e2ce1bf,computer,Desktop or Laptop,Windows 10,Chrome 122.0.0.0,1366x768,1366x599,,,0,1i-3 A Training,4,,,1i-3,,,Pass,,1i-3 A Training,1i-3 A Training,11,Training02,TrainingA,34efq7,1,response,WOUX WAN,2266.2999999999884,7532.700000000012,7549.000000047672,2266.2999999999884,7532.700000000012,7549.000000047672,1,2266.2999999999884,5282.700000047684,0,,Single Text Entry,TextResponseA,4,object-97,1i-3,_,12,1i-3_12,3,Training02,14_MUNGOS,ASK,.png,14_MUNGOS_ASK.png,WOUX,WAN,14_MUNGOS_WOUX_WAN.png,,WOUX WAN,33_ROR_ASK.png,33_ROR_DOTS.png,FICH WUNG,WOUX WAN,WOUX WAN,FICH WUNG,33_ROR_FICH_WUNG.png,FICH WUNG,,,,,
40,1712395814484,06/04/2024 09:30:14,1712399414484,1,06/04/2024 11:30:14,139619,19,task-eihb,,36790826,BLIND,10847980,,complete,,661111439b19c16d0e2ce1bf,computer,Desktop or Laptop,Windows 10,Chrome 122.0.0.0,1366x768,1366x599,,,0,1i-3 A Training,4,,,1i-3,,,Pass,,1i-3 A Training,1i-3 A Training,11,Training02,TrainingB,2yfdu9,2,response,,4393.899999952293,4383.5,4393.899999952293,4393.899999952293,4383.5,4393.899999952293,1,4393.899999952293,0,0,,Click Response,Option A,4,object-245,1i-3,_,12,1i-3_12,3,Training02,14_MUNGOS,ASK,.png,14_MUNGOS_ASK.png,WOUX,WAN,14_MUNGOS_WOUX_WAN.png,,WOUX WAN,33_ROR_ASK.png,33_ROR_DOTS.png,FICH WUNG,WOUX WAN,WOUX WAN,FICH WUNG,33_ROR_FICH_WUNG.png,FICH WUNG,,,,,
41,1712395817926,06/04/2024 09:30:17,1712399417926,1,06/04/2024 11:30:17,139619,19,task-eihb,,36790826,BLIND,10847980,,complete,,661111439b19c16d0e2ce1bf,computer,Desktop or Laptop,Windows 10,Chrome 122.0.0.0,1366x768,1366x599,,,0,1i-3 A Training,4,,,1i-3,,,Pass,,1i-3 A Training,1i-3 A Training,11,Training02,TrainingC,1ouhhw,3,continue,,3450.5,3433.2999999999884,3450.5,3450.5,3433.2999999999884,3450.5,1,3450.5,0,0,,Click To Continue,Continue Button,6,object-272,1i-3,_,12,1i-3_12,3,Training02,14_MUNGOS,ASK,.png,14_MUNGOS_ASK.png,WOUX,WAN,14_MUNGOS_WOUX_WAN.png,,WOUX WAN,33_ROR_ASK.png,33_ROR_DOTS.png,FICH WUNG,WOUX WAN,WOUX WAN,FICH WUNG,33_ROR_FICH_WUNG.png,FICH WUNG,,,,,
42,1712395826103,06/04/2024 09:30:26,1712399426103,1,06/04/2024 11:30:26,139619,19,task-eihb,,36790826,BLIND,10847980,,complete,,661111439b19c16d0e2ce1bf,computer,Desktop or Laptop,Windows 10,Chrome 122.0.0.0,1366x768,1366x599,,,0,1i-3 A Training,4,,,1i-3,,,Pass,,1i-3 A Training,1i-3 A Training,12,Training02,TrainingA,34efq7,1,response,FICH WUNG,2582.7999999999884,8182.5,8196.099999952305,2582.7999999999884,8182.5,8196.099999952305,1,2582.7999999999884,5613.299999952316,0,,Single Text Entry,TextResponseA,4,object-97,1i-3,_,09,1i-3_09,3,Training02,32_QWC,ASK,.png,32_QWC_ASK.png,FICH,WUNG,32_QWC_FICH_WUNG.png,,FICH WUNG,13_QUIBBLER_ASK.png,13_QUIBBLER_DOTS.png,FICH WUNG,WOUX WAN,FICH WUNG,WOUX WAN,13_QUIBBLER_WOUX_WAN.png,,WOUX WAN,,,,
43,1712395829695,06/04/2024 09:30:29,1712399429695,1,06/04/2024 11:30:29,139619,19,task-eihb,,36790826,BLIND,10847980,,complete,,661111439b19c16d0e2ce1bf,computer,Desktop or Laptop,Windows 10,Chrome 122.0.0.0,1366x768,1366x599,,,0,1i-3 A Training,4,,,1i-3,,,Pass,,1i-3 A Training,1i-3 A Training,12,Training02,TrainingB,2yfdu9,2,response,,3605.500000047672,3600.2000000000116,3605.500000047672,3605.500000047672,3600.2000000000116,3605.500000047672,1,3605.500000047672,0,0,,Click Response,Option B,5,object-246,1i-3,_,09,1i-3_09,3,Training02,32_QWC,ASK,.png,32_QWC_ASK.png,FICH,WUNG,32_QWC_FICH_WUNG.png,,FICH WUNG,13_QUIBBLER_ASK.png,13_QUIBBLER_DOTS.png,FICH WUNG,WOUX WAN,FICH WUNG,WOUX WAN,13_QUIBBLER_WOUX_WAN.png,,WOUX WAN,,,,
44,1712395831399,06/04/2024 09:30:31,1712399431399,1,06/04/2024 11:30:31,139619,19,task-eihb,,36790826,BLIND,10847980,,complete,,661111439b19c16d0e2ce1bf,computer,Desktop or Laptop,Windows 10,Chrome 122.0.0.0,1366x768,1366x599,,,0,1i-3 A Training,4,,,1i-3,,,Pass,,1i-3 A Training,1i-3 A Training,12,Training02,TrainingC,1ouhhw,3,continue,,1709.0999999999767,1699.899999999965,1709.0999999999767,1709.0999999999767,1699.899999999965,1709.0999999999767,1,1709.0999999999767,0,0,,Click To Continue,Continue Button,6,object-272,1i-3,_,09,1i-3_09,3,Training02,32_QWC,ASK,.png,32_QWC_ASK.png,FICH,WUNG,32_QWC_FICH_WUNG.png,,FICH WUNG,13_QUIBBLER_ASK.png,13_QUIBBLER_DOTS.png,FICH WUNG,WOUX WAN,FICH WUNG,WOUX WAN,13_QUIBBLER_WOUX_WAN.png,,WOUX WAN,,,,
45,1712395838168,06/04/2024 09:30:38,1712399438168,1,06/04/2024 11:30:38,139619,19,task-eihb,,36790826,BLIND,10847980,,complete,,661111439b19c16d0e2ce1bf,computer,Desktop or Laptop,Windows 10,Chrome 122.0.0.0,1366x768,1366x599,,,0,1i-3 A Training,4,,,1i-3,,,Pass,,1i-3 A Training,1i-3 A Training,13,Training02,TrainingA,34efq7,1,response,ZETH WAN,2649.5,6766,6778.400000047695,2649.5,6766,6778.400000047695,1,2649.5,4128.900000047695,0,,Single Text Entry,TextResponseA,4,object-97,1i-3,_,14,1i-3_14,4,Training02,33_ROR,ASK,.png,33_ROR_ASK.png,ZETH,WAN,33_ROR_ZETH_WAN.png,,ZETH WAN,19_BURYVOLDY_ASK.png,19_BURYVOLDY_DOTS.png,ZETH WAN,WOUX WAN,ZETH WAN,WOUX WAN,19_BURYVOLDY_WOUX_WAN.png,,WOUX WAN,,,,
46,1712395839580,06/04/2024 09:30:39,1712399439580,1,06/04/2024 11:30:39,139619,19,task-eihb,,36790826,BLIND,10847980,,complete,,661111439b19c16d0e2ce1bf,computer,Desktop or Laptop,Windows 10,Chrome 122.0.0.0,1366x768,1366x599,,,0,1i-3 A Training,4,,,1i-3,,,Pass,,1i-3 A Training,1i-3 A Training,13,Training02,TrainingB,2yfdu9,2,response,,1424.0999998569605,1416.9000000000233,1424.0999998569605,1424.0999998569605,1416.9000000000233,1424.0999998569605,1,1424.0999998569605,0,0,,Click Response,Option B,5,object-246,1i-3,_,14,1i-3_14,4,Training02,33_ROR,ASK,.png,33_ROR_ASK.png,ZETH,WAN,33_ROR_ZETH_WAN.png,,ZETH WAN,19_BURYVOLDY_ASK.png,19_BURYVOLDY_DOTS.png,ZETH WAN,WOUX WAN,ZETH WAN,WOUX WAN,19_BURYVOLDY_WOUX_WAN.png,,WOUX WAN,,,,
47,1712395841086,06/04/2024 09:30:41,1712399441086,1,06/04/2024 11:30:41,139619,19,task-eihb,,36790826,BLIND,10847980,,complete,,661111439b19c16d0e2ce1bf,computer,Desktop or Laptop,Windows 10,Chrome 122.0.0.0,1366x768,1366x599,,,0,1i-3 A Training,4,,,1i-3,,,Pass,,1i-3 A Training,1i-3 A Training,13,Training02,TrainingC,1ouhhw,3,continue,,1513.5999999523046,1499.899999999965,1513.5999999523046,1513.5999999523046,1499.899999999965,1513.5999999523046,1,1513.5999999523046,0,0,,Click To Continue,Continue Button,6,object-272,1i-3,_,14,1i-3_14,4,Training02,33_ROR,ASK,.png,33_ROR_ASK.png,ZETH,WAN,33_ROR_ZETH_WAN.png,,ZETH WAN,19_BURYVOLDY_ASK.png,19_BURYVOLDY_DOTS.png,ZETH WAN,WOUX WAN,ZETH WAN,WOUX WAN,19_BURYVOLDY_WOUX_WAN.png,,WOUX WAN,,,,
48,1712395849069,06/04/2024 09:30:49,1712399449069,1,06/04/2024 11:30:49,139619,19,task-eihb,,36790826,BLIND,10847980,,complete,,661111439b19c16d0e2ce1bf,computer,Desktop or Laptop,Windows 10,Chrome 122.0.0.0,1366x768,1366x599,,,0,1i-3 A Training,4,,,1i-3,,,Pass,,1i-3 A Training,1i-3 A Training,14,Training02,TrainingA,34efq7,1,response,FICH WUNG,2816.3000000000466,7982.700000000012,7996.499999904656,2816.3000000000466,7982.700000000012,7996.499999904656,1,2816.3000000000466,5180.199999904609,0,,Single Text Entry,TextResponseA,4,object-97,1i-3,_,13,1i-3_13,4,Training02,11_RONWAND,ASK,.png,11_RONWAND_ASK.png,FICH,WUNG,11_RONWAND_FICH_WUNG.png,,FICH WUNG,06_MOM_ASK.png,06_MOM_DOTS.png,ZETH WAN,FICH WUNG,FICH WUNG,ZETH WAN,06_MOM_ZETH_WAN.png,ZETH WAN,,,,,
49,1712395852082,06/04/2024 09:30:52,1712399452082,1,06/04/2024 11:30:52,139619,19,task-eihb,,36790826,BLIND,10847980,,complete,,661111439b19c16d0e2ce1bf,computer,Desktop or Laptop,Windows 10,Chrome 122.0.0.0,1366x768,1366x599,,,0,1i-3 A Training,4,,,1i-3,,,Pass,,1i-3 A Training,1i-3 A Training,14,Training02,TrainingB,2yfdu9,2,response,,3026.9000000476954,3016.9000000000233,3026.9000000476954,3026.9000000476954,3016.9000000000233,3026.9000000476954,1,3026.9000000476954,0,0,,Click Response,Option A,4,object-245,1i-3,_,13,1i-3_13,4,Training02,11_RONWAND,ASK,.png,11_RONWAND_ASK.png,FICH,WUNG,11_RONWAND_FICH_WUNG.png,,FICH WUNG,06_MOM_ASK.png,06_MOM_DOTS.png,ZETH WAN,FICH WUNG,FICH WUNG,ZETH WAN,06_MOM_ZETH_WAN.png,ZETH WAN,,,,,
50,1712395853758,06/04/2024 09:30:53,1712399453758,1,06/04/2024 11:30:53,139619,19,task-eihb,,36790826,BLIND,10847980,,complete,,661111439b19c16d0e2ce1bf,computer,Desktop or Laptop,Windows 10,Chrome 122.0.0.0,1366x768,1366x599,,,0,1i-3 A Training,4,,,1i-3,,,Pass,,1i-3 A Training,1i-3 A Training,14,Training02,TrainingC,1ouhhw,3,continue,,1682.8000000000466,1666.2000000000116,1682.8000000000466,1682.8000000000466,1666.2000000000116,1682.8000000000466,1,1682.8000000000466,0,0,,Click To Continue,Continue Button,6,object-272,1i-3,_,13,1i-3_13,4,Training02,11_RONWAND,ASK,.png,11_RONWAND_ASK.png,FICH,WUNG,11_RONWAND_FICH_WUNG.png,,FICH WUNG,06_MOM_ASK.png,06_MOM_DOTS.png,ZETH WAN,FICH WUNG,FICH WUNG,ZETH WAN,06_MOM_ZETH_WAN.png,ZETH WAN,,,,,
51,1712395862032,06/04/2024 09:31:02,1712399462032,1,06/04/2024 11:31:02,139619,19,task-eihb,,36790826,BLIND,10847980,,complete,,661111439b19c16d0e2ce1bf,computer,Desktop or Laptop,Windows 10,Chrome 122.0.0.0,1366x768,1366x599,,,0,1i-3 A Training,4,,,1i-3,,,Pass,,1i-3 A Training,1i-3 A Training,15,Training02,TrainingA,34efq7,1,response,WOUX WAN,2833.1999999999534,8283,8293.69999990461,2833.1999999999534,8283,8293.69999990461,1,2833.1999999999534,5460.499999904656,0,,Single Text Entry,TextResponseA,4,object-97,1i-3,_,16,1i-3_16,4,Training02,42_ENGLAND,ASK,.png,42_ENGLAND_ASK.png,WOUX,WAN,42_ENGLAND_WOUX_WAN.png,,WOUX WAN,41_PIXIE_ASK.png,41_PIXIE_DOTS.png,RUSP WIM,WOUX WAN,WOUX WAN,RUSP WIM,41_PIXIE_RUSP_WIM.png,RUSP WIM,,,,,
52,1712395865141,06/04/2024 09:31:05,1712399465141,1,06/04/2024 11:31:05,139619,19,task-eihb,,36790826,BLIND,10847980,,complete,,661111439b19c16d0e2ce1bf,computer,Desktop or Laptop,Windows 10,Chrome 122.0.0.0,1366x768,1366x599,,,0,1i-3 A Training,4,,,1i-3,,,Pass,,1i-3 A Training,1i-3 A Training,15,Training02,TrainingB,2yfdu9,2,response,,3116.4000000000233,3099.7999999999884,3116.4000000000233,3116.4000000000233,3099.7999999999884,3116.4000000000233,1,3116.4000000000233,0,0,,Click Response,Option B,5,object-246,1i-3,_,16,1i-3_16,4,Training02,42_ENGLAND,ASK,.png,42_ENGLAND_ASK.png,WOUX,WAN,42_ENGLAND_WOUX_WAN.png,,WOUX WAN,41_PIXIE_ASK.png,41_PIXIE_DOTS.png,RUSP WIM,WOUX WAN,WOUX WAN,RUSP WIM,41_PIXIE_RUSP_WIM.png,RUSP WIM,,,,,
53,1712395866893,06/04/2024 09:31:06,1712399466893,1,06/04/2024 11:31:06,139619,19,task-eihb,,36790826,BLIND,10847980,,complete,,661111439b19c16d0e2ce1bf,computer,Desktop or Laptop,Windows 10,Chrome 122.0.0.0,1366x768,1366x599,,,0,1i-3 A Training,4,,,1i-3,,,Pass,,1i-3 A Training,1i-3 A Training,15,Training02,TrainingC,1ouhhw,3,continue,,1771.6999998569372,1767.2000000000116,1771.6999998569372,1771.6999998569372,1767.2000000000116,1771.6999998569372,1,1771.6999998569372,0,0,,Click To Continue,Continue Button,6,object-272,1i-3,_,16,1i-3_16,4,Training02,42_ENGLAND,ASK,.png,42_ENGLAND_ASK.png,WOUX,WAN,42_ENGLAND_WOUX_WAN.png,,WOUX WAN,41_PIXIE_ASK.png,41_PIXIE_DOTS.png,RUSP WIM,WOUX WAN,WOUX WAN,RUSP WIM,41_PIXIE_RUSP_WIM.png,RUSP WIM,,,,,
54,1712395876128,06/04/2024 09:31:16,1712399476128,1,06/04/2024 11:31:16,139619,19,task-eihb,,36790826,BLIND,10847980,,complete,,661111439b19c16d0e2ce1bf,computer,Desktop or Laptop,Windows 10,Chrome 122.0.0.0,1366x768,1366x599,,,0,1i-3 A Training,4,,,1i-3,,,Pass,,1i-3 A Training,1i-3 A Training,16,Training02,TrainingA,34efq7,1,response,RUSP WIM,4349.299999999988,9232.399999999965,9239.399999952293,4349.299999999988,9232.399999999965,9239.399999952293,1,4349.299999999988,4890.099999952305,0,,Single Text Entry,TextResponseA,4,object-97,1i-3,_,15,1i-3_15,4,Training02,06_MOM,ASK,.png,06_MOM_ASK.png,RUSP,WIM,06_MOM_RUSP_WIM.png,,RUSP WIM,26_ERISED_ASK.png,26_ERISED_DOTS.png,RUSP WIM,FICH WUNG,RUSP WIM,FICH WUNG,26_ERISED_FICH_WUNG.png,,FICH WUNG,,,,
55,1712395879175,06/04/2024 09:31:19,1712399479175,1,06/04/2024 11:31:19,139619,19,task-eihb,,36790826,BLIND,10847980,,complete,,661111439b19c16d0e2ce1bf,computer,Desktop or Laptop,Windows 10,Chrome 122.0.0.0,1366x768,1366x599,,,0,1i-3 A Training,4,,,1i-3,,,Pass,,1i-3 A Training,1i-3 A Training,16,Training02,TrainingB,2yfdu9,2,response,,3054.5999998569605,3050.100000000035,3054.5999998569605,3054.5999998569605,3050.100000000035,3054.5999998569605,1,3054.5999998569605,0,0,,Click Response,Option B,5,object-246,1i-3,_,15,1i-3_15,4,Training02,06_MOM,ASK,.png,06_MOM_ASK.png,RUSP,WIM,06_MOM_RUSP_WIM.png,,RUSP WIM,26_ERISED_ASK.png,26_ERISED_DOTS.png,RUSP WIM,FICH WUNG,RUSP WIM,FICH WUNG,26_ERISED_FICH_WUNG.png,,FICH WUNG,,,,
56,1712395880979,06/04/2024 09:31:20,1712399480979,1,06/04/2024 11:31:20,139619,19,task-eihb,,36790826,BLIND,10847980,,complete,,661111439b19c16d0e2ce1bf,computer,Desktop or Laptop,Windows 10,Chrome 122.0.0.0,1366x768,1366x599,,,0,1i-3 A Training,4,,,1i-3,,,Pass,,1i-3 A Training,1i-3 A Training,16,Training02,TrainingC,1ouhhw,3,continue,,1808.1999999046093,1800,1808.1999999046093,1808.1999999046093,1800,1808.1999999046093,1,1808.1999999046093,0,0,,Click To Continue,Continue Button,6,object-272,1i-3,_,15,1i-3_15,4,Training02,06_MOM,ASK,.png,06_MOM_ASK.png,RUSP,WIM,06_MOM_RUSP_WIM.png,,RUSP WIM,26_ERISED_ASK.png,26_ERISED_DOTS.png,RUSP WIM,FICH WUNG,RUSP WIM,FICH WUNG,26_ERISED_FICH_WUNG.png,,FICH WUNG,,,,
57,1712395890151,06/04/2024 09:31:30,1712399490151,1,06/04/2024 11:31:30,139619,19,task-eihb,,36790826,BLIND,10847980,,complete,,661111439b19c16d0e2ce1bf,computer,Desktop or Laptop,Windows 10,Chrome 122.0.0.0,1366x768,1366x599,,,0,1i-3 A Training,4,,,1i-3,,,Pass,,1i-3 A Training,1i-3 A Training,17,Training02,TrainingA,34efq7,1,response,ZETH WAN,4866.099999999977,9165.899999999965,9180.19999990461,4866.099999999977,9165.899999999965,9180.19999990461,1,4866.099999999977,4314.099999904633,0,,Single Text Entry,TextResponseA,4,object-97,1i-3,_,18,1i-3_18,5,Training02,05_AUROR,ASK,.png,05_AUROR_ASK.png,ZETH,WAN,05_AUROR_ZETH_WAN.png,,ZETH WAN,11_RONWAND_ASK.png,11_RONWAND_DOTS.png,ZETH WAN,FICH WUNG,ZETH WAN,FICH WUNG,11_RONWAND_FICH_WUNG.png,,FICH WUNG,,,,
58,1712395892289,06/04/2024 09:31:32,1712399492289,1,06/04/2024 11:31:32,139619,19,task-eihb,,36790826,BLIND,10847980,,complete,,661111439b19c16d0e2ce1bf,computer,Desktop or Laptop,Windows 10,Chrome 122.0.0.0,1366x768,1366x599,,,0,1i-3 A Training,4,,,1i-3,,,Pass,,1i-3 A Training,1i-3 A Training,17,Training02,TrainingB,2yfdu9,2,response,,2149.7999999999884,2133.2000000000116,2149.7999999999884,2149.7999999999884,2133.2000000000116,2149.7999999999884,1,2149.7999999999884,0,0,,Click Response,Option B,5,object-246,1i-3,_,18,1i-3_18,5,Training02,05_AUROR,ASK,.png,05_AUROR_ASK.png,ZETH,WAN,05_AUROR_ZETH_WAN.png,,ZETH WAN,11_RONWAND_ASK.png,11_RONWAND_DOTS.png,ZETH WAN,FICH WUNG,ZETH WAN,FICH WUNG,11_RONWAND_FICH_WUNG.png,,FICH WUNG,,,,
59,1712395893707,06/04/2024 09:31:33,1712399493707,1,06/04/2024 11:31:33,139619,19,task-eihb,,36790826,BLIND,10847980,,complete,,661111439b19c16d0e2ce1bf,computer,Desktop or Laptop,Windows 10,Chrome 122.0.0.0,1366x768,1366x599,,,0,1i-3 A Training,4,,,1i-3,,,Pass,,1i-3 A Training,1i-3 A Training,17,Training02,TrainingC,1ouhhw,3,continue,,1437.5,1433.5,1437.5,1437.5,1433.5,1437.5,1,1437.5,0,0,,Click To Continue,Continue Button,6,object-272,1i-3,_,18,1i-3_18,5,Training02,05_AUROR,ASK,.png,05_AUROR_ASK.png,ZETH,WAN,05_AUROR_ZETH_WAN.png,,ZETH WAN,11_RONWAND_ASK.png,11_RONWAND_DOTS.png,ZETH WAN,FICH WUNG,ZETH WAN,FICH WUNG,11_RONWAND_FICH_WUNG.png,,FICH WUNG,,,,
60,1712395902082,06/04/2024 09:31:42,1712399502082,1,06/04/2024 11:31:42,139619,19,task-eihb,,36790826,BLIND,10847980,,complete,,661111439b19c16d0e2ce1bf,computer,Desktop or Laptop,Windows 10,Chrome 122.0.0.0,1366x768,1366x599,,,0,1i-3 A Training,4,,,1i-3,,,Pass,,1i-3 A Training,1i-3 A Training,18,Training02,TrainingA,34efq7,1,response,RUSP WIM,2449.7000000000116,8366.099999999977,8378.599999904633,2449.7000000000116,8366.099999999977,8378.599999904633,1,2449.7000000000116,5928.899999904621,0,,Single Text Entry,TextResponseA,4,object-97,1i-3,_,19,1i-3_19,5,Training02,41_PIXIE,ASK,.png,41_PIXIE_ASK.png,RUSP,WIM,41_PIXIE_RUSP_WIM.png,,RUSP WIM,35_PROPHET_ASK.png,35_PROPHET_DOTS.png,WOUX WAN,RUSP WIM,RUSP WIM,WOUX WAN,35_PROPHET_WOUX_WAN.png,WOUX WAN,,,,,
61,1712395903970,06/04/2024 09:31:43,1712399503970,1,06/04/2024 11:31:43,139619,19,task-eihb,,36790826,BLIND,10847980,,complete,,661111439b19c16d0e2ce1bf,computer,Desktop or Laptop,Windows 10,Chrome 122.0.0.0,1366x768,1366x599,,,0,1i-3 A Training,4,,,1i-3,,,Pass,,1i-3 A Training,1i-3 A Training,18,Training02,TrainingB,2yfdu9,2,response,,1900.4999999046559,1884.100000000035,1900.4999999046559,1900.4999999046559,1884.100000000035,1900.4999999046559,1,1900.4999999046559,0,0,,Click Response,Option A,4,object-245,1i-3,_,19,1i-3_19,5,Training02,41_PIXIE,ASK,.png,41_PIXIE_ASK.png,RUSP,WIM,41_PIXIE_RUSP_WIM.png,,RUSP WIM,35_PROPHET_ASK.png,35_PROPHET_DOTS.png,WOUX WAN,RUSP WIM,RUSP WIM,WOUX WAN,35_PROPHET_WOUX_WAN.png,WOUX WAN,,,,,
62,1712395906414,06/04/2024 09:31:46,1712399506414,1,06/04/2024 11:31:46,139619,19,task-eihb,,36790826,BLIND,10847980,,complete,,661111439b19c16d0e2ce1bf,computer,Desktop or Laptop,Windows 10,Chrome 122.0.0.0,1366x768,1366x599,,,0,1i-3 A Training,4,,,1i-3,,,Pass,,1i-3 A Training,1i-3 A Training,18,Training02,TrainingC,1ouhhw,3,continue,,2460.2999999999884,2449.2999999999884,2460.2999999999884,2460.2999999999884,2449.2999999999884,2460.2999999999884,1,2460.2999999999884,0,0,,Click To Continue,Continue Button,6,object-272,1i-3,_,19,1i-3_19,5,Training02,41_PIXIE,ASK,.png,41_PIXIE_ASK.png,RUSP,WIM,41_PIXIE_RUSP_WIM.png,,RUSP WIM,35_PROPHET_ASK.png,35_PROPHET_DOTS.png,WOUX WAN,RUSP WIM,RUSP WIM,WOUX WAN,35_PROPHET_WOUX_WAN.png,WOUX WAN,,,,,
63,1712395914732,06/04/2024 09:31:54,1712399514732,1,06/04/2024 11:31:54,139619,19,task-eihb,,36790826,BLIND,10847980,,complete,,661111439b19c16d0e2ce1bf,computer,Desktop or Laptop,Windows 10,Chrome 122.0.0.0,1366x768,1366x599,,,0,1i-3 A Training,4,,,1i-3,,,Pass,,1i-3 A Training,1i-3 A Training,19,Training02,TrainingA,34efq7,1,response,FICH WUNG,2699.7000000000116,8316,8329.5,2699.7000000000116,8316,8329.5,1,2699.7000000000116,5629.799999999988,0,,Single Text Entry,TextResponseA,4,object-97,1i-3,_,17,1i-3_17,5,Training02,25_PROSECUTE,ASK,.png,25_PROSECUTE_ASK.png,FICH,WUNG,25_PROSECUTE_FICH_WUNG.png,,FICH WUNG,04_WHEEZES_ASK.png,04_WHEEZES_DOTS.png,RUSP WIM,FICH WUNG,FICH WUNG,RUSP WIM,04_WHEEZES_RUSP_WIM.png,RUSP WIM,,,,,
64,1712395916814,06/04/2024 09:31:56,1712399516814,1,06/04/2024 11:31:56,139619,19,task-eihb,,36790826,BLIND,10847980,,complete,,661111439b19c16d0e2ce1bf,computer,Desktop or Laptop,Windows 10,Chrome 122.0.0.0,1366x768,1366x599,,,0,1i-3 A Training,4,,,1i-3,,,Pass,,1i-3 A Training,1i-3 A Training,19,Training02,TrainingB,2yfdu9,2,response,,2095.2999999523163,2083.5,2095.2999999523163,2095.2999999523163,2083.5,2095.2999999523163,1,2095.2999999523163,0,0,,Click Response,Option A,4,object-245,1i-3,_,17,1i-3_17,5,Training02,25_PROSECUTE,ASK,.png,25_PROSECUTE_ASK.png,FICH,WUNG,25_PROSECUTE_FICH_WUNG.png,,FICH WUNG,04_WHEEZES_ASK.png,04_WHEEZES_DOTS.png,RUSP WIM,FICH WUNG,FICH WUNG,RUSP WIM,04_WHEEZES_RUSP_WIM.png,RUSP WIM,,,,,
65,1712395919247,06/04/2024 09:31:59,1712399519247,1,06/04/2024 11:31:59,139619,19,task-eihb,,36790826,BLIND,10847980,,complete,,661111439b19c16d0e2ce1bf,computer,Desktop or Laptop,Windows 10,Chrome 122.0.0.0,1366x768,1366x599,,,0,1i-3 A Training,4,,,1i-3,,,Pass,,1i-3 A Training,1i-3 A Training,19,Training02,TrainingC,1ouhhw,3,continue,,2444.2999999523163,2433.2999999999884,2444.2999999523163,2444.2999999523163,2433.2999999999884,2444.2999999523163,1,2444.2999999523163,0,0,,Click To Continue,Continue Button,6,object-272,1i-3,_,17,1i-3_17,5,Training02,25_PROSECUTE,ASK,.png,25_PROSECUTE_ASK.png,FICH,WUNG,25_PROSECUTE_FICH_WUNG.png,,FICH WUNG,04_WHEEZES_ASK.png,04_WHEEZES_DOTS.png,RUSP WIM,FICH WUNG,FICH WUNG,RUSP WIM,04_WHEEZES_RUSP_WIM.png,RUSP WIM,,,,,
66,1712395926613,06/04/2024 09:32:06,1712399526613,1,06/04/2024 11:32:06,139619,19,task-eihb,,36790826,BLIND,10847980,,complete,,661111439b19c16d0e2ce1bf,computer,Desktop or Laptop,Windows 10,Chrome 122.0.0.0,1366x768,1366x599,,,0,1i-3 A Training,4,,,1i-3,,,Pass,,1i-3 A Training,1i-3 A Training,20,Training02,TrainingA,34efq7,1,response,WOUX WAN,2382.9000000000233,7366,7377.200000000012,2382.9000000000233,7366,7377.200000000012,1,2382.9000000000233,4994.299999999988,0,,Single Text Entry,TextResponseA,4,object-97,1i-3,_,20,1i-3_20,5,Training02,21_TEACHHOG,ASK,.png,21_TEACHHOG_ASK.png,WOUX,WAN,21_TEACHHOG_WOUX_WAN.png,,WOUX WAN,42_ENGLAND_ASK.png,42_ENGLAND_DOTS.png,WOUX WAN,ZETH WAN,WOUX WAN,ZETH WAN,42_ENGLAND_ZETH_WAN.png,,ZETH WAN,,,,
67,1712395928594,06/04/2024 09:32:08,1712399528594,1,06/04/2024 11:32:08,139619,19,task-eihb,,36790826,BLIND,10847980,,complete,,661111439b19c16d0e2ce1bf,computer,Desktop or Laptop,Windows 10,Chrome 122.0.0.0,1366x768,1366x599,,,0,1i-3 A Training,4,,,1i-3,,,Pass,,1i-3 A Training,1i-3 A Training,20,Training02,TrainingB,2yfdu9,2,response,,1991.9000000476954,1983.5,1991.9000000476954,1991.9000000476954,1983.5,1991.9000000476954,1,1991.9000000476954,0,0,,Click Response,Option B,5,object-246,1i-3,_,20,1i-3_20,5,Training02,21_TEACHHOG,ASK,.png,21_TEACHHOG_ASK.png,WOUX,WAN,21_TEACHHOG_WOUX_WAN.png,,WOUX WAN,42_ENGLAND_ASK.png,42_ENGLAND_DOTS.png,WOUX WAN,ZETH WAN,WOUX WAN,ZETH WAN,42_ENGLAND_ZETH_WAN.png,,ZETH WAN,,,,
68,1712395930186,06/04/2024 09:32:10,1712399530186,1,06/04/2024 11:32:10,139619,19,task-eihb,,36790826,BLIND,10847980,,complete,,661111439b19c16d0e2ce1bf,computer,Desktop or Laptop,Windows 10,Chrome 122.0.0.0,1366x768,1366x599,,,0,1i-3 A Training,4,,,1i-3,,,Pass,,1i-3 A Training,1i-3 A Training,20,Training02,TrainingC,1ouhhw,3,continue,,1600.2999999999884,1583.2999999999884,1600.2999999999884,1600.2999999999884,1583.2999999999884,1600.2999999999884,1,1600.2999999999884,0,0,,Click To Continue,Continue Button,6,object-272,1i-3,_,20,1i-3_20,5,Training02,21_TEACHHOG,ASK,.png,21_TEACHHOG_ASK.png,WOUX,WAN,21_TEACHHOG_WOUX_WAN.png,,WOUX WAN,42_ENGLAND_ASK.png,42_ENGLAND_DOTS.png,WOUX WAN,ZETH WAN,WOUX WAN,ZETH WAN,42_ENGLAND_ZETH_WAN.png,,ZETH WAN,,,,
69,1712395936430,06/04/2024 09:32:16,1712399536430,1,06/04/2024 11:32:16,139619,19,task-eihb,,36790826,BLIND,10847980,,complete,,661111439b19c16d0e2ce1bf,computer,Desktop or Laptop,Windows 10,Chrome 122.0.0.0,1366x768,1366x599,,,0,1i-3 A Training,4,,,1i-3,,,Pass,,1i-3 A Training,1i-3 A Training,21,Training02,TrainingA,34efq7,1,response,WOUX WAN,1966.3000000000466,6249.400000000023,6261.19999995234,1966.3000000000466,6249.400000000023,6261.19999995234,1,1966.3000000000466,4294.899999952293,0,,Single Text Entry,TextResponseA,4,object-97,1i-3,_,24,1i-3_24,6,Training02,07_AZKABAN,ASK,.png,07_AZKABAN_ASK.png,WOUX,WAN,07_AZKABAN_WOUX_WAN.png,,WOUX WAN,32_QWC_ASK.png,32_QWC_DOTS.png,WOUX WAN,FICH WUNG,WOUX WAN,FICH WUNG,32_QWC_FICH_WUNG.png,,FICH WUNG,,,,
70,1712395939379,06/04/2024 09:32:19,1712399539379,1,06/04/2024 11:32:19,139619,19,task-eihb,,36790826,BLIND,10847980,,complete,,661111439b19c16d0e2ce1bf,computer,Desktop or Laptop,Windows 10,Chrome 122.0.0.0,1366x768,1366x599,,,0,1i-3 A Training,4,,,1i-3,,,Pass,,1i-3 A Training,1i-3 A Training,21,Training02,TrainingB,2yfdu9,2,response,,2960.7000000476837,2950.0999999999767,2960.7000000476837,2960.7000000476837,2950.0999999999767,2960.7000000476837,1,2960.7000000476837,0,0,,Click Response,Option B,5,object-246,1i-3,_,24,1i-3_24,6,Training02,07_AZKABAN,ASK,.png,07_AZKABAN_ASK.png,WOUX,WAN,07_AZKABAN_WOUX_WAN.png,,WOUX WAN,32_QWC_ASK.png,32_QWC_DOTS.png,WOUX WAN,FICH WUNG,WOUX WAN,FICH WUNG,32_QWC_FICH_WUNG.png,,FICH WUNG,,,,
71,1712395940864,06/04/2024 09:32:20,1712399540864,1,06/04/2024 11:32:20,139619,19,task-eihb,,36790826,BLIND,10847980,,complete,,661111439b19c16d0e2ce1bf,computer,Desktop or Laptop,Windows 10,Chrome 122.0.0.0,1366x768,1366x599,,,0,1i-3 A Training,4,,,1i-3,,,Pass,,1i-3 A Training,1i-3 A Training,21,Training02,TrainingC,1ouhhw,3,continue,,1496.2999998569721,1483.3000000000466,1496.2999998569721,1496.2999998569721,1483.3000000000466,1496.2999998569721,1,1496.2999998569721,0,0,,Click To Continue,Continue Button,6,object-272,1i-3,_,24,1i-3_24,6,Training02,07_AZKABAN,ASK,.png,07_AZKABAN_ASK.png,WOUX,WAN,07_AZKABAN_WOUX_WAN.png,,WOUX WAN,32_QWC_ASK.png,32_QWC_DOTS.png,WOUX WAN,FICH WUNG,WOUX WAN,FICH WUNG,32_QWC_FICH_WUNG.png,,FICH WUNG,,,,
72,1712395953205,06/04/2024 09:32:33,1712399553205,1,06/04/2024 11:32:33,139619,19,task-eihb,,36790826,BLIND,10847980,,complete,,661111439b19c16d0e2ce1bf,computer,Desktop or Laptop,Windows 10,Chrome 122.0.0.0,1366x768,1366x599,,,0,1i-3 A Training,4,,,1i-3,,,Pass,,1i-3 A Training,1i-3 A Training,22,Training02,TrainingA,34efq7,1,response,FICH WUNG,2816.2999999999884,12349.199999999953,12353.599999999977,2816.2999999999884,12349.199999999953,12353.599999999977,1,2816.2999999999884,9537.299999999988,0,,Single Text Entry,TextResponseA,4,object-97,1i-3,_,21,1i-3_21,6,Training02,39_STOPHAGRID,ASK,.png,39_STOPHAGRID_ASK.png,FICH,WUNG,39_STOPHAGRID_FICH_WUNG.png,,FICH WUNG,14_MUNGOS_ASK.png,14_MUNGOS_DOTS.png,WOUX WAN,FICH WUNG,FICH WUNG,WOUX WAN,14_MUNGOS_WOUX_WAN.png,WOUX WAN,,,,,
73,1712395954100,06/04/2024 09:32:34,1712399554100,1,06/04/2024 11:32:34,139619,19,task-eihb,,36790826,BLIND,10847980,,complete,,661111439b19c16d0e2ce1bf,computer,Desktop or Laptop,Windows 10,Chrome 122.0.0.0,1366x768,1366x599,,,0,1i-3 A Training,4,,,1i-3,,,Pass,,1i-3 A Training,1i-3 A Training,22,Training02,TrainingB,2yfdu9,2,response,,899.2999998569721,883.6000000000349,899.2999998569721,899.2999998569721,883.6000000000349,899.2999998569721,1,899.2999998569721,0,0,,Click Response,Option A,4,object-245,1i-3,_,21,1i-3_21,6,Training02,39_STOPHAGRID,ASK,.png,39_STOPHAGRID_ASK.png,FICH,WUNG,39_STOPHAGRID_FICH_WUNG.png,,FICH WUNG,14_MUNGOS_ASK.png,14_MUNGOS_DOTS.png,WOUX WAN,FICH WUNG,FICH WUNG,WOUX WAN,14_MUNGOS_WOUX_WAN.png,WOUX WAN,,,,,
74,1712395956133,06/04/2024 09:32:36,1712399556133,1,06/04/2024 11:32:36,139619,19,task-eihb,,36790826,BLIND,10847980,,complete,,661111439b19c16d0e2ce1bf,computer,Desktop or Laptop,Windows 10,Chrome 122.0.0.0,1366x768,1366x599,,,0,1i-3 A Training,4,,,1i-3,,,Pass,,1i-3 A Training,1i-3 A Training,22,Training02,TrainingC,1ouhhw,3,continue,,2048.5999999523046,2033.2000000000116,2048.5999999523046,2048.5999999523046,2033.2000000000116,2048.5999999523046,1,2048.5999999523046,0,0,,Click To Continue,Continue Button,6,object-272,1i-3,_,21,1i-3_21,6,Training02,39_STOPHAGRID,ASK,.png,39_STOPHAGRID_ASK.png,FICH,WUNG,39_STOPHAGRID_FICH_WUNG.png,,FICH WUNG,14_MUNGOS_ASK.png,14_MUNGOS_DOTS.png,WOUX WAN,FICH WUNG,FICH WUNG,WOUX WAN,14_MUNGOS_WOUX_WAN.png,WOUX WAN,,,,,
75,1712395964211,06/04/2024 09:32:44,1712399564211,1,06/04/2024 11:32:44,139619,19,task-eihb,,36790826,BLIND,10847980,,complete,,661111439b19c16d0e2ce1bf,computer,Desktop or Laptop,Windows 10,Chrome 122.0.0.0,1366x768,1366x599,,,0,1i-3 A Training,4,,,1i-3,,,Pass,,1i-3 A Training,1i-3 A Training,23,Training02,TrainingA,34efq7,1,response,ZETH WAN,2032.899999999965,8082.699999999953,8094.099999999977,2032.899999999965,8082.699999999953,8094.099999999977,1,2032.899999999965,6061.200000000012,0,,Single Text Entry,TextResponseA,4,object-97,1i-3,_,22,1i-3_22,6,Training02,26_ERISED,ASK,.png,26_ERISED_ASK.png,ZETH,WAN,26_ERISED_ZETH_WAN.png,,ZETH WAN,18_LIVEGODRIC_ASK.png,18_LIVEGODRIC_DOTS.png,RUSP WIM,ZETH WAN,ZETH WAN,RUSP WIM,18_LIVEGODRIC_RUSP_WIM.png,RUSP WIM,,,,,
76,1712395966065,06/04/2024 09:32:46,1712399566065,1,06/04/2024 11:32:46,139619,19,task-eihb,,36790826,BLIND,10847980,,complete,,661111439b19c16d0e2ce1bf,computer,Desktop or Laptop,Windows 10,Chrome 122.0.0.0,1366x768,1366x599,,,0,1i-3 A Training,4,,,1i-3,,,Pass,,1i-3 A Training,1i-3 A Training,23,Training02,TrainingB,2yfdu9,2,response,,1864.7999998569721,1849.8000000000466,1864.7999998569721,1864.7999998569721,1849.8000000000466,1864.7999998569721,1,1864.7999998569721,0,0,,Click Response,Option A,4,object-245,1i-3,_,22,1i-3_22,6,Training02,26_ERISED,ASK,.png,26_ERISED_ASK.png,ZETH,WAN,26_ERISED_ZETH_WAN.png,,ZETH WAN,18_LIVEGODRIC_ASK.png,18_LIVEGODRIC_DOTS.png,RUSP WIM,ZETH WAN,ZETH WAN,RUSP WIM,18_LIVEGODRIC_RUSP_WIM.png,RUSP WIM,,,,,
77,1712395966876,06/04/2024 09:32:46,1712399566876,1,06/04/2024 11:32:46,139619,19,task-eihb,,36790826,BLIND,10847980,,complete,,661111439b19c16d0e2ce1bf,computer,Desktop or Laptop,Windows 10,Chrome 122.0.0.0,1366x768,1366x599,,,0,1i-3 A Training,4,,,1i-3,,,Pass,,1i-3 A Training,1i-3 A Training,23,Training02,TrainingC,1ouhhw,3,continue,,826.0999999999767,817,826.0999999999767,826.0999999999767,817,826.0999999999767,1,826.0999999999767,0,0,,Click To Continue,Continue Button,6,object-272,1i-3,_,22,1i-3_22,6,Training02,26_ERISED,ASK,.png,26_ERISED_ASK.png,ZETH,WAN,26_ERISED_ZETH_WAN.png,,ZETH WAN,18_LIVEGODRIC_ASK.png,18_LIVEGODRIC_DOTS.png,RUSP WIM,ZETH WAN,ZETH WAN,RUSP WIM,18_LIVEGODRIC_RUSP_WIM.png,RUSP WIM,,,,,
78,1712395975247,06/04/2024 09:32:55,1712399575247,1,06/04/2024 11:32:55,139619,19,task-eihb,,36790826,BLIND,10847980,,complete,,661111439b19c16d0e2ce1bf,computer,Desktop or Laptop,Windows 10,Chrome 122.0.0.0,1366x768,1366x599,,,0,1i-3 A Training,4,,,1i-3,,,Pass,,1i-3 A Training,1i-3 A Training,24,Training02,TrainingA,34efq7,1,response,RUSP WIM,3649.5999999999767,8366,8380.69999990461,3649.5999999999767,8366,8380.69999990461,1,3649.5999999999767,4731.099999904633,0,,Single Text Entry,TextResponseA,4,object-97,1i-3,_,23,1i-3_23,6,Training02,20_PULLSWORD,ASK,.png,20_PULLSWORD_ASK.png,RUSP,WIM,20_PULLSWORD_RUSP_WIM.png,,RUSP WIM,28_GALLEONS_ASK.png,28_GALLEONS_DOTS.png,RUSP WIM,ZETH WAN,RUSP WIM,ZETH WAN,28_GALLEONS_ZETH_WAN.png,,ZETH WAN,,,,
79,1712395979210,06/04/2024 09:32:59,1712399579210,1,06/04/2024 11:32:59,139619,19,task-eihb,,36790826,BLIND,10847980,,complete,,661111439b19c16d0e2ce1bf,computer,Desktop or Laptop,Windows 10,Chrome 122.0.0.0,1366x768,1366x599,,,0,1i-3 A Training,4,,,1i-3,,,Pass,,1i-3 A Training,1i-3 A Training,24,Training02,TrainingB,2yfdu9,2,response,,3976.899999952293,3966.7999999999884,3976.899999952293,3976.899999952293,3966.7999999999884,3976.899999952293,1,3976.899999952293,0,0,,Click Response,Option B,5,object-246,1i-3,_,23,1i-3_23,6,Training02,20_PULLSWORD,ASK,.png,20_PULLSWORD_ASK.png,RUSP,WIM,20_PULLSWORD_RUSP_WIM.png,,RUSP WIM,28_GALLEONS_ASK.png,28_GALLEONS_DOTS.png,RUSP WIM,ZETH WAN,RUSP WIM,ZETH WAN,28_GALLEONS_ZETH_WAN.png,,ZETH WAN,,,,
80,1712395980902,06/04/2024 09:33:00,1712399580902,1,06/04/2024 11:33:00,139619,19,task-eihb,,36790826,BLIND,10847980,,complete,,661111439b19c16d0e2ce1bf,computer,Desktop or Laptop,Windows 10,Chrome 122.0.0.0,1366x768,1366x599,,,0,1i-3 A Training,4,,,1i-3,,,Pass,,1i-3 A Training,1i-3 A Training,24,Training02,TrainingC,1ouhhw,3,continue,,1702.7999999999884,1701,1702.7999999999884,1702.7999999999884,1701,1702.7999999999884,1,1702.7999999999884,0,0,,Click To Continue,Continue Button,6,object-272,1i-3,_,23,1i-3_23,6,Training02,20_PULLSWORD,ASK,.png,20_PULLSWORD_ASK.png,RUSP,WIM,20_PULLSWORD_RUSP_WIM.png,,RUSP WIM,28_GALLEONS_ASK.png,28_GALLEONS_DOTS.png,RUSP WIM,ZETH WAN,RUSP WIM,ZETH WAN,28_GALLEONS_ZETH_WAN.png,,ZETH WAN,,,,
81,1712395980910,06/04/2024 09:33:00,1712399580910,1,06/04/2024 11:33:00,139619,19,task-eihb,,36790826,BLIND,10847980,,complete,,661111439b19c16d0e2ce1bf,computer,Desktop or Laptop,Windows 10,Chrome 122.0.0.0,1366x768,1366x599,,,0,1i-3 A Training,4,,,1i-3,,,Pass,,1i-3 A Training,1i-3 A Training,,,,,,5,END,,,,,,,0,,,,,,,,,,,,,,,,,,,,,,,,,,,,,,,,,,,,
1,1712396620150,06/04/2024 09:43:40,1712400220150,1,06/04/2024 11:43:40,139619,19,task-eihb,,36791185,BLIND,10848083,,complete,,66111739946b62cf2fd9167c,computer,Desktop or Laptop,Mac OS 10.15.7,Chrome 123.0.0.0,1440x900,1440x813,,,0,1i-3 A Training,4,,,1i-3,,,Pass,,1i-3 A Training,1i-3 A Training,,,,,,5,BEGIN,,,,,,,0,,,,,,,,,,,,,,,,,,,,,,,,,,,,,,,,,,,,
2,1712396625733,06/04/2024 09:43:45,1712400225733,1,06/04/2024 11:43:45,139619,19,task-eihb,,36791185,BLIND,10848083,,complete,,66111739946b62cf2fd9167c,computer,Desktop or Laptop,Mac OS 10.15.7,Chrome 123.0.0.0,1440x900,1440x813,,,0,1i-3 A Training,4,,,1i-3,,,Pass,,1i-3 A Training,1i-3 A Training,1,Instructions,Attention Check 5,4xnmv6,1,continue,,5319.099999988079,5316.799999999999,5319.099999988079,5319.099999988079,5316.799999999999,5319.099999988079,1,5319.099999988079,0,0,,Click To Continue,Continue Button,4,object-285,,,,,,Instructions,,,,,,,,,,,,,,,,,,,,,,
3,1712396625734,06/04/2024 09:43:45,1712400225734,1,06/04/2024 11:43:45,139619,19,task-eihb,,36791185,BLIND,10848083,,complete,,66111739946b62cf2fd9167c,computer,Desktop or Laptop,Mac OS 10.15.7,Chrome 123.0.0.0,1440x900,1440x813,,,0,1i-3 A Training,4,,,1i-3,,,Pass,,1i-3 A Training,1i-3 A Training,1,Instructions,Attention Check 5,4xnmv6,1,response,Accio!,4216.799999999999,5316.799999999999,5320.4,4216.799999999999,5316.799999999999,5320.4,1,4216.799999999999,1103.6000000000004,0,,Dropdown,Dropdown5,3,object-284,,,,,,Instructions,,,,,,,,,,,,,,,,,,,,,,
4,1712396631606,06/04/2024 09:43:51,1712400231606,1,06/04/2024 11:43:51,139619,19,task-eihb,,36791185,BLIND,10848083,,complete,,66111739946b62cf2fd9167c,computer,Desktop or Laptop,Mac OS 10.15.7,Chrome 123.0.0.0,1440x900,1440x813,,,0,1i-3 A Training,4,,,1i-3,,,Pass,,1i-3 A Training,1i-3 A Training,1,Instructions,Attention Check 6,wf497f,2,continue,,5875.700000023842,5866.9,5875.700000023842,5875.700000023842,5866.9,5875.700000023842,1,5875.700000023842,0,0,,Click To Continue,Continue Button,4,object-292,,,,,,Instructions,,,,,,,,,,,,,,,,,,,,,,
5,1712396631609,06/04/2024 09:43:51,1712400231609,1,06/04/2024 11:43:51,139619,19,task-eihb,,36791185,BLIND,10848083,,complete,,66111739946b62cf2fd9167c,computer,Desktop or Laptop,Mac OS 10.15.7,Chrome 123.0.0.0,1440x900,1440x813,,,0,1i-3 A Training,4,,,1i-3,,,Pass,,1i-3 A Training,1i-3 A Training,1,Instructions,Attention Check 6,wf497f,2,response,The Invisibility Cloak,5165.9,5866.9,5878.9999999761585,5165.9,5866.9,5878.9999999761585,1,5165.9,713.0999999761589,0,,Dropdown,Dropdown6,3,object-291,,,,,,Instructions,,,,,,,,,,,,,,,,,,,,,,
6,1712396634094,06/04/2024 09:43:54,1712400234094,1,06/04/2024 11:43:54,139619,19,task-eihb,,36791185,BLIND,10848083,,complete,,66111739946b62cf2fd9167c,computer,Desktop or Laptop,Mac OS 10.15.7,Chrome 123.0.0.0,1440x900,1440x813,,,0,1i-3 A Training,4,,,1i-3,,,Pass,,1i-3 A Training,1i-3 A Training,1,Instructions,Screen 22,3y4guk,3,continue,,2496.8000000238426,2483.2000000000007,2496.8000000238426,2496.8000000238426,2483.2000000000007,2496.8000000238426,1,2496.8000000238426,0,0,,Click To Continue,Continue Button,3,object-297,,,,,,Instructions,,,,,,,,,,,,,,,,,,,,,,
7,1712396651471,06/04/2024 09:44:11,1712400251471,1,06/04/2024 11:44:11,139619,19,task-eihb,,36791185,BLIND,10848083,,complete,,66111739946b62cf2fd9167c,computer,Desktop or Laptop,Mac OS 10.15.7,Chrome 123.0.0.0,1440x900,1440x813,,,0,1i-3 A Training,4,,,1i-3,,,Pass,,1i-3 A Training,1i-3 A Training,1,Instructions,Instructions 02,q3gk2e,4,continue,,17391.19999998808,17383.1,17391.19999998808,17391.19999998808,17383.1,17391.19999998808,1,17391.19999998808,0,0,,Click To Continue,Continue Button,2,object-75,,,,,,Instructions,,,,,,,,,,,,,,,,,,,,,,
8,1712396655000,06/04/2024 09:44:15,1712400255000,1,06/04/2024 11:44:15,139619,19,task-eihb,,36791185,BLIND,10848083,,complete,,66111739946b62cf2fd9167c,computer,Desktop or Laptop,Mac OS 10.15.7,Chrome 123.0.0.0,1440x900,1440x813,,,0,1i-3 A Training,4,,,1i-3,,,Pass,,1i-3 A Training,1i-3 A Training,1,Instructions,Instructions 03,gxa3vr,5,continue,,3538.0000000238433,3533.4000000000015,3538.0000000238433,3538.0000000238433,3533.4000000000015,3538.0000000238433,1,3538.0000000238433,0,0,,Click To Continue,Continue Button,1,object-165,,,,,,Instructions,,,,,,,,,,,,,,,,,,,,,,
9,1712396669472,06/04/2024 09:44:29,1712400269472,1,06/04/2024 11:44:29,139619,19,task-eihb,,36791185,BLIND,10848083,,complete,,66111739946b62cf2fd9167c,computer,Desktop or Laptop,Mac OS 10.15.7,Chrome 123.0.0.0,1440x900,1440x813,,,0,1i-3 A Training,4,,,1i-3,,,Pass,,1i-3 A Training,1i-3 A Training,1,Training02,TrainingA,34efq7,1,response,ZETH WAN,11684.5,14467.300000000003,14476.899999976158,11684.5,14467.300000000003,14476.899999976158,1,11684.5,2792.399999976158,0,,Single Text Entry,TextResponseA,4,object-97,1i-3,_,02,1i-3_02,1,Training02,40_BURYSNAPE,ASK,.png,40_BURYSNAPE_ASK.png,ZETH,WAN,40_BURYSNAPE_ZETH_WAN.png,,ZETH WAN,20_PULLSWORD_ASK.png,20_PULLSWORD_DOTS.png,WOUX WAN,ZETH WAN,ZETH WAN,WOUX WAN,20_PULLSWORD_WOUX_WAN.png,WOUX WAN,,,,,
10,1712396681404,06/04/2024 09:44:41,1712400281404,1,06/04/2024 11:44:41,139619,19,task-eihb,,36791185,BLIND,10848083,,complete,,66111739946b62cf2fd9167c,computer,Desktop or Laptop,Mac OS 10.15.7,Chrome 123.0.0.0,1440x900,1440x813,,,0,1i-3 A Training,4,,,1i-3,,,Pass,,1i-3 A Training,1i-3 A Training,1,Training02,TrainingB,2yfdu9,2,response,,11942.099999976155,11932.899999999994,11942.099999976155,11942.099999976155,11932.899999999994,11942.099999976155,1,11942.099999976155,0,0,,Click Response,Option A,4,object-245,1i-3,_,02,1i-3_02,1,Training02,40_BURYSNAPE,ASK,.png,40_BURYSNAPE_ASK.png,ZETH,WAN,40_BURYSNAPE_ZETH_WAN.png,,ZETH WAN,20_PULLSWORD_ASK.png,20_PULLSWORD_DOTS.png,WOUX WAN,ZETH WAN,ZETH WAN,WOUX WAN,20_PULLSWORD_WOUX_WAN.png,WOUX WAN,,,,,
11,1712396683734,06/04/2024 09:44:43,1712400283734,1,06/04/2024 11:44:43,139619,19,task-eihb,,36791185,BLIND,10848083,,complete,,66111739946b62cf2fd9167c,computer,Desktop or Laptop,Mac OS 10.15.7,Chrome 123.0.0.0,1440x900,1440x813,,,0,1i-3 A Training,4,,,1i-3,,,Pass,,1i-3 A Training,1i-3 A Training,1,Training02,TrainingC,1ouhhw,3,continue,,2338.999999988082,2334.7000000000044,2338.999999988082,2338.999999988082,2334.7000000000044,2338.999999988082,1,2338.999999988082,0,0,,Click To Continue,Continue Button,6,object-272,1i-3,_,02,1i-3_02,1,Training02,40_BURYSNAPE,ASK,.png,40_BURYSNAPE_ASK.png,ZETH,WAN,40_BURYSNAPE_ZETH_WAN.png,,ZETH WAN,20_PULLSWORD_ASK.png,20_PULLSWORD_DOTS.png,WOUX WAN,ZETH WAN,ZETH WAN,WOUX WAN,20_PULLSWORD_WOUX_WAN.png,WOUX WAN,,,,,
12,1712396703703,06/04/2024 09:45:03,1712400303703,1,06/04/2024 11:45:03,139619,19,task-eihb,,36791185,BLIND,10848083,,complete,,66111739946b62cf2fd9167c,computer,Desktop or Laptop,Mac OS 10.15.7,Chrome 123.0.0.0,1440x900,1440x813,,,0,1i-3 A Training,4,,,1i-3,,,Pass,,1i-3 A Training,1i-3 A Training,2,Training02,TrainingA,34efq7,1,response,RUSP WIM,8316.799999999996,19967.200000000004,19973.799999988078,8316.799999999996,19967.200000000004,19973.799999988078,1,8316.799999999996,11656.999999988082,0,,Single Text Entry,TextResponseA,4,object-97,1i-3,_,03,1i-3_03,1,Training02,13_QUIBBLER,ASK,.png,13_QUIBBLER_ASK.png,RUSP,WIM,13_QUIBBLER_RUSP_WIM.png,,RUSP WIM,27_BESTSELLER_ASK.png,27_BESTSELLER_DOTS.png,FICH WUNG,RUSP WIM,RUSP WIM,FICH WUNG,27_BESTSELLER_FICH_WUNG.png,FICH WUNG,,,,,
13,1712396708830,06/04/2024 09:45:08,1712400308830,1,06/04/2024 11:45:08,139619,19,task-eihb,,36791185,BLIND,10848083,,complete,,66111739946b62cf2fd9167c,computer,Desktop or Laptop,Mac OS 10.15.7,Chrome 123.0.0.0,1440x900,1440x813,,,0,1i-3 A Training,4,,,1i-3,,,Pass,,1i-3 A Training,1i-3 A Training,2,Training02,TrainingB,2yfdu9,2,response,,5132.600000000006,5116.199999999997,5132.600000000006,5132.600000000006,5116.199999999997,5132.600000000006,1,5132.600000000006,0,0,,Click Response,Option B,5,object-246,1i-3,_,03,1i-3_03,1,Training02,13_QUIBBLER,ASK,.png,13_QUIBBLER_ASK.png,RUSP,WIM,13_QUIBBLER_RUSP_WIM.png,,RUSP WIM,27_BESTSELLER_ASK.png,27_BESTSELLER_DOTS.png,FICH WUNG,RUSP WIM,RUSP WIM,FICH WUNG,27_BESTSELLER_FICH_WUNG.png,FICH WUNG,,,,,
14,1712396718393,06/04/2024 09:45:18,1712400318393,1,06/04/2024 11:45:18,139619,19,task-eihb,,36791185,BLIND,10848083,,complete,,66111739946b62cf2fd9167c,computer,Desktop or Laptop,Mac OS 10.15.7,Chrome 123.0.0.0,1440x900,1440x813,,,0,1i-3 A Training,4,,,1i-3,,,Pass,,1i-3 A Training,1i-3 A Training,2,Training02,TrainingC,1ouhhw,3,continue,,9581.199999999997,9567.599999999991,9581.199999999997,9581.199999999997,9567.599999999991,9581.199999999997,1,9581.199999999997,0,0,,Click To Continue,Continue Button,6,object-272,1i-3,_,03,1i-3_03,1,Training02,13_QUIBBLER,ASK,.png,13_QUIBBLER_ASK.png,RUSP,WIM,13_QUIBBLER_RUSP_WIM.png,,RUSP WIM,27_BESTSELLER_ASK.png,27_BESTSELLER_DOTS.png,FICH WUNG,RUSP WIM,RUSP WIM,FICH WUNG,27_BESTSELLER_FICH_WUNG.png,FICH WUNG,,,,,
15,1712396727763,06/04/2024 09:45:27,1712400327763,1,06/04/2024 11:45:27,139619,19,task-eihb,,36791185,BLIND,10848083,,complete,,66111739946b62cf2fd9167c,computer,Desktop or Laptop,Mac OS 10.15.7,Chrome 123.0.0.0,1440x900,1440x813,,,0,1i-3 A Training,4,,,1i-3,,,Pass,,1i-3 A Training,1i-3 A Training,3,Training02,TrainingA,34efq7,1,response,FICH WUNG,7433.5,9366.900000000009,9383.400000011927,7433.5,9366.900000000009,9383.400000011927,1,7433.5,1949.9000000119267,0,,Single Text Entry,TextResponseA,4,object-97,1i-3,_,01,1i-3_01,1,Training02,04_WHEEZES,ASK,.png,04_WHEEZES_ASK.png,FICH,WUNG,04_WHEEZES_FICH_WUNG.png,,FICH WUNG,05_AUROR_ASK.png,05_AUROR_DOTS.png,FICH WUNG,ZETH WAN,FICH WUNG,ZETH WAN,05_AUROR_ZETH_WAN.png,,ZETH WAN,,,,
16,1712396731833,06/04/2024 09:45:31,1712400331833,1,06/04/2024 11:45:31,139619,19,task-eihb,,36791185,BLIND,10848083,,complete,,66111739946b62cf2fd9167c,computer,Desktop or Laptop,Mac OS 10.15.7,Chrome 123.0.0.0,1440x900,1440x813,,,0,1i-3 A Training,4,,,1i-3,,,Pass,,1i-3 A Training,1i-3 A Training,3,Training02,TrainingB,2yfdu9,2,response,,4087.199999999997,4083.399999999994,4087.199999999997,4087.199999999997,4083.399999999994,4087.199999999997,1,4087.199999999997,0,0,,Click Response,Option B,5,object-246,1i-3,_,01,1i-3_01,1,Training02,04_WHEEZES,ASK,.png,04_WHEEZES_ASK.png,FICH,WUNG,04_WHEEZES_FICH_WUNG.png,,FICH WUNG,05_AUROR_ASK.png,05_AUROR_DOTS.png,FICH WUNG,ZETH WAN,FICH WUNG,ZETH WAN,05_AUROR_ZETH_WAN.png,,ZETH WAN,,,,
17,1712396733023,06/04/2024 09:45:33,1712400333023,1,06/04/2024 11:45:33,139619,19,task-eihb,,36791185,BLIND,10848083,,complete,,66111739946b62cf2fd9167c,computer,Desktop or Laptop,Mac OS 10.15.7,Chrome 123.0.0.0,1440x900,1440x813,,,0,1i-3 A Training,4,,,1i-3,,,Pass,,1i-3 A Training,1i-3 A Training,3,Training02,TrainingC,1ouhhw,3,continue,,1193.999999988082,1183.4000000000087,1193.999999988082,1193.999999988082,1183.4000000000087,1193.999999988082,1,1193.999999988082,0,0,,Click To Continue,Continue Button,6,object-272,1i-3,_,01,1i-3_01,1,Training02,04_WHEEZES,ASK,.png,04_WHEEZES_ASK.png,FICH,WUNG,04_WHEEZES_FICH_WUNG.png,,FICH WUNG,05_AUROR_ASK.png,05_AUROR_DOTS.png,FICH WUNG,ZETH WAN,FICH WUNG,ZETH WAN,05_AUROR_ZETH_WAN.png,,ZETH WAN,,,,
18,1712396743236,06/04/2024 09:45:43,1712400343236,1,06/04/2024 11:45:43,139619,19,task-eihb,,36791185,BLIND,10848083,,complete,,66111739946b62cf2fd9167c,computer,Desktop or Laptop,Mac OS 10.15.7,Chrome 123.0.0.0,1440x900,1440x813,,,0,1i-3 A Training,4,,,1i-3,,,Pass,,1i-3 A Training,1i-3 A Training,4,Training02,TrainingA,34efq7,1,response,WOUX WAN,4200.099999999991,10216.199999999997,10223.099999988073,4200.099999999991,10216.199999999997,10223.099999988073,1,4200.099999999991,6022.999999988082,0,,Single Text Entry,TextResponseA,4,object-97,1i-3,_,04,1i-3_04,1,Training02,35_PROPHET,ASK,.png,35_PROPHET_ASK.png,WOUX,WAN,35_PROPHET_WOUX_WAN.png,,WOUX WAN,40_BURYSNAPE_ASK.png,40_BURYSNAPE_DOTS.png,WOUX WAN,RUSP WIM,WOUX WAN,RUSP WIM,40_BURYSNAPE_RUSP_WIM.png,,RUSP WIM,,,,
19,1712396748744,06/04/2024 09:45:48,1712400348744,1,06/04/2024 11:45:48,139619,19,task-eihb,,36791185,BLIND,10848083,,complete,,66111739946b62cf2fd9167c,computer,Desktop or Laptop,Mac OS 10.15.7,Chrome 123.0.0.0,1440x900,1440x813,,,0,1i-3 A Training,4,,,1i-3,,,Pass,,1i-3 A Training,1i-3 A Training,4,Training02,TrainingB,2yfdu9,2,response,,5515.000000011918,5501.5,5515.000000011918,5515.000000011918,5501.5,5515.000000011918,1,5515.000000011918,0,0,,Click Response,Option B,5,object-246,1i-3,_,04,1i-3_04,1,Training02,35_PROPHET,ASK,.png,35_PROPHET_ASK.png,WOUX,WAN,35_PROPHET_WOUX_WAN.png,,WOUX WAN,40_BURYSNAPE_ASK.png,40_BURYSNAPE_DOTS.png,WOUX WAN,RUSP WIM,WOUX WAN,RUSP WIM,40_BURYSNAPE_RUSP_WIM.png,,RUSP WIM,,,,
20,1712396753386,06/04/2024 09:45:53,1712400353386,1,06/04/2024 11:45:53,139619,19,task-eihb,,36791185,BLIND,10848083,,complete,,66111739946b62cf2fd9167c,computer,Desktop or Laptop,Mac OS 10.15.7,Chrome 123.0.0.0,1440x900,1440x813,,,0,1i-3 A Training,4,,,1i-3,,,Pass,,1i-3 A Training,1i-3 A Training,4,Training02,TrainingC,1ouhhw,3,continue,,4655.800000023839,4649.599999999991,4655.800000023839,4655.800000023839,4649.599999999991,4655.800000023839,1,4655.800000023839,0,0,,Click To Continue,Continue Button,6,object-272,1i-3,_,04,1i-3_04,1,Training02,35_PROPHET,ASK,.png,35_PROPHET_ASK.png,WOUX,WAN,35_PROPHET_WOUX_WAN.png,,WOUX WAN,40_BURYSNAPE_ASK.png,40_BURYSNAPE_DOTS.png,WOUX WAN,RUSP WIM,WOUX WAN,RUSP WIM,40_BURYSNAPE_RUSP_WIM.png,,RUSP WIM,,,,
21,1712396761576,06/04/2024 09:46:01,1712400361576,1,06/04/2024 11:46:01,139619,19,task-eihb,,36791185,BLIND,10848083,,complete,,66111739946b62cf2fd9167c,computer,Desktop or Laptop,Mac OS 10.15.7,Chrome 123.0.0.0,1440x900,1440x813,,,0,1i-3 A Training,4,,,1i-3,,,Pass,,1i-3 A Training,1i-3 A Training,5,Training02,TrainingA,34efq7,1,response,FICH WUNG,4516.700000000012,8183.5,8197.499999976164,4516.700000000012,8183.5,8197.499999976164,1,4516.700000000012,3680.7999999761523,0,,Single Text Entry,TextResponseA,4,object-97,1i-3,_,05,1i-3_05,2,Training02,18_LIVEGODRIC,ASK,.png,18_LIVEGODRIC_ASK.png,FICH,WUNG,18_LIVEGODRIC_FICH_WUNG.png,,FICH WUNG,07_AZKABAN_ASK.png,07_AZKABAN_DOTS.png,FICH WUNG,RUSP WIM,FICH WUNG,RUSP WIM,07_AZKABAN_RUSP_WIM.png,,RUSP WIM,,,,
22,1712396766132,06/04/2024 09:46:06,1712400366132,1,06/04/2024 11:46:06,139619,19,task-eihb,,36791185,BLIND,10848083,,complete,,66111739946b62cf2fd9167c,computer,Desktop or Laptop,Mac OS 10.15.7,Chrome 123.0.0.0,1440x900,1440x813,,,0,1i-3 A Training,4,,,1i-3,,,Pass,,1i-3 A Training,1i-3 A Training,5,Training02,TrainingB,2yfdu9,2,response,,4569.299999988085,4566.700000000012,4569.299999988085,4569.299999988085,4566.700000000012,4569.299999988085,1,4569.299999988085,0,0,,Click Response,Option A,4,object-245,1i-3,_,05,1i-3_05,2,Training02,18_LIVEGODRIC,ASK,.png,18_LIVEGODRIC_ASK.png,FICH,WUNG,18_LIVEGODRIC_FICH_WUNG.png,,FICH WUNG,07_AZKABAN_ASK.png,07_AZKABAN_DOTS.png,FICH WUNG,RUSP WIM,FICH WUNG,RUSP WIM,07_AZKABAN_RUSP_WIM.png,,RUSP WIM,,,,
23,1712396769547,06/04/2024 09:46:09,1712400369547,1,06/04/2024 11:46:09,139619,19,task-eihb,,36791185,BLIND,10848083,,complete,,66111739946b62cf2fd9167c,computer,Desktop or Laptop,Mac OS 10.15.7,Chrome 123.0.0.0,1440x900,1440x813,,,0,1i-3 A Training,4,,,1i-3,,,Pass,,1i-3 A Training,1i-3 A Training,5,Training02,TrainingC,1ouhhw,3,continue,,3417.1999999999825,3400.399999999994,3417.1999999999825,3417.1999999999825,3400.399999999994,3417.1999999999825,1,3417.1999999999825,0,0,,Click To Continue,Continue Button,6,object-272,1i-3,_,05,1i-3_05,2,Training02,18_LIVEGODRIC,ASK,.png,18_LIVEGODRIC_ASK.png,FICH,WUNG,18_LIVEGODRIC_FICH_WUNG.png,,FICH WUNG,07_AZKABAN_ASK.png,07_AZKABAN_DOTS.png,FICH WUNG,RUSP WIM,FICH WUNG,RUSP WIM,07_AZKABAN_RUSP_WIM.png,,RUSP WIM,,,,
24,1712396783903,06/04/2024 09:46:23,1712400383903,1,06/04/2024 11:46:23,139619,19,task-eihb,,36791185,BLIND,10848083,,complete,,66111739946b62cf2fd9167c,computer,Desktop or Laptop,Mac OS 10.15.7,Chrome 123.0.0.0,1440x900,1440x813,,,0,1i-3 A Training,4,,,1i-3,,,Pass,,1i-3 A Training,1i-3 A Training,6,Training02,TrainingA,34efq7,1,response,RUSP WIM,7533.299999999988,14366.799999999988,14374.199999988079,7533.299999999988,14366.799999999988,14374.199999988079,1,7533.299999999988,6840.899999988091,0,,Single Text Entry,TextResponseA,4,object-97,1i-3,_,07,1i-3_07,2,Training02,34_FANLETTERS,ASK,.png,34_FANLETTERS_ASK.png,RUSP,WIM,34_FANLETTERS_RUSP_WIM.png,,RUSP WIM,34_FANLETTERS_ASK.png,34_FANLETTERS_DOTS.png,RUSP WIM,WOUX WAN,RUSP WIM,WOUX WAN,34_FANLETTERS_WOUX_WAN.png,,WOUX WAN,,,,
25,1712396789740,06/04/2024 09:46:29,1712400389740,1,06/04/2024 11:46:29,139619,19,task-eihb,,36791185,BLIND,10848083,,complete,,66111739946b62cf2fd9167c,computer,Desktop or Laptop,Mac OS 10.15.7,Chrome 123.0.0.0,1440x900,1440x813,,,0,1i-3 A Training,4,,,1i-3,,,Pass,,1i-3 A Training,1i-3 A Training,6,Training02,TrainingB,2yfdu9,2,response,,5844.000000011933,5833.5,5844.000000011933,5844.000000011933,5833.5,5844.000000011933,1,5844.000000011933,0,0,,Click Response,Option A,4,object-245,1i-3,_,07,1i-3_07,2,Training02,34_FANLETTERS,ASK,.png,34_FANLETTERS_ASK.png,RUSP,WIM,34_FANLETTERS_RUSP_WIM.png,,RUSP WIM,34_FANLETTERS_ASK.png,34_FANLETTERS_DOTS.png,RUSP WIM,WOUX WAN,RUSP WIM,WOUX WAN,34_FANLETTERS_WOUX_WAN.png,,WOUX WAN,,,,
26,1712396793866,06/04/2024 09:46:33,1712400393866,1,06/04/2024 11:46:33,139619,19,task-eihb,,36791185,BLIND,10848083,,complete,,66111739946b62cf2fd9167c,computer,Desktop or Laptop,Mac OS 10.15.7,Chrome 123.0.0.0,1440x900,1440x813,,,0,1i-3 A Training,4,,,1i-3,,,Pass,,1i-3 A Training,1i-3 A Training,6,Training02,TrainingC,1ouhhw,3,continue,,4137.200000000012,4133.5,4137.200000000012,4137.200000000012,4133.5,4137.200000000012,1,4137.200000000012,0,0,,Click To Continue,Continue Button,6,object-272,1i-3,_,07,1i-3_07,2,Training02,34_FANLETTERS,ASK,.png,34_FANLETTERS_ASK.png,RUSP,WIM,34_FANLETTERS_RUSP_WIM.png,,RUSP WIM,34_FANLETTERS_ASK.png,34_FANLETTERS_DOTS.png,RUSP WIM,WOUX WAN,RUSP WIM,WOUX WAN,34_FANLETTERS_WOUX_WAN.png,,WOUX WAN,,,,
27,1712396803760,06/04/2024 09:46:43,1712400403760,1,06/04/2024 11:46:43,139619,19,task-eihb,,36791185,BLIND,10848083,,complete,,66111739946b62cf2fd9167c,computer,Desktop or Laptop,Mac OS 10.15.7,Chrome 123.0.0.0,1440x900,1440x813,,,0,1i-3 A Training,4,,,1i-3,,,Pass,,1i-3 A Training,1i-3 A Training,7,Training02,TrainingA,34efq7,1,response,ZETH WAN,4816.700000000012,9883.5,9897.89999998809,4816.700000000012,9883.5,9897.89999998809,1,4816.700000000012,5081.199999988079,0,,Single Text Entry,TextResponseA,4,object-97,1i-3,_,06,1i-3_06,2,Training02,12_SKEETER,ASK,.png,12_SKEETER_ASK.png,ZETH,WAN,12_SKEETER_ZETH_WAN.png,,ZETH WAN,12_SKEETER_ASK.png,12_SKEETER_DOTS.png,FICH WUNG,ZETH WAN,ZETH WAN,FICH WUNG,12_SKEETER_FICH_WUNG.png,FICH WUNG,,,,,
28,1712396810707,06/04/2024 09:46:50,1712400410707,1,06/04/2024 11:46:50,139619,19,task-eihb,,36791185,BLIND,10848083,,complete,,66111739946b62cf2fd9167c,computer,Desktop or Laptop,Mac OS 10.15.7,Chrome 123.0.0.0,1440x900,1440x813,,,0,1i-3 A Training,4,,,1i-3,,,Pass,,1i-3 A Training,1i-3 A Training,7,Training02,TrainingB,2yfdu9,2,response,,6961.899999988091,6950.5,6961.899999988091,6961.899999988091,6950.5,6961.899999988091,1,6961.899999988091,0,0,,Click Response,Option B,5,object-246,1i-3,_,06,1i-3_06,2,Training02,12_SKEETER,ASK,.png,12_SKEETER_ASK.png,ZETH,WAN,12_SKEETER_ZETH_WAN.png,,ZETH WAN,12_SKEETER_ASK.png,12_SKEETER_DOTS.png,FICH WUNG,ZETH WAN,ZETH WAN,FICH WUNG,12_SKEETER_FICH_WUNG.png,FICH WUNG,,,,,
29,1712396812304,06/04/2024 09:46:52,1712400412304,1,06/04/2024 11:46:52,139619,19,task-eihb,,36791185,BLIND,10848083,,complete,,66111739946b62cf2fd9167c,computer,Desktop or Laptop,Mac OS 10.15.7,Chrome 123.0.0.0,1440x900,1440x813,,,0,1i-3 A Training,4,,,1i-3,,,Pass,,1i-3 A Training,1i-3 A Training,7,Training02,TrainingC,1ouhhw,3,continue,,1607.8000000238535,1599.7000000000116,1607.8000000238535,1607.8000000238535,1599.7000000000116,1607.8000000238535,1,1607.8000000238535,0,0,,Click To Continue,Continue Button,6,object-272,1i-3,_,06,1i-3_06,2,Training02,12_SKEETER,ASK,.png,12_SKEETER_ASK.png,ZETH,WAN,12_SKEETER_ZETH_WAN.png,,ZETH WAN,12_SKEETER_ASK.png,12_SKEETER_DOTS.png,FICH WUNG,ZETH WAN,ZETH WAN,FICH WUNG,12_SKEETER_FICH_WUNG.png,FICH WUNG,,,,,
30,1712396819044,06/04/2024 09:46:59,1712400419044,1,06/04/2024 11:46:59,139619,19,task-eihb,,36791185,BLIND,10848083,,complete,,66111739946b62cf2fd9167c,computer,Desktop or Laptop,Mac OS 10.15.7,Chrome 123.0.0.0,1440x900,1440x813,,,0,1i-3 A Training,4,,,1i-3,,,Pass,,1i-3 A Training,1i-3 A Training,8,Training02,TrainingA,34efq7,1,response,WOUX WAN,4700.100000000006,6733.600000000006,6748.5,4700.100000000006,6733.600000000006,6748.5,1,4700.100000000006,2048.399999999994,0,,Single Text Entry,TextResponseA,4,object-97,1i-3,_,08,1i-3_08,2,Training02,28_GALLEONS,ASK,.png,28_GALLEONS_ASK.png,WOUX,WAN,28_GALLEONS_WOUX_WAN.png,,WOUX WAN,39_STOPHAGRID_ASK.png,39_STOPHAGRID_DOTS.png,ZETH WAN,WOUX WAN,WOUX WAN,ZETH WAN,39_STOPHAGRID_ZETH_WAN.png,ZETH WAN,,,,,
31,1712396823275,06/04/2024 09:47:03,1712400423275,1,06/04/2024 11:47:03,139619,19,task-eihb,,36791185,BLIND,10848083,,complete,,66111739946b62cf2fd9167c,computer,Desktop or Laptop,Mac OS 10.15.7,Chrome 123.0.0.0,1440x900,1440x813,,,0,1i-3 A Training,4,,,1i-3,,,Pass,,1i-3 A Training,1i-3 A Training,8,Training02,TrainingB,2yfdu9,2,response,,4246.299999976152,4233,4246.299999976152,4246.299999976152,4233,4246.299999976152,1,4246.299999976152,0,0,,Click Response,Option A,4,object-245,1i-3,_,08,1i-3_08,2,Training02,28_GALLEONS,ASK,.png,28_GALLEONS_ASK.png,WOUX,WAN,28_GALLEONS_WOUX_WAN.png,,WOUX WAN,39_STOPHAGRID_ASK.png,39_STOPHAGRID_DOTS.png,ZETH WAN,WOUX WAN,WOUX WAN,ZETH WAN,39_STOPHAGRID_ZETH_WAN.png,ZETH WAN,,,,,
32,1712396826413,06/04/2024 09:47:06,1712400426413,1,06/04/2024 11:47:06,139619,19,task-eihb,,36791185,BLIND,10848083,,complete,,66111739946b62cf2fd9167c,computer,Desktop or Laptop,Mac OS 10.15.7,Chrome 123.0.0.0,1440x900,1440x813,,,0,1i-3 A Training,4,,,1i-3,,,Pass,,1i-3 A Training,1i-3 A Training,8,Training02,TrainingC,1ouhhw,3,continue,,3150.2999999999593,3133.6999999999825,3150.2999999999593,3150.2999999999593,3133.6999999999825,3150.2999999999593,1,3150.2999999999593,0,0,,Click To Continue,Continue Button,6,object-272,1i-3,_,08,1i-3_08,2,Training02,28_GALLEONS,ASK,.png,28_GALLEONS_ASK.png,WOUX,WAN,28_GALLEONS_WOUX_WAN.png,,WOUX WAN,39_STOPHAGRID_ASK.png,39_STOPHAGRID_DOTS.png,ZETH WAN,WOUX WAN,WOUX WAN,ZETH WAN,39_STOPHAGRID_ZETH_WAN.png,ZETH WAN,,,,,
33,1712396833497,06/04/2024 09:47:13,1712400433497,1,06/04/2024 11:47:13,139619,19,task-eihb,,36791185,BLIND,10848083,,complete,,66111739946b62cf2fd9167c,computer,Desktop or Laptop,Mac OS 10.15.7,Chrome 123.0.0.0,1440x900,1440x813,,,0,1i-3 A Training,4,,,1i-3,,,Pass,,1i-3 A Training,1i-3 A Training,9,Training02,TrainingA,34efq7,1,response,ZETH WAN,2650,7083.5,7100.099999999977,2650,7083.5,7100.099999999977,1,2650,4450.099999999977,0,,Single Text Entry,TextResponseA,4,object-97,1i-3,_,10,1i-3_10,3,Training02,19_BURYVOLDY,ASK,.png,19_BURYVOLDY_ASK.png,ZETH,WAN,19_BURYVOLDY_ZETH_WAN.png,,ZETH WAN,21_TEACHHOG_ASK.png,21_TEACHHOG_DOTS.png,ZETH WAN,RUSP WIM,ZETH WAN,RUSP WIM,21_TEACHHOG_RUSP_WIM.png,,RUSP WIM,,,,
34,1712396838149,06/04/2024 09:47:18,1712400438149,1,06/04/2024 11:47:18,139619,19,task-eihb,,36791185,BLIND,10848083,,complete,,66111739946b62cf2fd9167c,computer,Desktop or Laptop,Mac OS 10.15.7,Chrome 123.0.0.0,1440x900,1440x813,,,0,1i-3 A Training,4,,,1i-3,,,Pass,,1i-3 A Training,1i-3 A Training,9,Training02,TrainingB,2yfdu9,2,response,,4670.3000000238535,4666.900000000023,4670.3000000238535,4670.3000000238535,4666.900000000023,4670.3000000238535,1,4670.3000000238535,0,0,,Click Response,Option B,5,object-246,1i-3,_,10,1i-3_10,3,Training02,19_BURYVOLDY,ASK,.png,19_BURYVOLDY_ASK.png,ZETH,WAN,19_BURYVOLDY_ZETH_WAN.png,,ZETH WAN,21_TEACHHOG_ASK.png,21_TEACHHOG_DOTS.png,ZETH WAN,RUSP WIM,ZETH WAN,RUSP WIM,21_TEACHHOG_RUSP_WIM.png,,RUSP WIM,,,,
35,1712396839494,06/04/2024 09:47:19,1712400439494,1,06/04/2024 11:47:19,139619,19,task-eihb,,36791185,BLIND,10848083,,complete,,66111739946b62cf2fd9167c,computer,Desktop or Laptop,Mac OS 10.15.7,Chrome 123.0.0.0,1440x900,1440x813,,,0,1i-3 A Training,4,,,1i-3,,,Pass,,1i-3 A Training,1i-3 A Training,9,Training02,TrainingC,1ouhhw,3,continue,,1348.4999999880674,1333.1999999999825,1348.4999999880674,1348.4999999880674,1333.1999999999825,1348.4999999880674,1,1348.4999999880674,0,0,,Click To Continue,Continue Button,6,object-272,1i-3,_,10,1i-3_10,3,Training02,19_BURYVOLDY,ASK,.png,19_BURYVOLDY_ASK.png,ZETH,WAN,19_BURYVOLDY_ZETH_WAN.png,,ZETH WAN,21_TEACHHOG_ASK.png,21_TEACHHOG_DOTS.png,ZETH WAN,RUSP WIM,ZETH WAN,RUSP WIM,21_TEACHHOG_RUSP_WIM.png,,RUSP WIM,,,,
36,1712396846220,06/04/2024 09:47:26,1712400446220,1,06/04/2024 11:47:26,139619,19,task-eihb,,36791185,BLIND,10848083,,complete,,66111739946b62cf2fd9167c,computer,Desktop or Laptop,Mac OS 10.15.7,Chrome 123.0.0.0,1440x900,1440x813,,,0,1i-3 A Training,4,,,1i-3,,,Pass,,1i-3 A Training,1i-3 A Training,10,Training02,TrainingA,34efq7,1,response,WOUX WAN,3766.8000000000175,6733.3000000000175,6741.999999976164,3766.8000000000175,6733.3000000000175,6741.999999976164,1,3766.8000000000175,2975.1999999761465,0,,Single Text Entry,TextResponseA,4,object-97,1i-3,_,12,1i-3_12,3,Training02,14_MUNGOS,ASK,.png,14_MUNGOS_ASK.png,WOUX,WAN,14_MUNGOS_WOUX_WAN.png,,WOUX WAN,33_ROR_ASK.png,33_ROR_DOTS.png,FICH WUNG,WOUX WAN,WOUX WAN,FICH WUNG,33_ROR_FICH_WUNG.png,FICH WUNG,,,,,
37,1712396852006,06/04/2024 09:47:32,1712400452006,1,06/04/2024 11:47:32,139619,19,task-eihb,,36791185,BLIND,10848083,,complete,,66111739946b62cf2fd9167c,computer,Desktop or Laptop,Mac OS 10.15.7,Chrome 123.0.0.0,1440x900,1440x813,,,0,1i-3 A Training,4,,,1i-3,,,Pass,,1i-3 A Training,1i-3 A Training,10,Training02,TrainingB,2yfdu9,2,response,,5794.90000002383,5783.799999999988,5794.90000002383,5794.90000002383,5783.799999999988,5794.90000002383,1,5794.90000002383,0,0,,Click Response,Option A,4,object-245,1i-3,_,12,1i-3_12,3,Training02,14_MUNGOS,ASK,.png,14_MUNGOS_ASK.png,WOUX,WAN,14_MUNGOS_WOUX_WAN.png,,WOUX WAN,33_ROR_ASK.png,33_ROR_DOTS.png,FICH WUNG,WOUX WAN,WOUX WAN,FICH WUNG,33_ROR_FICH_WUNG.png,FICH WUNG,,,,,
38,1712396853154,06/04/2024 09:47:33,1712400453154,1,06/04/2024 11:47:33,139619,19,task-eihb,,36791185,BLIND,10848083,,complete,,66111739946b62cf2fd9167c,computer,Desktop or Laptop,Mac OS 10.15.7,Chrome 123.0.0.0,1440x900,1440x813,,,0,1i-3 A Training,4,,,1i-3,,,Pass,,1i-3 A Training,1i-3 A Training,10,Training02,TrainingC,1ouhhw,3,continue,,1158.8999999761581,1150,1158.8999999761581,1158.8999999761581,1150,1158.8999999761581,1,1158.8999999761581,0,0,,Click To Continue,Continue Button,6,object-272,1i-3,_,12,1i-3_12,3,Training02,14_MUNGOS,ASK,.png,14_MUNGOS_ASK.png,WOUX,WAN,14_MUNGOS_WOUX_WAN.png,,WOUX WAN,33_ROR_ASK.png,33_ROR_DOTS.png,FICH WUNG,WOUX WAN,WOUX WAN,FICH WUNG,33_ROR_FICH_WUNG.png,FICH WUNG,,,,,
39,1712396859580,06/04/2024 09:47:39,1712400459580,1,06/04/2024 11:47:39,139619,19,task-eihb,,36791185,BLIND,10848083,,complete,,66111739946b62cf2fd9167c,computer,Desktop or Laptop,Mac OS 10.15.7,Chrome 123.0.0.0,1440x900,1440x813,,,0,1i-3 A Training,4,,,1i-3,,,Pass,,1i-3 A Training,1i-3 A Training,11,Training02,TrainingA,34efq7,1,response,FICH WUNG,3966.7999999999884,6433.600000000006,6435.199999988079,3966.7999999999884,6433.600000000006,6435.199999988079,1,3966.7999999999884,2468.3999999880907,0,,Single Text Entry,TextResponseA,4,object-97,1i-3,_,09,1i-3_09,3,Training02,32_QWC,ASK,.png,32_QWC_ASK.png,FICH,WUNG,32_QWC_FICH_WUNG.png,,FICH WUNG,13_QUIBBLER_ASK.png,13_QUIBBLER_DOTS.png,FICH WUNG,WOUX WAN,FICH WUNG,WOUX WAN,13_QUIBBLER_WOUX_WAN.png,,WOUX WAN,,,,
40,1712396862501,06/04/2024 09:47:42,1712400462501,1,06/04/2024 11:47:42,139619,19,task-eihb,,36791185,BLIND,10848083,,complete,,66111739946b62cf2fd9167c,computer,Desktop or Laptop,Mac OS 10.15.7,Chrome 123.0.0.0,1440x900,1440x813,,,0,1i-3 A Training,4,,,1i-3,,,Pass,,1i-3 A Training,1i-3 A Training,11,Training02,TrainingB,2yfdu9,2,response,,2923.000000023836,2916.6999999999825,2923.000000023836,2923.000000023836,2916.6999999999825,2923.000000023836,1,2923.000000023836,0,0,,Click Response,Option B,5,object-246,1i-3,_,09,1i-3_09,3,Training02,32_QWC,ASK,.png,32_QWC_ASK.png,FICH,WUNG,32_QWC_FICH_WUNG.png,,FICH WUNG,13_QUIBBLER_ASK.png,13_QUIBBLER_DOTS.png,FICH WUNG,WOUX WAN,FICH WUNG,WOUX WAN,13_QUIBBLER_WOUX_WAN.png,,WOUX WAN,,,,
41,1712396863728,06/04/2024 09:47:43,1712400463728,1,06/04/2024 11:47:43,139619,19,task-eihb,,36791185,BLIND,10848083,,complete,,66111739946b62cf2fd9167c,computer,Desktop or Laptop,Mac OS 10.15.7,Chrome 123.0.0.0,1440x900,1440x813,,,0,1i-3 A Training,4,,,1i-3,,,Pass,,1i-3 A Training,1i-3 A Training,11,Training02,TrainingC,1ouhhw,3,continue,,1232.7000000000407,1216.4000000000233,1232.7000000000407,1232.7000000000407,1216.4000000000233,1232.7000000000407,1,1232.7000000000407,0,0,,Click To Continue,Continue Button,6,object-272,1i-3,_,09,1i-3_09,3,Training02,32_QWC,ASK,.png,32_QWC_ASK.png,FICH,WUNG,32_QWC_FICH_WUNG.png,,FICH WUNG,13_QUIBBLER_ASK.png,13_QUIBBLER_DOTS.png,FICH WUNG,WOUX WAN,FICH WUNG,WOUX WAN,13_QUIBBLER_WOUX_WAN.png,,WOUX WAN,,,,
42,1712396870933,06/04/2024 09:47:50,1712400470933,1,06/04/2024 11:47:50,139619,19,task-eihb,,36791185,BLIND,10848083,,complete,,66111739946b62cf2fd9167c,computer,Desktop or Laptop,Mac OS 10.15.7,Chrome 123.0.0.0,1440x900,1440x813,,,0,1i-3 A Training,4,,,1i-3,,,Pass,,1i-3 A Training,1i-3 A Training,12,Training02,TrainingA,34efq7,1,response,RUSP WIM,2517,7217.099999999977,7221.299999999988,2517,7217.099999999977,7221.299999999988,1,2517,4704.299999999988,0,,Single Text Entry,TextResponseA,4,object-97,1i-3,_,11,1i-3_11,3,Training02,27_BESTSELLER,ASK,.png,27_BESTSELLER_ASK.png,RUSP,WIM,27_BESTSELLER_RUSP_WIM.png,,RUSP WIM,25_PROSECUTE_ASK.png,25_PROSECUTE_DOTS.png,ZETH WAN,RUSP WIM,RUSP WIM,ZETH WAN,25_PROSECUTE_ZETH_WAN.png,ZETH WAN,,,,,
43,1712396876220,06/04/2024 09:47:56,1712400476220,1,06/04/2024 11:47:56,139619,19,task-eihb,,36791185,BLIND,10848083,,complete,,66111739946b62cf2fd9167c,computer,Desktop or Laptop,Mac OS 10.15.7,Chrome 123.0.0.0,1440x900,1440x813,,,0,1i-3 A Training,4,,,1i-3,,,Pass,,1i-3 A Training,1i-3 A Training,12,Training02,TrainingB,2yfdu9,2,response,,5292.200000000012,5282.8000000000175,5292.200000000012,5292.200000000012,5282.8000000000175,5292.200000000012,1,5292.200000000012,0,0,,Click Response,Option A,4,object-245,1i-3,_,11,1i-3_11,3,Training02,27_BESTSELLER,ASK,.png,27_BESTSELLER_ASK.png,RUSP,WIM,27_BESTSELLER_RUSP_WIM.png,,RUSP WIM,25_PROSECUTE_ASK.png,25_PROSECUTE_DOTS.png,ZETH WAN,RUSP WIM,RUSP WIM,ZETH WAN,25_PROSECUTE_ZETH_WAN.png,ZETH WAN,,,,,
44,1712396877367,06/04/2024 09:47:57,1712400477367,1,06/04/2024 11:47:57,139619,19,task-eihb,,36791185,BLIND,10848083,,complete,,66111739946b62cf2fd9167c,computer,Desktop or Laptop,Mac OS 10.15.7,Chrome 123.0.0.0,1440x900,1440x813,,,0,1i-3 A Training,4,,,1i-3,,,Pass,,1i-3 A Training,1i-3 A Training,12,Training02,TrainingC,1ouhhw,3,continue,,1155.7999999761523,1150.6999999999825,1155.7999999761523,1155.7999999761523,1150.6999999999825,1155.7999999761523,1,1155.7999999761523,0,0,,Click To Continue,Continue Button,6,object-272,1i-3,_,11,1i-3_11,3,Training02,27_BESTSELLER,ASK,.png,27_BESTSELLER_ASK.png,RUSP,WIM,27_BESTSELLER_RUSP_WIM.png,,RUSP WIM,25_PROSECUTE_ASK.png,25_PROSECUTE_DOTS.png,ZETH WAN,RUSP WIM,RUSP WIM,ZETH WAN,25_PROSECUTE_ZETH_WAN.png,ZETH WAN,,,,,
45,1712396881484,06/04/2024 09:48:01,1712400481484,1,06/04/2024 11:48:01,139619,19,task-eihb,,36791185,BLIND,10848083,,complete,,66111739946b62cf2fd9167c,computer,Desktop or Laptop,Mac OS 10.15.7,Chrome 123.0.0.0,1440x900,1440x813,,,0,1i-3 A Training,4,,,1i-3,,,Pass,,1i-3 A Training,1i-3 A Training,13,Training02,TrainingA,34efq7,1,response,RUSP WIM,2133.4000000000233,4116.799999999988,4122.200000000012,2133.4000000000233,4116.799999999988,4122.200000000012,1,2133.4000000000233,1988.7999999999884,0,,Single Text Entry,TextResponseA,4,object-97,1i-3,_,15,1i-3_15,4,Training02,06_MOM,ASK,.png,06_MOM_ASK.png,RUSP,WIM,06_MOM_RUSP_WIM.png,,RUSP WIM,26_ERISED_ASK.png,26_ERISED_DOTS.png,RUSP WIM,FICH WUNG,RUSP WIM,FICH WUNG,26_ERISED_FICH_WUNG.png,,FICH WUNG,,,,
46,1712396885434,06/04/2024 09:48:05,1712400485434,1,06/04/2024 11:48:05,139619,19,task-eihb,,36791185,BLIND,10848083,,complete,,66111739946b62cf2fd9167c,computer,Desktop or Laptop,Mac OS 10.15.7,Chrome 123.0.0.0,1440x900,1440x813,,,0,1i-3 A Training,4,,,1i-3,,,Pass,,1i-3 A Training,1i-3 A Training,13,Training02,TrainingB,2yfdu9,2,response,,3955.7999999761814,3950.2000000000116,3955.7999999761814,3955.7999999761814,3950.2000000000116,3955.7999999761814,1,3955.7999999761814,0,0,,Click Response,Option B,5,object-246,1i-3,_,15,1i-3_15,4,Training02,06_MOM,ASK,.png,06_MOM_ASK.png,RUSP,WIM,06_MOM_RUSP_WIM.png,,RUSP WIM,26_ERISED_ASK.png,26_ERISED_DOTS.png,RUSP WIM,FICH WUNG,RUSP WIM,FICH WUNG,26_ERISED_FICH_WUNG.png,,FICH WUNG,,,,
47,1712396886641,06/04/2024 09:48:06,1712400486641,1,06/04/2024 11:48:06,139619,19,task-eihb,,36791185,BLIND,10848083,,complete,,66111739946b62cf2fd9167c,computer,Desktop or Laptop,Mac OS 10.15.7,Chrome 123.0.0.0,1440x900,1440x813,,,0,1i-3 A Training,4,,,1i-3,,,Pass,,1i-3 A Training,1i-3 A Training,13,Training02,TrainingC,1ouhhw,3,continue,,1212.5000000119326,1199.600000000035,1212.5000000119326,1212.5000000119326,1199.600000000035,1212.5000000119326,1,1212.5000000119326,0,0,,Click To Continue,Continue Button,6,object-272,1i-3,_,15,1i-3_15,4,Training02,06_MOM,ASK,.png,06_MOM_ASK.png,RUSP,WIM,06_MOM_RUSP_WIM.png,,RUSP WIM,26_ERISED_ASK.png,26_ERISED_DOTS.png,RUSP WIM,FICH WUNG,RUSP WIM,FICH WUNG,26_ERISED_FICH_WUNG.png,,FICH WUNG,,,,
48,1712396893149,06/04/2024 09:48:13,1712400493149,1,06/04/2024 11:48:13,139619,19,task-eihb,,36791185,BLIND,10848083,,complete,,66111739946b62cf2fd9167c,computer,Desktop or Laptop,Mac OS 10.15.7,Chrome 123.0.0.0,1440x900,1440x813,,,0,1i-3 A Training,4,,,1i-3,,,Pass,,1i-3 A Training,1i-3 A Training,14,Training02,TrainingA,34efq7,1,response,ZETH WAN,4117.099999999977,6517.199999999953,6521.099999999977,4117.099999999977,6517.199999999953,6521.099999999977,1,4117.099999999977,2404,0,,Single Text Entry,TextResponseA,4,object-97,1i-3,_,14,1i-3_14,4,Training02,33_ROR,ASK,.png,33_ROR_ASK.png,ZETH,WAN,33_ROR_ZETH_WAN.png,,ZETH WAN,19_BURYVOLDY_ASK.png,19_BURYVOLDY_DOTS.png,ZETH WAN,WOUX WAN,ZETH WAN,WOUX WAN,19_BURYVOLDY_WOUX_WAN.png,,WOUX WAN,,,,
49,1712396898592,06/04/2024 09:48:18,1712400498592,1,06/04/2024 11:48:18,139619,19,task-eihb,,36791185,BLIND,10848083,,complete,,66111739946b62cf2fd9167c,computer,Desktop or Laptop,Mac OS 10.15.7,Chrome 123.0.0.0,1440x900,1440x813,,,0,1i-3 A Training,4,,,1i-3,,,Pass,,1i-3 A Training,1i-3 A Training,14,Training02,TrainingB,2yfdu9,2,response,,5447.099999988102,5433.5,5447.099999988102,5447.099999988102,5433.5,5447.099999988102,1,5447.099999988102,0,0,,Click Response,Option B,5,object-246,1i-3,_,14,1i-3_14,4,Training02,33_ROR,ASK,.png,33_ROR_ASK.png,ZETH,WAN,33_ROR_ZETH_WAN.png,,ZETH WAN,19_BURYVOLDY_ASK.png,19_BURYVOLDY_DOTS.png,ZETH WAN,WOUX WAN,ZETH WAN,WOUX WAN,19_BURYVOLDY_WOUX_WAN.png,,WOUX WAN,,,,
50,1712396899562,06/04/2024 09:48:19,1712400499562,1,06/04/2024 11:48:19,139619,19,task-eihb,,36791185,BLIND,10848083,,complete,,66111739946b62cf2fd9167c,computer,Desktop or Laptop,Mac OS 10.15.7,Chrome 123.0.0.0,1440x900,1440x813,,,0,1i-3 A Training,4,,,1i-3,,,Pass,,1i-3 A Training,1i-3 A Training,14,Training02,TrainingC,1ouhhw,3,continue,,983.2000000000698,966.6000000000349,983.2000000000698,983.2000000000698,966.6000000000349,983.2000000000698,1,983.2000000000698,0,0,,Click To Continue,Continue Button,6,object-272,1i-3,_,14,1i-3_14,4,Training02,33_ROR,ASK,.png,33_ROR_ASK.png,ZETH,WAN,33_ROR_ZETH_WAN.png,,ZETH WAN,19_BURYVOLDY_ASK.png,19_BURYVOLDY_DOTS.png,ZETH WAN,WOUX WAN,ZETH WAN,WOUX WAN,19_BURYVOLDY_WOUX_WAN.png,,WOUX WAN,,,,
51,1712396903946,06/04/2024 09:48:23,1712400503946,1,06/04/2024 11:48:23,139619,19,task-eihb,,36791185,BLIND,10848083,,complete,,66111739946b62cf2fd9167c,computer,Desktop or Laptop,Mac OS 10.15.7,Chrome 123.0.0.0,1440x900,1440x813,,,0,1i-3 A Training,4,,,1i-3,,,Pass,,1i-3 A Training,1i-3 A Training,15,Training02,TrainingA,34efq7,1,response,WOUX WAN,2700.2000000000116,4383.5,4400.100000000035,2700.2000000000116,4383.5,4400.100000000035,1,2700.2000000000116,1699.9000000000233,0,,Single Text Entry,TextResponseA,4,object-97,1i-3,_,16,1i-3_16,4,Training02,42_ENGLAND,ASK,.png,42_ENGLAND_ASK.png,WOUX,WAN,42_ENGLAND_WOUX_WAN.png,,WOUX WAN,41_PIXIE_ASK.png,41_PIXIE_DOTS.png,RUSP WIM,WOUX WAN,WOUX WAN,RUSP WIM,41_PIXIE_RUSP_WIM.png,RUSP WIM,,,,,
52,1712396907656,06/04/2024 09:48:27,1712400507656,1,06/04/2024 11:48:27,139619,19,task-eihb,,36791185,BLIND,10848083,,complete,,66111739946b62cf2fd9167c,computer,Desktop or Laptop,Mac OS 10.15.7,Chrome 123.0.0.0,1440x900,1440x813,,,0,1i-3 A Training,4,,,1i-3,,,Pass,,1i-3 A Training,1i-3 A Training,15,Training02,TrainingB,2yfdu9,2,response,,3727.90000002383,3716.7999999999884,3727.90000002383,3727.90000002383,3716.7999999999884,3727.90000002383,1,3727.90000002383,0,0,,Click Response,Option A,4,object-245,1i-3,_,16,1i-3_16,4,Training02,42_ENGLAND,ASK,.png,42_ENGLAND_ASK.png,WOUX,WAN,42_ENGLAND_WOUX_WAN.png,,WOUX WAN,41_PIXIE_ASK.png,41_PIXIE_DOTS.png,RUSP WIM,WOUX WAN,WOUX WAN,RUSP WIM,41_PIXIE_RUSP_WIM.png,RUSP WIM,,,,,
53,1712396908785,06/04/2024 09:48:28,1712400508785,1,06/04/2024 11:48:28,139619,19,task-eihb,,36791185,BLIND,10848083,,complete,,66111739946b62cf2fd9167c,computer,Desktop or Laptop,Mac OS 10.15.7,Chrome 123.0.0.0,1440x900,1440x813,,,0,1i-3 A Training,4,,,1i-3,,,Pass,,1i-3 A Training,1i-3 A Training,15,Training02,TrainingC,1ouhhw,3,continue,,1140.5,1133.2999999999884,1140.5,1140.5,1133.2999999999884,1140.5,1,1140.5,0,0,,Click To Continue,Continue Button,6,object-272,1i-3,_,16,1i-3_16,4,Training02,42_ENGLAND,ASK,.png,42_ENGLAND_ASK.png,WOUX,WAN,42_ENGLAND_WOUX_WAN.png,,WOUX WAN,41_PIXIE_ASK.png,41_PIXIE_DOTS.png,RUSP WIM,WOUX WAN,WOUX WAN,RUSP WIM,41_PIXIE_RUSP_WIM.png,RUSP WIM,,,,,
54,1712396913934,06/04/2024 09:48:33,1712400513934,1,06/04/2024 11:48:33,139619,19,task-eihb,,36791185,BLIND,10848083,,complete,,66111739946b62cf2fd9167c,computer,Desktop or Laptop,Mac OS 10.15.7,Chrome 123.0.0.0,1440x900,1440x813,,,0,1i-3 A Training,4,,,1i-3,,,Pass,,1i-3 A Training,1i-3 A Training,16,Training02,TrainingA,34efq7,1,response,FICH WUNG,2716.7999999999884,5149.600000000035,5156.200000000012,2716.7999999999884,5149.600000000035,5156.200000000012,1,2716.7999999999884,2439.4000000000233,0,,Single Text Entry,TextResponseA,4,object-97,1i-3,_,13,1i-3_13,4,Training02,11_RONWAND,ASK,.png,11_RONWAND_ASK.png,FICH,WUNG,11_RONWAND_FICH_WUNG.png,,FICH WUNG,06_MOM_ASK.png,06_MOM_DOTS.png,ZETH WAN,FICH WUNG,FICH WUNG,ZETH WAN,06_MOM_ZETH_WAN.png,ZETH WAN,,,,,
55,1712396919461,06/04/2024 09:48:39,1712400519461,1,06/04/2024 11:48:39,139619,19,task-eihb,,36791185,BLIND,10848083,,complete,,66111739946b62cf2fd9167c,computer,Desktop or Laptop,Mac OS 10.15.7,Chrome 123.0.0.0,1440x900,1440x813,,,0,1i-3 A Training,4,,,1i-3,,,Pass,,1i-3 A Training,1i-3 A Training,16,Training02,TrainingB,2yfdu9,2,response,,5533.900000000023,5517.299999999988,5533.900000000023,5533.900000000023,5517.299999999988,5533.900000000023,1,5533.900000000023,0,0,,Click Response,Option B,5,object-246,1i-3,_,13,1i-3_13,4,Training02,11_RONWAND,ASK,.png,11_RONWAND_ASK.png,FICH,WUNG,11_RONWAND_FICH_WUNG.png,,FICH WUNG,06_MOM_ASK.png,06_MOM_DOTS.png,ZETH WAN,FICH WUNG,FICH WUNG,ZETH WAN,06_MOM_ZETH_WAN.png,ZETH WAN,,,,,
56,1712396920536,06/04/2024 09:48:40,1712400520536,1,06/04/2024 11:48:40,139619,19,task-eihb,,36791185,BLIND,10848083,,complete,,66111739946b62cf2fd9167c,computer,Desktop or Laptop,Mac OS 10.15.7,Chrome 123.0.0.0,1440x900,1440x813,,,0,1i-3 A Training,4,,,1i-3,,,Pass,,1i-3 A Training,1i-3 A Training,16,Training02,TrainingC,1ouhhw,3,continue,,1091.2999999999884,1083.399999999965,1091.2999999999884,1091.2999999999884,1083.399999999965,1091.2999999999884,1,1091.2999999999884,0,0,,Click To Continue,Continue Button,6,object-272,1i-3,_,13,1i-3_13,4,Training02,11_RONWAND,ASK,.png,11_RONWAND_ASK.png,FICH,WUNG,11_RONWAND_FICH_WUNG.png,,FICH WUNG,06_MOM_ASK.png,06_MOM_DOTS.png,ZETH WAN,FICH WUNG,FICH WUNG,ZETH WAN,06_MOM_ZETH_WAN.png,ZETH WAN,,,,,
57,1712396925325,06/04/2024 09:48:45,1712400525325,1,06/04/2024 11:48:45,139619,19,task-eihb,,36791185,BLIND,10848083,,complete,,66111739946b62cf2fd9167c,computer,Desktop or Laptop,Mac OS 10.15.7,Chrome 123.0.0.0,1440x900,1440x813,,,0,1i-3 A Training,4,,,1i-3,,,Pass,,1i-3 A Training,1i-3 A Training,17,Training02,TrainingA,34efq7,1,response,ZETH WAN,2166.7000000000116,4783.5,4797.200000011944,2166.7000000000116,4783.5,4797.200000011944,1,2166.7000000000116,2630.5000000119326,0,,Single Text Entry,TextResponseA,4,object-97,1i-3,_,18,1i-3_18,5,Training02,05_AUROR,ASK,.png,05_AUROR_ASK.png,ZETH,WAN,05_AUROR_ZETH_WAN.png,,ZETH WAN,11_RONWAND_ASK.png,11_RONWAND_DOTS.png,ZETH WAN,FICH WUNG,ZETH WAN,FICH WUNG,11_RONWAND_FICH_WUNG.png,,FICH WUNG,,,,
58,1712396927382,06/04/2024 09:48:47,1712400527382,1,06/04/2024 11:48:47,139619,19,task-eihb,,36791185,BLIND,10848083,,complete,,66111739946b62cf2fd9167c,computer,Desktop or Laptop,Mac OS 10.15.7,Chrome 123.0.0.0,1440x900,1440x813,,,0,1i-3 A Training,4,,,1i-3,,,Pass,,1i-3 A Training,1i-3 A Training,17,Training02,TrainingB,2yfdu9,2,response,,2070.2999999761814,2066.7000000000116,2070.2999999761814,2070.2999999761814,2066.7000000000116,2070.2999999761814,1,2070.2999999761814,0,0,,Click Response,Option B,5,object-246,1i-3,_,18,1i-3_18,5,Training02,05_AUROR,ASK,.png,05_AUROR_ASK.png,ZETH,WAN,05_AUROR_ZETH_WAN.png,,ZETH WAN,11_RONWAND_ASK.png,11_RONWAND_DOTS.png,ZETH WAN,FICH WUNG,ZETH WAN,FICH WUNG,11_RONWAND_FICH_WUNG.png,,FICH WUNG,,,,
59,1712396928345,06/04/2024 09:48:48,1712400528345,1,06/04/2024 11:48:48,139619,19,task-eihb,,36791185,BLIND,10848083,,complete,,66111739946b62cf2fd9167c,computer,Desktop or Laptop,Mac OS 10.15.7,Chrome 123.0.0.0,1440x900,1440x813,,,0,1i-3 A Training,4,,,1i-3,,,Pass,,1i-3 A Training,1i-3 A Training,17,Training02,TrainingC,1ouhhw,3,continue,,965.5000000000582,949.4000000000233,965.5000000000582,965.5000000000582,949.4000000000233,965.5000000000582,1,965.5000000000582,0,0,,Click To Continue,Continue Button,6,object-272,1i-3,_,18,1i-3_18,5,Training02,05_AUROR,ASK,.png,05_AUROR_ASK.png,ZETH,WAN,05_AUROR_ZETH_WAN.png,,ZETH WAN,11_RONWAND_ASK.png,11_RONWAND_DOTS.png,ZETH WAN,FICH WUNG,ZETH WAN,FICH WUNG,11_RONWAND_FICH_WUNG.png,,FICH WUNG,,,,
60,1712396932955,06/04/2024 09:48:52,1712400532955,1,06/04/2024 11:48:52,139619,19,task-eihb,,36791185,BLIND,10848083,,complete,,66111739946b62cf2fd9167c,computer,Desktop or Laptop,Mac OS 10.15.7,Chrome 123.0.0.0,1440x900,1440x813,,,0,1i-3 A Training,4,,,1i-3,,,Pass,,1i-3 A Training,1i-3 A Training,18,Training02,TrainingA,34efq7,1,response,FICH WUNG,2100.7000000000116,4616.399999999965,4627.600000011909,2100.7000000000116,4616.399999999965,4627.600000011909,1,2100.7000000000116,2526.9000000118976,0,,Single Text Entry,TextResponseA,4,object-97,1i-3,_,17,1i-3_17,5,Training02,25_PROSECUTE,ASK,.png,25_PROSECUTE_ASK.png,FICH,WUNG,25_PROSECUTE_FICH_WUNG.png,,FICH WUNG,04_WHEEZES_ASK.png,04_WHEEZES_DOTS.png,RUSP WIM,FICH WUNG,FICH WUNG,RUSP WIM,04_WHEEZES_RUSP_WIM.png,RUSP WIM,,,,,
61,1712396935851,06/04/2024 09:48:55,1712400535851,1,06/04/2024 11:48:55,139619,19,task-eihb,,36791185,BLIND,10848083,,complete,,66111739946b62cf2fd9167c,computer,Desktop or Laptop,Mac OS 10.15.7,Chrome 123.0.0.0,1440x900,1440x813,,,0,1i-3 A Training,4,,,1i-3,,,Pass,,1i-3 A Training,1i-3 A Training,18,Training02,TrainingB,2yfdu9,2,response,,2907.700000011944,2901,2907.700000011944,2907.700000011944,2901,2907.700000011944,1,2907.700000011944,0,0,,Click Response,Option A,4,object-245,1i-3,_,17,1i-3_17,5,Training02,25_PROSECUTE,ASK,.png,25_PROSECUTE_ASK.png,FICH,WUNG,25_PROSECUTE_FICH_WUNG.png,,FICH WUNG,04_WHEEZES_ASK.png,04_WHEEZES_DOTS.png,RUSP WIM,FICH WUNG,FICH WUNG,RUSP WIM,04_WHEEZES_RUSP_WIM.png,RUSP WIM,,,,,
62,1712396937684,06/04/2024 09:48:57,1712400537684,1,06/04/2024 11:48:57,139619,19,task-eihb,,36791185,BLIND,10848083,,complete,,66111739946b62cf2fd9167c,computer,Desktop or Laptop,Mac OS 10.15.7,Chrome 123.0.0.0,1440x900,1440x813,,,0,1i-3 A Training,4,,,1i-3,,,Pass,,1i-3 A Training,1i-3 A Training,18,Training02,TrainingC,1ouhhw,3,continue,,1839.7000000119442,1833.5,1839.7000000119442,1839.7000000119442,1833.5,1839.7000000119442,1,1839.7000000119442,0,0,,Click To Continue,Continue Button,6,object-272,1i-3,_,17,1i-3_17,5,Training02,25_PROSECUTE,ASK,.png,25_PROSECUTE_ASK.png,FICH,WUNG,25_PROSECUTE_FICH_WUNG.png,,FICH WUNG,04_WHEEZES_ASK.png,04_WHEEZES_DOTS.png,RUSP WIM,FICH WUNG,FICH WUNG,RUSP WIM,04_WHEEZES_RUSP_WIM.png,RUSP WIM,,,,,
63,1712396943669,06/04/2024 09:49:03,1712400543669,1,06/04/2024 11:49:03,139619,19,task-eihb,,36791185,BLIND,10848083,,complete,,66111739946b62cf2fd9167c,computer,Desktop or Laptop,Mac OS 10.15.7,Chrome 123.0.0.0,1440x900,1440x813,,,0,1i-3 A Training,4,,,1i-3,,,Pass,,1i-3 A Training,1i-3 A Training,19,Training02,TrainingA,34efq7,1,response,WOUX WAN,3300,5983.400000000023,5990.700000011944,3300,5983.400000000023,5990.700000011944,1,3300,2690.700000011944,0,,Single Text Entry,TextResponseA,4,object-97,1i-3,_,20,1i-3_20,5,Training02,21_TEACHHOG,ASK,.png,21_TEACHHOG_ASK.png,WOUX,WAN,21_TEACHHOG_WOUX_WAN.png,,WOUX WAN,42_ENGLAND_ASK.png,42_ENGLAND_DOTS.png,WOUX WAN,ZETH WAN,WOUX WAN,ZETH WAN,42_ENGLAND_ZETH_WAN.png,,ZETH WAN,,,,
64,1712396947811,06/04/2024 09:49:07,1712400547811,1,06/04/2024 11:49:07,139619,19,task-eihb,,36791185,BLIND,10848083,,complete,,66111739946b62cf2fd9167c,computer,Desktop or Laptop,Mac OS 10.15.7,Chrome 123.0.0.0,1440x900,1440x813,,,0,1i-3 A Training,4,,,1i-3,,,Pass,,1i-3 A Training,1i-3 A Training,19,Training02,TrainingB,2yfdu9,2,response,,4149.899999976158,4133.599999999977,4149.899999976158,4149.899999976158,4133.599999999977,4149.899999976158,1,4149.899999976158,0,0,,Click Response,Option B,5,object-246,1i-3,_,20,1i-3_20,5,Training02,21_TEACHHOG,ASK,.png,21_TEACHHOG_ASK.png,WOUX,WAN,21_TEACHHOG_WOUX_WAN.png,,WOUX WAN,42_ENGLAND_ASK.png,42_ENGLAND_DOTS.png,WOUX WAN,ZETH WAN,WOUX WAN,ZETH WAN,42_ENGLAND_ZETH_WAN.png,,ZETH WAN,,,,
65,1712396948895,06/04/2024 09:49:08,1712400548895,1,06/04/2024 11:49:08,139619,19,task-eihb,,36791185,BLIND,10848083,,complete,,66111739946b62cf2fd9167c,computer,Desktop or Laptop,Mac OS 10.15.7,Chrome 123.0.0.0,1440x900,1440x813,,,0,1i-3 A Training,4,,,1i-3,,,Pass,,1i-3 A Training,1i-3 A Training,19,Training02,TrainingC,1ouhhw,3,continue,,1099.9000000000233,1083.2000000000116,1099.9000000000233,1099.9000000000233,1083.2000000000116,1099.9000000000233,1,1099.9000000000233,0,0,,Click To Continue,Continue Button,6,object-272,1i-3,_,20,1i-3_20,5,Training02,21_TEACHHOG,ASK,.png,21_TEACHHOG_ASK.png,WOUX,WAN,21_TEACHHOG_WOUX_WAN.png,,WOUX WAN,42_ENGLAND_ASK.png,42_ENGLAND_DOTS.png,WOUX WAN,ZETH WAN,WOUX WAN,ZETH WAN,42_ENGLAND_ZETH_WAN.png,,ZETH WAN,,,,
66,1712396954104,06/04/2024 09:49:14,1712400554104,1,06/04/2024 11:49:14,139619,19,task-eihb,,36791185,BLIND,10848083,,complete,,66111739946b62cf2fd9167c,computer,Desktop or Laptop,Mac OS 10.15.7,Chrome 123.0.0.0,1440x900,1440x813,,,0,1i-3 A Training,4,,,1i-3,,,Pass,,1i-3 A Training,1i-3 A Training,20,Training02,TrainingA,34efq7,1,response,RUSP WIM,2350.100000000035,5216.799999999988,5226.899999988091,2350.100000000035,5216.799999999988,5226.899999988091,1,2350.100000000035,2876.799999988056,0,,Single Text Entry,TextResponseA,4,object-97,1i-3,_,19,1i-3_19,5,Training02,41_PIXIE,ASK,.png,41_PIXIE_ASK.png,RUSP,WIM,41_PIXIE_RUSP_WIM.png,,RUSP WIM,35_PROPHET_ASK.png,35_PROPHET_DOTS.png,WOUX WAN,RUSP WIM,RUSP WIM,WOUX WAN,35_PROPHET_WOUX_WAN.png,WOUX WAN,,,,,
67,1712396958341,06/04/2024 09:49:18,1712400558341,1,06/04/2024 11:49:18,139619,19,task-eihb,,36791185,BLIND,10848083,,complete,,66111739946b62cf2fd9167c,computer,Desktop or Laptop,Mac OS 10.15.7,Chrome 123.0.0.0,1440x900,1440x813,,,0,1i-3 A Training,4,,,1i-3,,,Pass,,1i-3 A Training,1i-3 A Training,20,Training02,TrainingB,2yfdu9,2,response,,4246.299999976181,4233.5,4246.299999976181,4246.299999976181,4233.5,4246.299999976181,1,4246.299999976181,0,0,,Click Response,Option A,4,object-245,1i-3,_,19,1i-3_19,5,Training02,41_PIXIE,ASK,.png,41_PIXIE_ASK.png,RUSP,WIM,41_PIXIE_RUSP_WIM.png,,RUSP WIM,35_PROPHET_ASK.png,35_PROPHET_DOTS.png,WOUX WAN,RUSP WIM,RUSP WIM,WOUX WAN,35_PROPHET_WOUX_WAN.png,WOUX WAN,,,,,
68,1712396959190,06/04/2024 09:49:19,1712400559190,1,06/04/2024 11:49:19,139619,19,task-eihb,,36791185,BLIND,10848083,,complete,,66111739946b62cf2fd9167c,computer,Desktop or Laptop,Mac OS 10.15.7,Chrome 123.0.0.0,1440x900,1440x813,,,0,1i-3 A Training,4,,,1i-3,,,Pass,,1i-3 A Training,1i-3 A Training,20,Training02,TrainingC,1ouhhw,3,continue,,862.2999999761814,850,862.2999999761814,862.2999999761814,850,862.2999999761814,1,862.2999999761814,0,0,,Click To Continue,Continue Button,6,object-272,1i-3,_,19,1i-3_19,5,Training02,41_PIXIE,ASK,.png,41_PIXIE_ASK.png,RUSP,WIM,41_PIXIE_RUSP_WIM.png,,RUSP WIM,35_PROPHET_ASK.png,35_PROPHET_DOTS.png,WOUX WAN,RUSP WIM,RUSP WIM,WOUX WAN,35_PROPHET_WOUX_WAN.png,WOUX WAN,,,,,
69,1712396966864,06/04/2024 09:49:26,1712400566864,1,06/04/2024 11:49:26,139619,19,task-eihb,,36791185,BLIND,10848083,,complete,,66111739946b62cf2fd9167c,computer,Desktop or Laptop,Mac OS 10.15.7,Chrome 123.0.0.0,1440x900,1440x813,,,0,1i-3 A Training,4,,,1i-3,,,Pass,,1i-3 A Training,1i-3 A Training,21,Training02,TrainingA,34efq7,1,response,FICH WUNG,5000.200000000012,7683.5,7686.000000023865,5000.200000000012,7683.5,7686.000000023865,1,5000.200000000012,2685.8000000238535,0,,Single Text Entry,TextResponseA,4,object-97,1i-3,_,21,1i-3_21,6,Training02,39_STOPHAGRID,ASK,.png,39_STOPHAGRID_ASK.png,FICH,WUNG,39_STOPHAGRID_FICH_WUNG.png,,FICH WUNG,14_MUNGOS_ASK.png,14_MUNGOS_DOTS.png,WOUX WAN,FICH WUNG,FICH WUNG,WOUX WAN,14_MUNGOS_WOUX_WAN.png,WOUX WAN,,,,,
70,1712396968985,06/04/2024 09:49:28,1712400568985,1,06/04/2024 11:49:28,139619,19,task-eihb,,36791185,BLIND,10848083,,complete,,66111739946b62cf2fd9167c,computer,Desktop or Laptop,Mac OS 10.15.7,Chrome 123.0.0.0,1440x900,1440x813,,,0,1i-3 A Training,4,,,1i-3,,,Pass,,1i-3 A Training,1i-3 A Training,21,Training02,TrainingB,2yfdu9,2,response,,2124.500000023865,2116.8000000000466,2124.500000023865,2124.500000023865,2116.8000000000466,2124.500000023865,1,2124.500000023865,0,0,,Click Response,Option A,4,object-245,1i-3,_,21,1i-3_21,6,Training02,39_STOPHAGRID,ASK,.png,39_STOPHAGRID_ASK.png,FICH,WUNG,39_STOPHAGRID_FICH_WUNG.png,,FICH WUNG,14_MUNGOS_ASK.png,14_MUNGOS_DOTS.png,WOUX WAN,FICH WUNG,FICH WUNG,WOUX WAN,14_MUNGOS_WOUX_WAN.png,WOUX WAN,,,,,
71,1712396970128,06/04/2024 09:49:30,1712400570128,1,06/04/2024 11:49:30,139619,19,task-eihb,,36791185,BLIND,10848083,,complete,,66111739946b62cf2fd9167c,computer,Desktop or Laptop,Mac OS 10.15.7,Chrome 123.0.0.0,1440x900,1440x813,,,0,1i-3 A Training,4,,,1i-3,,,Pass,,1i-3 A Training,1i-3 A Training,21,Training02,TrainingC,1ouhhw,3,continue,,1150,1133.2999999999884,1150,1150,1133.2999999999884,1150,1,1150,0,0,,Click To Continue,Continue Button,6,object-272,1i-3,_,21,1i-3_21,6,Training02,39_STOPHAGRID,ASK,.png,39_STOPHAGRID_ASK.png,FICH,WUNG,39_STOPHAGRID_FICH_WUNG.png,,FICH WUNG,14_MUNGOS_ASK.png,14_MUNGOS_DOTS.png,WOUX WAN,FICH WUNG,FICH WUNG,WOUX WAN,14_MUNGOS_WOUX_WAN.png,WOUX WAN,,,,,
72,1712396974228,06/04/2024 09:49:34,1712400574228,1,06/04/2024 11:49:34,139619,19,task-eihb,,36791185,BLIND,10848083,,complete,,66111739946b62cf2fd9167c,computer,Desktop or Laptop,Mac OS 10.15.7,Chrome 123.0.0.0,1440x900,1440x813,,,0,1i-3 A Training,4,,,1i-3,,,Pass,,1i-3 A Training,1i-3 A Training,22,Training02,TrainingA,34efq7,1,response,RUSP WIM,1799.899999999965,4100,4116.600000011909,1799.899999999965,4100,4116.600000011909,1,1799.899999999965,2316.700000011944,0,,Single Text Entry,TextResponseA,4,object-97,1i-3,_,23,1i-3_23,6,Training02,20_PULLSWORD,ASK,.png,20_PULLSWORD_ASK.png,RUSP,WIM,20_PULLSWORD_RUSP_WIM.png,,RUSP WIM,28_GALLEONS_ASK.png,28_GALLEONS_DOTS.png,RUSP WIM,ZETH WAN,RUSP WIM,ZETH WAN,28_GALLEONS_ZETH_WAN.png,,ZETH WAN,,,,
73,1712396975750,06/04/2024 09:49:35,1712400575750,1,06/04/2024 11:49:35,139619,19,task-eihb,,36791185,BLIND,10848083,,complete,,66111739946b62cf2fd9167c,computer,Desktop or Laptop,Mac OS 10.15.7,Chrome 123.0.0.0,1440x900,1440x813,,,0,1i-3 A Training,4,,,1i-3,,,Pass,,1i-3 A Training,1i-3 A Training,22,Training02,TrainingB,2yfdu9,2,response,,1539.4000000238302,1533,1539.4000000238302,1539.4000000238302,1533,1539.4000000238302,1,1539.4000000238302,0,0,,Click Response,Option B,5,object-246,1i-3,_,23,1i-3_23,6,Training02,20_PULLSWORD,ASK,.png,20_PULLSWORD_ASK.png,RUSP,WIM,20_PULLSWORD_RUSP_WIM.png,,RUSP WIM,28_GALLEONS_ASK.png,28_GALLEONS_DOTS.png,RUSP WIM,ZETH WAN,RUSP WIM,ZETH WAN,28_GALLEONS_ZETH_WAN.png,,ZETH WAN,,,,
74,1712396976582,06/04/2024 09:49:36,1712400576582,1,06/04/2024 11:49:36,139619,19,task-eihb,,36791185,BLIND,10848083,,complete,,66111739946b62cf2fd9167c,computer,Desktop or Laptop,Mac OS 10.15.7,Chrome 123.0.0.0,1440x900,1440x813,,,0,1i-3 A Training,4,,,1i-3,,,Pass,,1i-3 A Training,1i-3 A Training,22,Training02,TrainingC,1ouhhw,3,continue,,838.4999999880674,833.7000000000116,838.4999999880674,838.4999999880674,833.7000000000116,838.4999999880674,1,838.4999999880674,0,0,,Click To Continue,Continue Button,6,object-272,1i-3,_,23,1i-3_23,6,Training02,20_PULLSWORD,ASK,.png,20_PULLSWORD_ASK.png,RUSP,WIM,20_PULLSWORD_RUSP_WIM.png,,RUSP WIM,28_GALLEONS_ASK.png,28_GALLEONS_DOTS.png,RUSP WIM,ZETH WAN,RUSP WIM,ZETH WAN,28_GALLEONS_ZETH_WAN.png,,ZETH WAN,,,,
75,1712396980268,06/04/2024 09:49:40,1712400580268,1,06/04/2024 11:49:40,139619,19,task-eihb,,36791185,BLIND,10848083,,complete,,66111739946b62cf2fd9167c,computer,Desktop or Laptop,Mac OS 10.15.7,Chrome 123.0.0.0,1440x900,1440x813,,,0,1i-3 A Training,4,,,1i-3,,,Pass,,1i-3 A Training,1i-3 A Training,23,Training02,TrainingA,34efq7,1,response,ZETH WAN,1566.7999999999884,3683.5,3690.5999999999767,1566.7999999999884,3683.5,3690.5999999999767,1,1566.7999999999884,2123.7999999999884,0,,Single Text Entry,TextResponseA,4,object-97,1i-3,_,22,1i-3_22,6,Training02,26_ERISED,ASK,.png,26_ERISED_ASK.png,ZETH,WAN,26_ERISED_ZETH_WAN.png,,ZETH WAN,18_LIVEGODRIC_ASK.png,18_LIVEGODRIC_DOTS.png,RUSP WIM,ZETH WAN,ZETH WAN,RUSP WIM,18_LIVEGODRIC_RUSP_WIM.png,RUSP WIM,,,,,
76,1712396982085,06/04/2024 09:49:42,1712400582085,1,06/04/2024 11:49:42,139619,19,task-eihb,,36791185,BLIND,10848083,,complete,,66111739946b62cf2fd9167c,computer,Desktop or Laptop,Mac OS 10.15.7,Chrome 123.0.0.0,1440x900,1440x813,,,0,1i-3 A Training,4,,,1i-3,,,Pass,,1i-3 A Training,1i-3 A Training,23,Training02,TrainingB,2yfdu9,2,response,,1824.5999999999767,1815.6999999999534,1824.5999999999767,1824.5999999999767,1815.6999999999534,1824.5999999999767,1,1824.5999999999767,0,0,,Click Response,Option A,4,object-245,1i-3,_,22,1i-3_22,6,Training02,26_ERISED,ASK,.png,26_ERISED_ASK.png,ZETH,WAN,26_ERISED_ZETH_WAN.png,,ZETH WAN,18_LIVEGODRIC_ASK.png,18_LIVEGODRIC_DOTS.png,RUSP WIM,ZETH WAN,ZETH WAN,RUSP WIM,18_LIVEGODRIC_RUSP_WIM.png,RUSP WIM,,,,,
77,1712396983022,06/04/2024 09:49:43,1712400583022,1,06/04/2024 11:49:43,139619,19,task-eihb,,36791185,BLIND,10848083,,complete,,66111739946b62cf2fd9167c,computer,Desktop or Laptop,Mac OS 10.15.7,Chrome 123.0.0.0,1440x900,1440x813,,,0,1i-3 A Training,4,,,1i-3,,,Pass,,1i-3 A Training,1i-3 A Training,23,Training02,TrainingC,1ouhhw,3,continue,,945.2999999761814,934.4000000000233,945.2999999761814,945.2999999761814,934.4000000000233,945.2999999761814,1,945.2999999761814,0,0,,Click To Continue,Continue Button,6,object-272,1i-3,_,22,1i-3_22,6,Training02,26_ERISED,ASK,.png,26_ERISED_ASK.png,ZETH,WAN,26_ERISED_ZETH_WAN.png,,ZETH WAN,18_LIVEGODRIC_ASK.png,18_LIVEGODRIC_DOTS.png,RUSP WIM,ZETH WAN,ZETH WAN,RUSP WIM,18_LIVEGODRIC_RUSP_WIM.png,RUSP WIM,,,,,
78,1712396986504,06/04/2024 09:49:46,1712400586504,1,06/04/2024 11:49:46,139619,19,task-eihb,,36791185,BLIND,10848083,,complete,,66111739946b62cf2fd9167c,computer,Desktop or Laptop,Mac OS 10.15.7,Chrome 123.0.0.0,1440x900,1440x813,,,0,1i-3 A Training,4,,,1i-3,,,Pass,,1i-3 A Training,1i-3 A Training,24,Training02,TrainingA,34efq7,1,response,WOUX WAN,1616.7000000000116,3483.4000000000233,3493.300000011921,1616.7000000000116,3483.4000000000233,3493.300000011921,1,1616.7000000000116,1876.6000000119093,0,,Single Text Entry,TextResponseA,4,object-97,1i-3,_,24,1i-3_24,6,Training02,07_AZKABAN,ASK,.png,07_AZKABAN_ASK.png,WOUX,WAN,07_AZKABAN_WOUX_WAN.png,,WOUX WAN,32_QWC_ASK.png,32_QWC_DOTS.png,WOUX WAN,FICH WUNG,WOUX WAN,FICH WUNG,32_QWC_FICH_WUNG.png,,FICH WUNG,,,,
79,1712396987978,06/04/2024 09:49:47,1712400587978,1,06/04/2024 11:49:47,139619,19,task-eihb,,36791185,BLIND,10848083,,complete,,66111739946b62cf2fd9167c,computer,Desktop or Laptop,Mac OS 10.15.7,Chrome 123.0.0.0,1440x900,1440x813,,,0,1i-3 A Training,4,,,1i-3,,,Pass,,1i-3 A Training,1i-3 A Training,24,Training02,TrainingB,2yfdu9,2,response,,1484.2999999880558,1482.399999999965,1484.2999999880558,1484.2999999880558,1482.399999999965,1484.2999999880558,1,1484.2999999880558,0,0,,Click Response,Option B,5,object-246,1i-3,_,24,1i-3_24,6,Training02,07_AZKABAN,ASK,.png,07_AZKABAN_ASK.png,WOUX,WAN,07_AZKABAN_WOUX_WAN.png,,WOUX WAN,32_QWC_ASK.png,32_QWC_DOTS.png,WOUX WAN,FICH WUNG,WOUX WAN,FICH WUNG,32_QWC_FICH_WUNG.png,,FICH WUNG,,,,
80,1712396988990,06/04/2024 09:49:48,1712400588990,1,06/04/2024 11:49:48,139619,19,task-eihb,,36791185,BLIND,10848083,,complete,,66111739946b62cf2fd9167c,computer,Desktop or Laptop,Mac OS 10.15.7,Chrome 123.0.0.0,1440x900,1440x813,,,0,1i-3 A Training,4,,,1i-3,,,Pass,,1i-3 A Training,1i-3 A Training,24,Training02,TrainingC,1ouhhw,3,continue,,1013.3000000238535,1000.1000000000349,1013.3000000238535,1013.3000000238535,1000.1000000000349,1013.3000000238535,1,1013.3000000238535,0,0,,Click To Continue,Continue Button,6,object-272,1i-3,_,24,1i-3_24,6,Training02,07_AZKABAN,ASK,.png,07_AZKABAN_ASK.png,WOUX,WAN,07_AZKABAN_WOUX_WAN.png,,WOUX WAN,32_QWC_ASK.png,32_QWC_DOTS.png,WOUX WAN,FICH WUNG,WOUX WAN,FICH WUNG,32_QWC_FICH_WUNG.png,,FICH WUNG,,,,
81,1712396988997,06/04/2024 09:49:48,1712400588997,1,06/04/2024 11:49:48,139619,19,task-eihb,,36791185,BLIND,10848083,,complete,,66111739946b62cf2fd9167c,computer,Desktop or Laptop,Mac OS 10.15.7,Chrome 123.0.0.0,1440x900,1440x813,,,0,1i-3 A Training,4,,,1i-3,,,Pass,,1i-3 A Training,1i-3 A Training,,,,,,5,END,,,,,,,0,,,,,,,,,,,,,,,,,,,,,,,,,,,,,,,,,,,,
1,1712396944252,06/04/2024 09:49:04,1712400544252,1,06/04/2024 11:49:04,139619,19,task-eihb,,36791251,BLIND,10848107,,complete,,661118850fa66211c13d81b3,computer,Desktop or Laptop,Mac OS 10.15.7,Safari 17.3.1,810x1080,1080x704,,,0,1i-3 A Training,4,,,1i-3,,,Pass,,1i-3 A Training,1i-3 A Training,,,,,,5,BEGIN,,,,,,,0,,,,,,,,,,,,,,,,,,,,,,,,,,,,,,,,,,,,
2,1712396948822,06/04/2024 09:49:08,1712400548822,1,06/04/2024 11:49:08,139619,19,task-eihb,,36791251,BLIND,10848107,,complete,,661118850fa66211c13d81b3,computer,Desktop or Laptop,Mac OS 10.15.7,Safari 17.3.1,810x1080,1080x704,,,0,1i-3 A Training,4,,,1i-3,,,Pass,,1i-3 A Training,1i-3 A Training,1,Instructions,Attention Check 5,4xnmv6,1,continue,,4383,4366,4383,4383,4366,4383,1,4383,0,0,,Click To Continue,Continue Button,4,object-285,,,,,,Instructions,,,,,,,,,,,,,,,,,,,,,,
3,1712396948824,06/04/2024 09:49:08,1712400548824,1,06/04/2024 11:49:08,139619,19,task-eihb,,36791251,BLIND,10848107,,complete,,661118850fa66211c13d81b3,computer,Desktop or Laptop,Mac OS 10.15.7,Safari 17.3.1,810x1080,1080x704,,,0,1i-3 A Training,4,,,1i-3,,,Pass,,1i-3 A Training,1i-3 A Training,1,Instructions,Attention Check 5,4xnmv6,1,response,Accio!,3766,4366,4383,3766,4366,4383,1,3766,617,0,,Dropdown,Dropdown5,3,object-284,,,,,,Instructions,,,,,,,,,,,,,,,,,,,,,,
4,1712396953371,06/04/2024 09:49:13,1712400553371,1,06/04/2024 11:49:13,139619,19,task-eihb,,36791251,BLIND,10848107,,complete,,661118850fa66211c13d81b3,computer,Desktop or Laptop,Mac OS 10.15.7,Safari 17.3.1,810x1080,1080x704,,,0,1i-3 A Training,4,,,1i-3,,,Pass,,1i-3 A Training,1i-3 A Training,1,Instructions,Attention Check 6,wf497f,2,continue,,4565,4548,4565,4565,4548,4565,1,4565,0,0,,Click To Continue,Continue Button,4,object-292,,,,,,Instructions,,,,,,,,,,,,,,,,,,,,,,
5,1712396953372,06/04/2024 09:49:13,1712400553372,1,06/04/2024 11:49:13,139619,19,task-eihb,,36791251,BLIND,10848107,,complete,,661118850fa66211c13d81b3,computer,Desktop or Laptop,Mac OS 10.15.7,Safari 17.3.1,810x1080,1080x704,,,0,1i-3 A Training,4,,,1i-3,,,Pass,,1i-3 A Training,1i-3 A Training,1,Instructions,Attention Check 6,wf497f,2,response,The Invisibility Cloak,3765,4548,4565,3765,4548,4565,1,3765,800,0,,Dropdown,Dropdown6,3,object-291,,,,,,Instructions,,,,,,,,,,,,,,,,,,,,,,
6,1712396957169,06/04/2024 09:49:17,1712400557169,1,06/04/2024 11:49:17,139619,19,task-eihb,,36791251,BLIND,10848107,,complete,,661118850fa66211c13d81b3,computer,Desktop or Laptop,Mac OS 10.15.7,Safari 17.3.1,810x1080,1080x704,,,0,1i-3 A Training,4,,,1i-3,,,Pass,,1i-3 A Training,1i-3 A Training,1,Instructions,Screen 22,3y4guk,3,continue,,3815,3799,3815,3815,3799,3815,1,3815,0,0,,Click To Continue,Continue Button,3,object-297,,,,,,Instructions,,,,,,,,,,,,,,,,,,,,,,
7,1712397078747,06/04/2024 09:51:18,1712400678747,1,06/04/2024 11:51:18,139619,19,task-eihb,,36791251,BLIND,10848107,,complete,,661118850fa66211c13d81b3,computer,Desktop or Laptop,Mac OS 10.15.7,Safari 17.3.1,810x1080,1080x704,,,0,1i-3 A Training,4,,,1i-3,,,Pass,,1i-3 A Training,1i-3 A Training,1,Instructions,Instructions 02,q3gk2e,4,continue,,121596,121579,121596,121596,121579,121596,1,121596,0,0,,Click To Continue,Continue Button,2,object-75,,,,,,Instructions,,,,,,,,,,,,,,,,,,,,,,
8,1712397095179,06/04/2024 09:51:35,1712400695179,1,06/04/2024 11:51:35,139619,19,task-eihb,,36791251,BLIND,10848107,,complete,,661118850fa66211c13d81b3,computer,Desktop or Laptop,Mac OS 10.15.7,Safari 17.3.1,810x1080,1080x704,,,0,1i-3 A Training,4,,,1i-3,,,Pass,,1i-3 A Training,1i-3 A Training,1,Instructions,Instructions 03,gxa3vr,5,continue,,16445,16428,16445,16445,16428,16445,1,16445,0,0,,Click To Continue,Continue Button,1,object-165,,,,,,Instructions,,,,,,,,,,,,,,,,,,,,,,
9,1712397120360,06/04/2024 09:52:00,1712400720360,1,06/04/2024 11:52:00,139619,19,task-eihb,,36791251,BLIND,10848107,,complete,,661118850fa66211c13d81b3,computer,Desktop or Laptop,Mac OS 10.15.7,Safari 17.3.1,810x1080,1080x296,,,0,1i-3 A Training,4,,,1i-3,,,Pass,,1i-3 A Training,1i-3 A Training,1,Training02,TrainingA,34efq7,1,response,RUSP WIM,18137,25201,25209.00000000003,18137,25201,25209.00000000003,1,18137,7072.000000000029,0,,Single Text Entry,TextResponseA,4,object-97,1i-3,_,03,1i-3_03,1,Training02,13_QUIBBLER,ASK,.png,13_QUIBBLER_ASK.png,RUSP,WIM,13_QUIBBLER_RUSP_WIM.png,,RUSP WIM,27_BESTSELLER_ASK.png,27_BESTSELLER_DOTS.png,FICH WUNG,RUSP WIM,RUSP WIM,FICH WUNG,27_BESTSELLER_FICH_WUNG.png,FICH WUNG,,,,,
10,1712397125050,06/04/2024 09:52:05,1712400725050,1,06/04/2024 11:52:05,139619,19,task-eihb,,36791251,BLIND,10848107,,complete,,661118850fa66211c13d81b3,computer,Desktop or Laptop,Mac OS 10.15.7,Safari 17.3.1,810x1080,1080x704,,,0,1i-3 A Training,4,,,1i-3,,,Pass,,1i-3 A Training,1i-3 A Training,1,Training02,TrainingB,2yfdu9,2,response,,4690,4673,4690,4690,4673,4690,1,4690,0,0,,Click Response,Option B,5,object-246,1i-3,_,03,1i-3_03,1,Training02,13_QUIBBLER,ASK,.png,13_QUIBBLER_ASK.png,RUSP,WIM,13_QUIBBLER_RUSP_WIM.png,,RUSP WIM,27_BESTSELLER_ASK.png,27_BESTSELLER_DOTS.png,FICH WUNG,RUSP WIM,RUSP WIM,FICH WUNG,27_BESTSELLER_FICH_WUNG.png,FICH WUNG,,,,,
11,1712397125817,06/04/2024 09:52:05,1712400725817,1,06/04/2024 11:52:05,139619,19,task-eihb,,36791251,BLIND,10848107,,complete,,661118850fa66211c13d81b3,computer,Desktop or Laptop,Mac OS 10.15.7,Safari 17.3.1,810x1080,1080x704,,,0,1i-3 A Training,4,,,1i-3,,,Pass,,1i-3 A Training,1i-3 A Training,1,Training02,TrainingC,1ouhhw,3,continue,,782,766,782,782,766,782,1,782,0,0,,Click To Continue,Continue Button,6,object-272,1i-3,_,03,1i-3_03,1,Training02,13_QUIBBLER,ASK,.png,13_QUIBBLER_ASK.png,RUSP,WIM,13_QUIBBLER_RUSP_WIM.png,,RUSP WIM,27_BESTSELLER_ASK.png,27_BESTSELLER_DOTS.png,FICH WUNG,RUSP WIM,RUSP WIM,FICH WUNG,27_BESTSELLER_FICH_WUNG.png,FICH WUNG,,,,,
12,1712397139868,06/04/2024 09:52:19,1712400739868,1,06/04/2024 11:52:19,139619,19,task-eihb,,36791251,BLIND,10848107,,complete,,661118850fa66211c13d81b3,computer,Desktop or Laptop,Mac OS 10.15.7,Safari 17.3.1,810x1080,1080x358,,,0,1i-3 A Training,4,,,1i-3,,,Pass,,1i-3 A Training,1i-3 A Training,2,Training02,TrainingA,34efq7,1,response,ZETH WAN,8300,14071,14078,8300,14071,14078,1,8300,5778,0,,Single Text Entry,TextResponseA,4,object-97,1i-3,_,02,1i-3_02,1,Training02,40_BURYSNAPE,ASK,.png,40_BURYSNAPE_ASK.png,ZETH,WAN,40_BURYSNAPE_ZETH_WAN.png,,ZETH WAN,20_PULLSWORD_ASK.png,20_PULLSWORD_DOTS.png,WOUX WAN,ZETH WAN,ZETH WAN,WOUX WAN,20_PULLSWORD_WOUX_WAN.png,WOUX WAN,,,,,
13,1712397144361,06/04/2024 09:52:24,1712400744361,1,06/04/2024 11:52:24,139619,19,task-eihb,,36791251,BLIND,10848107,,complete,,661118850fa66211c13d81b3,computer,Desktop or Laptop,Mac OS 10.15.7,Safari 17.3.1,810x1080,1080x704,,,0,1i-3 A Training,4,,,1i-3,,,Pass,,1i-3 A Training,1i-3 A Training,2,Training02,TrainingB,2yfdu9,2,response,,4489,4473,4489,4489,4473,4489,1,4489,0,0,,Click Response,Option B,5,object-246,1i-3,_,02,1i-3_02,1,Training02,40_BURYSNAPE,ASK,.png,40_BURYSNAPE_ASK.png,ZETH,WAN,40_BURYSNAPE_ZETH_WAN.png,,ZETH WAN,20_PULLSWORD_ASK.png,20_PULLSWORD_DOTS.png,WOUX WAN,ZETH WAN,ZETH WAN,WOUX WAN,20_PULLSWORD_WOUX_WAN.png,WOUX WAN,,,,,
14,1712397147977,06/04/2024 09:52:27,1712400747977,1,06/04/2024 11:52:27,139619,19,task-eihb,,36791251,BLIND,10848107,,complete,,661118850fa66211c13d81b3,computer,Desktop or Laptop,Mac OS 10.15.7,Safari 17.3.1,810x1080,1080x704,,,0,1i-3 A Training,4,,,1i-3,,,Pass,,1i-3 A Training,1i-3 A Training,2,Training02,TrainingC,1ouhhw,3,continue,,3633,3616,3633,3633,3616,3633,1,3633,0,0,,Click To Continue,Continue Button,6,object-272,1i-3,_,02,1i-3_02,1,Training02,40_BURYSNAPE,ASK,.png,40_BURYSNAPE_ASK.png,ZETH,WAN,40_BURYSNAPE_ZETH_WAN.png,,ZETH WAN,20_PULLSWORD_ASK.png,20_PULLSWORD_DOTS.png,WOUX WAN,ZETH WAN,ZETH WAN,WOUX WAN,20_PULLSWORD_WOUX_WAN.png,WOUX WAN,,,,,
15,1712397164889,06/04/2024 09:52:44,1712400764889,1,06/04/2024 11:52:44,139619,19,task-eihb,,36791251,BLIND,10848107,,complete,,661118850fa66211c13d81b3,computer,Desktop or Laptop,Mac OS 10.15.7,Safari 17.3.1,810x1080,1080x296,,,0,1i-3 A Training,4,,,1i-3,,,Pass,,1i-3 A Training,1i-3 A Training,3,Training02,TrainingA,34efq7,1,response,FICH WUNG,9488,16934,16938,9488,16934,16938,1,9488,7450,0,,Single Text Entry,TextResponseA,4,object-97,1i-3,_,01,1i-3_01,1,Training02,04_WHEEZES,ASK,.png,04_WHEEZES_ASK.png,FICH,WUNG,04_WHEEZES_FICH_WUNG.png,,FICH WUNG,05_AUROR_ASK.png,05_AUROR_DOTS.png,FICH WUNG,ZETH WAN,FICH WUNG,ZETH WAN,05_AUROR_ZETH_WAN.png,,ZETH WAN,,,,
16,1712397167220,06/04/2024 09:52:47,1712400767220,1,06/04/2024 11:52:47,139619,19,task-eihb,,36791251,BLIND,10848107,,complete,,661118850fa66211c13d81b3,computer,Desktop or Laptop,Mac OS 10.15.7,Safari 17.3.1,810x1080,1080x704,,,0,1i-3 A Training,4,,,1i-3,,,Pass,,1i-3 A Training,1i-3 A Training,3,Training02,TrainingB,2yfdu9,2,response,,2327,2310,2327,2327,2310,2327,1,2327,0,0,,Click Response,Option B,5,object-246,1i-3,_,01,1i-3_01,1,Training02,04_WHEEZES,ASK,.png,04_WHEEZES_ASK.png,FICH,WUNG,04_WHEEZES_FICH_WUNG.png,,FICH WUNG,05_AUROR_ASK.png,05_AUROR_DOTS.png,FICH WUNG,ZETH WAN,FICH WUNG,ZETH WAN,05_AUROR_ZETH_WAN.png,,ZETH WAN,,,,
17,1712397173135,06/04/2024 09:52:53,1712400773135,1,06/04/2024 11:52:53,139619,19,task-eihb,,36791251,BLIND,10848107,,complete,,661118850fa66211c13d81b3,computer,Desktop or Laptop,Mac OS 10.15.7,Safari 17.3.1,810x1080,1080x704,,,0,1i-3 A Training,4,,,1i-3,,,Pass,,1i-3 A Training,1i-3 A Training,3,Training02,TrainingC,1ouhhw,3,continue,,5932,5915,5932,5932,5915,5932,1,5932,0,0,,Click To Continue,Continue Button,6,object-272,1i-3,_,01,1i-3_01,1,Training02,04_WHEEZES,ASK,.png,04_WHEEZES_ASK.png,FICH,WUNG,04_WHEEZES_FICH_WUNG.png,,FICH WUNG,05_AUROR_ASK.png,05_AUROR_DOTS.png,FICH WUNG,ZETH WAN,FICH WUNG,ZETH WAN,05_AUROR_ZETH_WAN.png,,ZETH WAN,,,,
18,1712397185854,06/04/2024 09:53:05,1712400785854,1,06/04/2024 11:53:05,139619,19,task-eihb,,36791251,BLIND,10848107,,complete,,661118850fa66211c13d81b3,computer,Desktop or Laptop,Mac OS 10.15.7,Safari 17.3.1,810x1080,1080x296,,,0,1i-3 A Training,4,,,1i-3,,,Pass,,1i-3 A Training,1i-3 A Training,4,Training02,TrainingA,34efq7,1,response,WOUX WAN,5902,12738,12745,5902,12738,12745,1,5902,6843,0,,Single Text Entry,TextResponseA,4,object-97,1i-3,_,04,1i-3_04,1,Training02,35_PROPHET,ASK,.png,35_PROPHET_ASK.png,WOUX,WAN,35_PROPHET_WOUX_WAN.png,,WOUX WAN,40_BURYSNAPE_ASK.png,40_BURYSNAPE_DOTS.png,WOUX WAN,RUSP WIM,WOUX WAN,RUSP WIM,40_BURYSNAPE_RUSP_WIM.png,,RUSP WIM,,,,
19,1712397189447,06/04/2024 09:53:09,1712400789447,1,06/04/2024 11:53:09,139619,19,task-eihb,,36791251,BLIND,10848107,,complete,,661118850fa66211c13d81b3,computer,Desktop or Laptop,Mac OS 10.15.7,Safari 17.3.1,810x1080,1080x704,,,0,1i-3 A Training,4,,,1i-3,,,Pass,,1i-3 A Training,1i-3 A Training,4,Training02,TrainingB,2yfdu9,2,response,,3589,3573,3589,3589,3573,3589,1,3589,0,0,,Click Response,Option B,5,object-246,1i-3,_,04,1i-3_04,1,Training02,35_PROPHET,ASK,.png,35_PROPHET_ASK.png,WOUX,WAN,35_PROPHET_WOUX_WAN.png,,WOUX WAN,40_BURYSNAPE_ASK.png,40_BURYSNAPE_DOTS.png,WOUX WAN,RUSP WIM,WOUX WAN,RUSP WIM,40_BURYSNAPE_RUSP_WIM.png,,RUSP WIM,,,,
20,1712397190696,06/04/2024 09:53:10,1712400790696,1,06/04/2024 11:53:10,139619,19,task-eihb,,36791251,BLIND,10848107,,complete,,661118850fa66211c13d81b3,computer,Desktop or Laptop,Mac OS 10.15.7,Safari 17.3.1,810x1080,1080x704,,,0,1i-3 A Training,4,,,1i-3,,,Pass,,1i-3 A Training,1i-3 A Training,4,Training02,TrainingC,1ouhhw,3,continue,,1267,1250,1267,1267,1250,1267,1,1267,0,0,,Click To Continue,Continue Button,6,object-272,1i-3,_,04,1i-3_04,1,Training02,35_PROPHET,ASK,.png,35_PROPHET_ASK.png,WOUX,WAN,35_PROPHET_WOUX_WAN.png,,WOUX WAN,40_BURYSNAPE_ASK.png,40_BURYSNAPE_DOTS.png,WOUX WAN,RUSP WIM,WOUX WAN,RUSP WIM,40_BURYSNAPE_RUSP_WIM.png,,RUSP WIM,,,,
21,1712397214180,06/04/2024 09:53:34,1712400814180,1,06/04/2024 11:53:34,139619,19,task-eihb,,36791251,BLIND,10848107,,complete,,661118850fa66211c13d81b3,computer,Desktop or Laptop,Mac OS 10.15.7,Safari 17.3.1,810x1080,1080x704,,,0,1i-3 A Training,4,,,1i-3,,,Pass,,1i-3 A Training,1i-3 A Training,5,Training02,TrainingA,34efq7,1,response,WOUX WAN,10304,23498,23509,10304,23498,23509,1,10304,13205,0,,Single Text Entry,TextResponseA,4,object-97,1i-3,_,08,1i-3_08,2,Training02,28_GALLEONS,ASK,.png,28_GALLEONS_ASK.png,WOUX,WAN,28_GALLEONS_WOUX_WAN.png,,WOUX WAN,39_STOPHAGRID_ASK.png,39_STOPHAGRID_DOTS.png,ZETH WAN,WOUX WAN,WOUX WAN,ZETH WAN,39_STOPHAGRID_ZETH_WAN.png,ZETH WAN,,,,,
22,1712397226685,06/04/2024 09:53:46,1712400826685,1,06/04/2024 11:53:46,139619,19,task-eihb,,36791251,BLIND,10848107,,complete,,661118850fa66211c13d81b3,computer,Desktop or Laptop,Mac OS 10.15.7,Safari 17.3.1,810x1080,1080x704,,,0,1i-3 A Training,4,,,1i-3,,,Pass,,1i-3 A Training,1i-3 A Training,5,Training02,TrainingB,2yfdu9,2,response,,12508,12491,12508,12508,12491,12508,1,12508,0,0,,Click Response,Option A,4,object-245,1i-3,_,08,1i-3_08,2,Training02,28_GALLEONS,ASK,.png,28_GALLEONS_ASK.png,WOUX,WAN,28_GALLEONS_WOUX_WAN.png,,WOUX WAN,39_STOPHAGRID_ASK.png,39_STOPHAGRID_DOTS.png,ZETH WAN,WOUX WAN,WOUX WAN,ZETH WAN,39_STOPHAGRID_ZETH_WAN.png,ZETH WAN,,,,,
23,1712397229285,06/04/2024 09:53:49,1712400829285,1,06/04/2024 11:53:49,139619,19,task-eihb,,36791251,BLIND,10848107,,complete,,661118850fa66211c13d81b3,computer,Desktop or Laptop,Mac OS 10.15.7,Safari 17.3.1,810x1080,1080x704,,,0,1i-3 A Training,4,,,1i-3,,,Pass,,1i-3 A Training,1i-3 A Training,5,Training02,TrainingC,1ouhhw,3,continue,,2617,2600,2617,2617,2600,2617,1,2617,0,0,,Click To Continue,Continue Button,6,object-272,1i-3,_,08,1i-3_08,2,Training02,28_GALLEONS,ASK,.png,28_GALLEONS_ASK.png,WOUX,WAN,28_GALLEONS_WOUX_WAN.png,,WOUX WAN,39_STOPHAGRID_ASK.png,39_STOPHAGRID_DOTS.png,ZETH WAN,WOUX WAN,WOUX WAN,ZETH WAN,39_STOPHAGRID_ZETH_WAN.png,ZETH WAN,,,,,
24,1712397249106,06/04/2024 09:54:09,1712400849106,1,06/04/2024 11:54:09,139619,19,task-eihb,,36791251,BLIND,10848107,,complete,,661118850fa66211c13d81b3,computer,Desktop or Laptop,Mac OS 10.15.7,Safari 17.3.1,810x1080,1080x296,,,0,1i-3 A Training,4,,,1i-3,,,Pass,,1i-3 A Training,1i-3 A Training,6,Training02,TrainingA,34efq7,1,response,ZETH WAN,12620,19838,19846,12620,19838,19846,1,12620,7226,0,,Single Text Entry,TextResponseA,4,object-97,1i-3,_,06,1i-3_06,2,Training02,12_SKEETER,ASK,.png,12_SKEETER_ASK.png,ZETH,WAN,12_SKEETER_ZETH_WAN.png,,ZETH WAN,12_SKEETER_ASK.png,12_SKEETER_DOTS.png,FICH WUNG,ZETH WAN,ZETH WAN,FICH WUNG,12_SKEETER_FICH_WUNG.png,FICH WUNG,,,,,
25,1712397256342,06/04/2024 09:54:16,1712400856342,1,06/04/2024 11:54:16,139619,19,task-eihb,,36791251,BLIND,10848107,,complete,,661118850fa66211c13d81b3,computer,Desktop or Laptop,Mac OS 10.15.7,Safari 17.3.1,810x1080,1080x704,,,0,1i-3 A Training,4,,,1i-3,,,Pass,,1i-3 A Training,1i-3 A Training,6,Training02,TrainingB,2yfdu9,2,response,,7237,7220,7237,7237,7220,7237,1,7237,0,0,,Click Response,Option B,5,object-246,1i-3,_,06,1i-3_06,2,Training02,12_SKEETER,ASK,.png,12_SKEETER_ASK.png,ZETH,WAN,12_SKEETER_ZETH_WAN.png,,ZETH WAN,12_SKEETER_ASK.png,12_SKEETER_DOTS.png,FICH WUNG,ZETH WAN,ZETH WAN,FICH WUNG,12_SKEETER_FICH_WUNG.png,FICH WUNG,,,,,
26,1712397257409,06/04/2024 09:54:17,1712400857409,1,06/04/2024 11:54:17,139619,19,task-eihb,,36791251,BLIND,10848107,,complete,,661118850fa66211c13d81b3,computer,Desktop or Laptop,Mac OS 10.15.7,Safari 17.3.1,810x1080,1080x704,,,0,1i-3 A Training,4,,,1i-3,,,Pass,,1i-3 A Training,1i-3 A Training,6,Training02,TrainingC,1ouhhw,3,continue,,1083,1066,1083,1083,1066,1083,1,1083,0,0,,Click To Continue,Continue Button,6,object-272,1i-3,_,06,1i-3_06,2,Training02,12_SKEETER,ASK,.png,12_SKEETER_ASK.png,ZETH,WAN,12_SKEETER_ZETH_WAN.png,,ZETH WAN,12_SKEETER_ASK.png,12_SKEETER_DOTS.png,FICH WUNG,ZETH WAN,ZETH WAN,FICH WUNG,12_SKEETER_FICH_WUNG.png,FICH WUNG,,,,,
27,1712397274308,06/04/2024 09:54:34,1712400874308,1,06/04/2024 11:54:34,139619,19,task-eihb,,36791251,BLIND,10848107,,complete,,661118850fa66211c13d81b3,computer,Desktop or Laptop,Mac OS 10.15.7,Safari 17.3.1,810x1080,1080x296,,,0,1i-3 A Training,4,,,1i-3,,,Pass,,1i-3 A Training,1i-3 A Training,7,Training02,TrainingA,34efq7,1,response,FICH WUNG,9230,16919,16924,9230,16919,16924,1,9230,7694,0,,Single Text Entry,TextResponseA,4,object-97,1i-3,_,05,1i-3_05,2,Training02,18_LIVEGODRIC,ASK,.png,18_LIVEGODRIC_ASK.png,FICH,WUNG,18_LIVEGODRIC_FICH_WUNG.png,,FICH WUNG,07_AZKABAN_ASK.png,07_AZKABAN_DOTS.png,FICH WUNG,RUSP WIM,FICH WUNG,RUSP WIM,07_AZKABAN_RUSP_WIM.png,,RUSP WIM,,,,
28,1712397276954,06/04/2024 09:54:36,1712400876954,1,06/04/2024 11:54:36,139619,19,task-eihb,,36791251,BLIND,10848107,,complete,,661118850fa66211c13d81b3,computer,Desktop or Laptop,Mac OS 10.15.7,Safari 17.3.1,810x1080,1080x704,,,0,1i-3 A Training,4,,,1i-3,,,Pass,,1i-3 A Training,1i-3 A Training,7,Training02,TrainingB,2yfdu9,2,response,,2642,2625,2642,2642,2625,2642,1,2642,0,0,,Click Response,Option B,5,object-246,1i-3,_,05,1i-3_05,2,Training02,18_LIVEGODRIC,ASK,.png,18_LIVEGODRIC_ASK.png,FICH,WUNG,18_LIVEGODRIC_FICH_WUNG.png,,FICH WUNG,07_AZKABAN_ASK.png,07_AZKABAN_DOTS.png,FICH WUNG,RUSP WIM,FICH WUNG,RUSP WIM,07_AZKABAN_RUSP_WIM.png,,RUSP WIM,,,,
29,1712397277719,06/04/2024 09:54:37,1712400877719,1,06/04/2024 11:54:37,139619,19,task-eihb,,36791251,BLIND,10848107,,complete,,661118850fa66211c13d81b3,computer,Desktop or Laptop,Mac OS 10.15.7,Safari 17.3.1,810x1080,1080x704,,,0,1i-3 A Training,4,,,1i-3,,,Pass,,1i-3 A Training,1i-3 A Training,7,Training02,TrainingC,1ouhhw,3,continue,,783,766,783,783,766,783,1,783,0,0,,Click To Continue,Continue Button,6,object-272,1i-3,_,05,1i-3_05,2,Training02,18_LIVEGODRIC,ASK,.png,18_LIVEGODRIC_ASK.png,FICH,WUNG,18_LIVEGODRIC_FICH_WUNG.png,,FICH WUNG,07_AZKABAN_ASK.png,07_AZKABAN_DOTS.png,FICH WUNG,RUSP WIM,FICH WUNG,RUSP WIM,07_AZKABAN_RUSP_WIM.png,,RUSP WIM,,,,
30,1712397295393,06/04/2024 09:54:55,1712400895393,1,06/04/2024 11:54:55,139619,19,task-eihb,,36791251,BLIND,10848107,,complete,,661118850fa66211c13d81b3,computer,Desktop or Laptop,Mac OS 10.15.7,Safari 17.3.1,810x1080,1080x296,,,0,1i-3 A Training,4,,,1i-3,,,Pass,,1i-3 A Training,1i-3 A Training,8,Training02,TrainingA,34efq7,1,response,RUSP WIM,8585,17690,17698,8585,17690,17698,1,8585,9113,0,,Single Text Entry,TextResponseA,4,object-97,1i-3,_,07,1i-3_07,2,Training02,34_FANLETTERS,ASK,.png,34_FANLETTERS_ASK.png,RUSP,WIM,34_FANLETTERS_RUSP_WIM.png,,RUSP WIM,34_FANLETTERS_ASK.png,34_FANLETTERS_DOTS.png,RUSP WIM,WOUX WAN,RUSP WIM,WOUX WAN,34_FANLETTERS_WOUX_WAN.png,,WOUX WAN,,,,
31,1712397301896,06/04/2024 09:55:01,1712400901896,1,06/04/2024 11:55:01,139619,19,task-eihb,,36791251,BLIND,10848107,,complete,,661118850fa66211c13d81b3,computer,Desktop or Laptop,Mac OS 10.15.7,Safari 17.3.1,810x1080,1080x704,,,0,1i-3 A Training,4,,,1i-3,,,Pass,,1i-3 A Training,1i-3 A Training,8,Training02,TrainingB,2yfdu9,2,response,,6502,6486,6502,6502,6486,6502,1,6502,0,0,,Click Response,Option B,5,object-246,1i-3,_,07,1i-3_07,2,Training02,34_FANLETTERS,ASK,.png,34_FANLETTERS_ASK.png,RUSP,WIM,34_FANLETTERS_RUSP_WIM.png,,RUSP WIM,34_FANLETTERS_ASK.png,34_FANLETTERS_DOTS.png,RUSP WIM,WOUX WAN,RUSP WIM,WOUX WAN,34_FANLETTERS_WOUX_WAN.png,,WOUX WAN,,,,
32,1712397302962,06/04/2024 09:55:02,1712400902962,1,06/04/2024 11:55:02,139619,19,task-eihb,,36791251,BLIND,10848107,,complete,,661118850fa66211c13d81b3,computer,Desktop or Laptop,Mac OS 10.15.7,Safari 17.3.1,810x1080,1080x704,,,0,1i-3 A Training,4,,,1i-3,,,Pass,,1i-3 A Training,1i-3 A Training,8,Training02,TrainingC,1ouhhw,3,continue,,1082,1066,1082,1082,1066,1082,1,1082,0,0,,Click To Continue,Continue Button,6,object-272,1i-3,_,07,1i-3_07,2,Training02,34_FANLETTERS,ASK,.png,34_FANLETTERS_ASK.png,RUSP,WIM,34_FANLETTERS_RUSP_WIM.png,,RUSP WIM,34_FANLETTERS_ASK.png,34_FANLETTERS_DOTS.png,RUSP WIM,WOUX WAN,RUSP WIM,WOUX WAN,34_FANLETTERS_WOUX_WAN.png,,WOUX WAN,,,,
33,1712397315185,06/04/2024 09:55:15,1712400915185,1,06/04/2024 11:55:15,139619,19,task-eihb,,36791251,BLIND,10848107,,complete,,661118850fa66211c13d81b3,computer,Desktop or Laptop,Mac OS 10.15.7,Safari 17.3.1,810x1080,1080x296,,,0,1i-3 A Training,4,,,1i-3,,,Pass,,1i-3 A Training,1i-3 A Training,9,Training02,TrainingA,34efq7,1,response,FICH WUNG,5150,12239,12249,5150,12239,12249,1,5150,7099,0,,Single Text Entry,TextResponseA,4,object-97,1i-3,_,09,1i-3_09,3,Training02,32_QWC,ASK,.png,32_QWC_ASK.png,FICH,WUNG,32_QWC_FICH_WUNG.png,,FICH WUNG,13_QUIBBLER_ASK.png,13_QUIBBLER_DOTS.png,FICH WUNG,WOUX WAN,FICH WUNG,WOUX WAN,13_QUIBBLER_WOUX_WAN.png,,WOUX WAN,,,,
34,1712397317674,06/04/2024 09:55:17,1712400917674,1,06/04/2024 11:55:17,139619,19,task-eihb,,36791251,BLIND,10848107,,complete,,661118850fa66211c13d81b3,computer,Desktop or Laptop,Mac OS 10.15.7,Safari 17.3.1,810x1080,1080x704,,,0,1i-3 A Training,4,,,1i-3,,,Pass,,1i-3 A Training,1i-3 A Training,9,Training02,TrainingB,2yfdu9,2,response,,2490,2473,2490,2490,2473,2490,1,2490,0,0,,Click Response,Option B,5,object-246,1i-3,_,09,1i-3_09,3,Training02,32_QWC,ASK,.png,32_QWC_ASK.png,FICH,WUNG,32_QWC_FICH_WUNG.png,,FICH WUNG,13_QUIBBLER_ASK.png,13_QUIBBLER_DOTS.png,FICH WUNG,WOUX WAN,FICH WUNG,WOUX WAN,13_QUIBBLER_WOUX_WAN.png,,WOUX WAN,,,,
35,1712397318856,06/04/2024 09:55:18,1712400918856,1,06/04/2024 11:55:18,139619,19,task-eihb,,36791251,BLIND,10848107,,complete,,661118850fa66211c13d81b3,computer,Desktop or Laptop,Mac OS 10.15.7,Safari 17.3.1,810x1080,1080x704,,,0,1i-3 A Training,4,,,1i-3,,,Pass,,1i-3 A Training,1i-3 A Training,9,Training02,TrainingC,1ouhhw,3,continue,,1200,1183,1200,1200,1183,1200,1,1200,0,0,,Click To Continue,Continue Button,6,object-272,1i-3,_,09,1i-3_09,3,Training02,32_QWC,ASK,.png,32_QWC_ASK.png,FICH,WUNG,32_QWC_FICH_WUNG.png,,FICH WUNG,13_QUIBBLER_ASK.png,13_QUIBBLER_DOTS.png,FICH WUNG,WOUX WAN,FICH WUNG,WOUX WAN,13_QUIBBLER_WOUX_WAN.png,,WOUX WAN,,,,
36,1712397334807,06/04/2024 09:55:34,1712400934807,1,06/04/2024 11:55:34,139619,19,task-eihb,,36791251,BLIND,10848107,,complete,,661118850fa66211c13d81b3,computer,Desktop or Laptop,Mac OS 10.15.7,Safari 17.3.1,810x1080,1080x704,,,0,1i-3 A Training,4,,,1i-3,,,Pass,,1i-3 A Training,1i-3 A Training,10,Training02,TrainingA,34efq7,1,response,RUSP WIM,7307,15970,15975,7307,15970,15975,1,7307,8668,0,,Single Text Entry,TextResponseA,4,object-97,1i-3,_,11,1i-3_11,3,Training02,27_BESTSELLER,ASK,.png,27_BESTSELLER_ASK.png,RUSP,WIM,27_BESTSELLER_RUSP_WIM.png,,RUSP WIM,25_PROSECUTE_ASK.png,25_PROSECUTE_DOTS.png,ZETH WAN,RUSP WIM,RUSP WIM,ZETH WAN,25_PROSECUTE_ZETH_WAN.png,ZETH WAN,,,,,
37,1712397338367,06/04/2024 09:55:38,1712400938367,1,06/04/2024 11:55:38,139619,19,task-eihb,,36791251,BLIND,10848107,,complete,,661118850fa66211c13d81b3,computer,Desktop or Laptop,Mac OS 10.15.7,Safari 17.3.1,810x1080,1080x704,,,0,1i-3 A Training,4,,,1i-3,,,Pass,,1i-3 A Training,1i-3 A Training,10,Training02,TrainingB,2yfdu9,2,response,,3558,3541,3558,3558,3541,3558,1,3558,0,0,,Click Response,Option A,4,object-245,1i-3,_,11,1i-3_11,3,Training02,27_BESTSELLER,ASK,.png,27_BESTSELLER_ASK.png,RUSP,WIM,27_BESTSELLER_RUSP_WIM.png,,RUSP WIM,25_PROSECUTE_ASK.png,25_PROSECUTE_DOTS.png,ZETH WAN,RUSP WIM,RUSP WIM,ZETH WAN,25_PROSECUTE_ZETH_WAN.png,ZETH WAN,,,,,
38,1712397338984,06/04/2024 09:55:38,1712400938984,1,06/04/2024 11:55:38,139619,19,task-eihb,,36791251,BLIND,10848107,,complete,,661118850fa66211c13d81b3,computer,Desktop or Laptop,Mac OS 10.15.7,Safari 17.3.1,810x1080,1080x704,,,0,1i-3 A Training,4,,,1i-3,,,Pass,,1i-3 A Training,1i-3 A Training,10,Training02,TrainingC,1ouhhw,3,continue,,632,616,632,632,616,632,1,632,0,0,,Click To Continue,Continue Button,6,object-272,1i-3,_,11,1i-3_11,3,Training02,27_BESTSELLER,ASK,.png,27_BESTSELLER_ASK.png,RUSP,WIM,27_BESTSELLER_RUSP_WIM.png,,RUSP WIM,25_PROSECUTE_ASK.png,25_PROSECUTE_DOTS.png,ZETH WAN,RUSP WIM,RUSP WIM,ZETH WAN,25_PROSECUTE_ZETH_WAN.png,ZETH WAN,,,,,
39,1712397355470,06/04/2024 09:55:55,1712400955470,1,06/04/2024 11:55:55,139619,19,task-eihb,,36791251,BLIND,10848107,,complete,,661118850fa66211c13d81b3,computer,Desktop or Laptop,Mac OS 10.15.7,Safari 17.3.1,810x1080,1080x296,,,0,1i-3 A Training,4,,,1i-3,,,Pass,,1i-3 A Training,1i-3 A Training,11,Training02,TrainingA,34efq7,1,response,WOUX WAN,9771,16503,16512,9771,16503,16512,1,9771,6741,0,,Single Text Entry,TextResponseA,4,object-97,1i-3,_,12,1i-3_12,3,Training02,14_MUNGOS,ASK,.png,14_MUNGOS_ASK.png,WOUX,WAN,14_MUNGOS_WOUX_WAN.png,,WOUX WAN,33_ROR_ASK.png,33_ROR_DOTS.png,FICH WUNG,WOUX WAN,WOUX WAN,FICH WUNG,33_ROR_FICH_WUNG.png,FICH WUNG,,,,,
40,1712397357210,06/04/2024 09:55:57,1712400957210,1,06/04/2024 11:55:57,139619,19,task-eihb,,36791251,BLIND,10848107,,complete,,661118850fa66211c13d81b3,computer,Desktop or Laptop,Mac OS 10.15.7,Safari 17.3.1,810x1080,1080x704,,,0,1i-3 A Training,4,,,1i-3,,,Pass,,1i-3 A Training,1i-3 A Training,11,Training02,TrainingB,2yfdu9,2,response,,1742,1725,1742,1742,1725,1742,1,1742,0,0,,Click Response,Option A,4,object-245,1i-3,_,12,1i-3_12,3,Training02,14_MUNGOS,ASK,.png,14_MUNGOS_ASK.png,WOUX,WAN,14_MUNGOS_WOUX_WAN.png,,WOUX WAN,33_ROR_ASK.png,33_ROR_DOTS.png,FICH WUNG,WOUX WAN,WOUX WAN,FICH WUNG,33_ROR_FICH_WUNG.png,FICH WUNG,,,,,
41,1712397358244,06/04/2024 09:55:58,1712400958244,1,06/04/2024 11:55:58,139619,19,task-eihb,,36791251,BLIND,10848107,,complete,,661118850fa66211c13d81b3,computer,Desktop or Laptop,Mac OS 10.15.7,Safari 17.3.1,810x1080,1080x704,,,0,1i-3 A Training,4,,,1i-3,,,Pass,,1i-3 A Training,1i-3 A Training,11,Training02,TrainingC,1ouhhw,3,continue,,1050,1033,1050,1050,1033,1050,1,1050,0,0,,Click To Continue,Continue Button,6,object-272,1i-3,_,12,1i-3_12,3,Training02,14_MUNGOS,ASK,.png,14_MUNGOS_ASK.png,WOUX,WAN,14_MUNGOS_WOUX_WAN.png,,WOUX WAN,33_ROR_ASK.png,33_ROR_DOTS.png,FICH WUNG,WOUX WAN,WOUX WAN,FICH WUNG,33_ROR_FICH_WUNG.png,FICH WUNG,,,,,
42,1712397376332,06/04/2024 09:56:16,1712400976332,1,06/04/2024 11:56:16,139619,19,task-eihb,,36791251,BLIND,10848107,,complete,,661118850fa66211c13d81b3,computer,Desktop or Laptop,Mac OS 10.15.7,Safari 17.3.1,810x1080,1080x296,,,0,1i-3 A Training,4,,,1i-3,,,Pass,,1i-3 A Training,1i-3 A Training,12,Training02,TrainingA,34efq7,1,response,ZETH WAN,11885,18104,18113,11885,18104,18113,1,11885,6228,0,,Single Text Entry,TextResponseA,4,object-97,1i-3,_,10,1i-3_10,3,Training02,19_BURYVOLDY,ASK,.png,19_BURYVOLDY_ASK.png,ZETH,WAN,19_BURYVOLDY_ZETH_WAN.png,,ZETH WAN,21_TEACHHOG_ASK.png,21_TEACHHOG_DOTS.png,ZETH WAN,RUSP WIM,ZETH WAN,RUSP WIM,21_TEACHHOG_RUSP_WIM.png,,RUSP WIM,,,,
43,1712397379745,06/04/2024 09:56:19,1712400979745,1,06/04/2024 11:56:19,139619,19,task-eihb,,36791251,BLIND,10848107,,complete,,661118850fa66211c13d81b3,computer,Desktop or Laptop,Mac OS 10.15.7,Safari 17.3.1,810x1080,1080x704,,,0,1i-3 A Training,4,,,1i-3,,,Pass,,1i-3 A Training,1i-3 A Training,12,Training02,TrainingB,2yfdu9,2,response,,3406,3389,3406,3406,3389,3406,1,3406,0,0,,Click Response,Option B,5,object-246,1i-3,_,10,1i-3_10,3,Training02,19_BURYVOLDY,ASK,.png,19_BURYVOLDY_ASK.png,ZETH,WAN,19_BURYVOLDY_ZETH_WAN.png,,ZETH WAN,21_TEACHHOG_ASK.png,21_TEACHHOG_DOTS.png,ZETH WAN,RUSP WIM,ZETH WAN,RUSP WIM,21_TEACHHOG_RUSP_WIM.png,,RUSP WIM,,,,
44,1712397380655,06/04/2024 09:56:20,1712400980655,1,06/04/2024 11:56:20,139619,19,task-eihb,,36791251,BLIND,10848107,,complete,,661118850fa66211c13d81b3,computer,Desktop or Laptop,Mac OS 10.15.7,Safari 17.3.1,810x1080,1080x704,,,0,1i-3 A Training,4,,,1i-3,,,Pass,,1i-3 A Training,1i-3 A Training,12,Training02,TrainingC,1ouhhw,3,continue,,934,917,934,934,917,934,1,934,0,0,,Click To Continue,Continue Button,6,object-272,1i-3,_,10,1i-3_10,3,Training02,19_BURYVOLDY,ASK,.png,19_BURYVOLDY_ASK.png,ZETH,WAN,19_BURYVOLDY_ZETH_WAN.png,,ZETH WAN,21_TEACHHOG_ASK.png,21_TEACHHOG_DOTS.png,ZETH WAN,RUSP WIM,ZETH WAN,RUSP WIM,21_TEACHHOG_RUSP_WIM.png,,RUSP WIM,,,,
45,1712397399766,06/04/2024 09:56:39,1712400999766,1,06/04/2024 11:56:39,139619,19,task-eihb,,36791251,BLIND,10848107,,complete,,661118850fa66211c13d81b3,computer,Desktop or Laptop,Mac OS 10.15.7,Safari 17.3.1,810x1080,1080x296,,,0,1i-3 A Training,4,,,1i-3,,,Pass,,1i-3 A Training,1i-3 A Training,13,Training02,TrainingA,34efq7,1,response,FICH WUNG,12546,19132,19137,12546,19132,19137,1,12546,6591,0,,Single Text Entry,TextResponseA,4,object-97,1i-3,_,13,1i-3_13,4,Training02,11_RONWAND,ASK,.png,11_RONWAND_ASK.png,FICH,WUNG,11_RONWAND_FICH_WUNG.png,,FICH WUNG,06_MOM_ASK.png,06_MOM_DOTS.png,ZETH WAN,FICH WUNG,FICH WUNG,ZETH WAN,06_MOM_ZETH_WAN.png,ZETH WAN,,,,,
46,1712397402164,06/04/2024 09:56:42,1712401002164,1,06/04/2024 11:56:42,139619,19,task-eihb,,36791251,BLIND,10848107,,complete,,661118850fa66211c13d81b3,computer,Desktop or Laptop,Mac OS 10.15.7,Safari 17.3.1,810x1080,1080x704,,,0,1i-3 A Training,4,,,1i-3,,,Pass,,1i-3 A Training,1i-3 A Training,13,Training02,TrainingB,2yfdu9,2,response,,2395,2378,2395,2395,2378,2395,1,2395,0,0,,Click Response,Option A,4,object-245,1i-3,_,13,1i-3_13,4,Training02,11_RONWAND,ASK,.png,11_RONWAND_ASK.png,FICH,WUNG,11_RONWAND_FICH_WUNG.png,,FICH WUNG,06_MOM_ASK.png,06_MOM_DOTS.png,ZETH WAN,FICH WUNG,FICH WUNG,ZETH WAN,06_MOM_ZETH_WAN.png,ZETH WAN,,,,,
47,1712397405480,06/04/2024 09:56:45,1712401005480,1,06/04/2024 11:56:45,139619,19,task-eihb,,36791251,BLIND,10848107,,complete,,661118850fa66211c13d81b3,computer,Desktop or Laptop,Mac OS 10.15.7,Safari 17.3.1,810x1080,1080x704,,,0,1i-3 A Training,4,,,1i-3,,,Pass,,1i-3 A Training,1i-3 A Training,13,Training02,TrainingC,1ouhhw,3,continue,,3332,3315,3332,3332,3315,3332,1,3332,0,0,,Click To Continue,Continue Button,6,object-272,1i-3,_,13,1i-3_13,4,Training02,11_RONWAND,ASK,.png,11_RONWAND_ASK.png,FICH,WUNG,11_RONWAND_FICH_WUNG.png,,FICH WUNG,06_MOM_ASK.png,06_MOM_DOTS.png,ZETH WAN,FICH WUNG,FICH WUNG,ZETH WAN,06_MOM_ZETH_WAN.png,ZETH WAN,,,,,
48,1712397422825,06/04/2024 09:57:02,1712401022825,1,06/04/2024 11:57:02,139619,19,task-eihb,,36791251,BLIND,10848107,,complete,,661118850fa66211c13d81b3,computer,Desktop or Laptop,Mac OS 10.15.7,Safari 17.3.1,810x1080,1080x296,,,0,1i-3 A Training,4,,,1i-3,,,Pass,,1i-3 A Training,1i-3 A Training,14,Training02,TrainingA,34efq7,1,response,WOUX WAN,10649,17366,17371,10649,17366,17371,1,10649,6722,0,,Single Text Entry,TextResponseA,4,object-97,1i-3,_,16,1i-3_16,4,Training02,42_ENGLAND,ASK,.png,42_ENGLAND_ASK.png,WOUX,WAN,42_ENGLAND_WOUX_WAN.png,,WOUX WAN,41_PIXIE_ASK.png,41_PIXIE_DOTS.png,RUSP WIM,WOUX WAN,WOUX WAN,RUSP WIM,41_PIXIE_RUSP_WIM.png,RUSP WIM,,,,,
49,1712397425357,06/04/2024 09:57:05,1712401025357,1,06/04/2024 11:57:05,139619,19,task-eihb,,36791251,BLIND,10848107,,complete,,661118850fa66211c13d81b3,computer,Desktop or Laptop,Mac OS 10.15.7,Safari 17.3.1,810x1080,1080x704,,,0,1i-3 A Training,4,,,1i-3,,,Pass,,1i-3 A Training,1i-3 A Training,14,Training02,TrainingB,2yfdu9,2,response,,2527,2511,2527,2527,2511,2527,1,2527,0,0,,Click Response,Option A,4,object-245,1i-3,_,16,1i-3_16,4,Training02,42_ENGLAND,ASK,.png,42_ENGLAND_ASK.png,WOUX,WAN,42_ENGLAND_WOUX_WAN.png,,WOUX WAN,41_PIXIE_ASK.png,41_PIXIE_DOTS.png,RUSP WIM,WOUX WAN,WOUX WAN,RUSP WIM,41_PIXIE_RUSP_WIM.png,RUSP WIM,,,,,
50,1712397430988,06/04/2024 09:57:10,1712401030988,1,06/04/2024 11:57:10,139619,19,task-eihb,,36791251,BLIND,10848107,,complete,,661118850fa66211c13d81b3,computer,Desktop or Laptop,Mac OS 10.15.7,Safari 17.3.1,810x1080,1080x704,,,0,1i-3 A Training,4,,,1i-3,,,Pass,,1i-3 A Training,1i-3 A Training,14,Training02,TrainingC,1ouhhw,3,continue,,5649,5632,5649,5649,5632,5649,1,5649,0,0,,Click To Continue,Continue Button,6,object-272,1i-3,_,16,1i-3_16,4,Training02,42_ENGLAND,ASK,.png,42_ENGLAND_ASK.png,WOUX,WAN,42_ENGLAND_WOUX_WAN.png,,WOUX WAN,41_PIXIE_ASK.png,41_PIXIE_DOTS.png,RUSP WIM,WOUX WAN,WOUX WAN,RUSP WIM,41_PIXIE_RUSP_WIM.png,RUSP WIM,,,,,
51,1712397443469,06/04/2024 09:57:23,1712401043469,1,06/04/2024 11:57:23,139619,19,task-eihb,,36791251,BLIND,10848107,,complete,,661118850fa66211c13d81b3,computer,Desktop or Laptop,Mac OS 10.15.7,Safari 17.3.1,810x1080,1080x296,,,0,1i-3 A Training,4,,,1i-3,,,Pass,,1i-3 A Training,1i-3 A Training,15,Training02,TrainingA,34efq7,1,response,RUSP WIM,6751,12501,12506,6751,12501,12506,1,6751,5755,0,,Single Text Entry,TextResponseA,4,object-97,1i-3,_,15,1i-3_15,4,Training02,06_MOM,ASK,.png,06_MOM_ASK.png,RUSP,WIM,06_MOM_RUSP_WIM.png,,RUSP WIM,26_ERISED_ASK.png,26_ERISED_DOTS.png,RUSP WIM,FICH WUNG,RUSP WIM,FICH WUNG,26_ERISED_FICH_WUNG.png,,FICH WUNG,,,,
52,1712397448983,06/04/2024 09:57:28,1712401048983,1,06/04/2024 11:57:28,139619,19,task-eihb,,36791251,BLIND,10848107,,complete,,661118850fa66211c13d81b3,computer,Desktop or Laptop,Mac OS 10.15.7,Safari 17.3.1,810x1080,1080x704,,,0,1i-3 A Training,4,,,1i-3,,,Pass,,1i-3 A Training,1i-3 A Training,15,Training02,TrainingB,2yfdu9,2,response,,5509,5493,5509,5509,5493,5509,1,5509,0,0,,Click Response,Option B,5,object-246,1i-3,_,15,1i-3_15,4,Training02,06_MOM,ASK,.png,06_MOM_ASK.png,RUSP,WIM,06_MOM_RUSP_WIM.png,,RUSP WIM,26_ERISED_ASK.png,26_ERISED_DOTS.png,RUSP WIM,FICH WUNG,RUSP WIM,FICH WUNG,26_ERISED_FICH_WUNG.png,,FICH WUNG,,,,
53,1712397449650,06/04/2024 09:57:29,1712401049650,1,06/04/2024 11:57:29,139619,19,task-eihb,,36791251,BLIND,10848107,,complete,,661118850fa66211c13d81b3,computer,Desktop or Laptop,Mac OS 10.15.7,Safari 17.3.1,810x1080,1080x704,,,0,1i-3 A Training,4,,,1i-3,,,Pass,,1i-3 A Training,1i-3 A Training,15,Training02,TrainingC,1ouhhw,3,continue,,684,667,684,684,667,684,1,684,0,0,,Click To Continue,Continue Button,6,object-272,1i-3,_,15,1i-3_15,4,Training02,06_MOM,ASK,.png,06_MOM_ASK.png,RUSP,WIM,06_MOM_RUSP_WIM.png,,RUSP WIM,26_ERISED_ASK.png,26_ERISED_DOTS.png,RUSP WIM,FICH WUNG,RUSP WIM,FICH WUNG,26_ERISED_FICH_WUNG.png,,FICH WUNG,,,,
54,1712397460036,06/04/2024 09:57:40,1712401060036,1,06/04/2024 11:57:40,139619,19,task-eihb,,36791251,BLIND,10848107,,complete,,661118850fa66211c13d81b3,computer,Desktop or Laptop,Mac OS 10.15.7,Safari 17.3.1,810x1080,1080x296,,,0,1i-3 A Training,4,,,1i-3,,,Pass,,1i-3 A Training,1i-3 A Training,16,Training02,TrainingA,34efq7,1,response,ZETH WAN,4455,10404,10412.000000000058,4455,10404,10412.000000000058,1,4455,5957.000000000058,0,,Single Text Entry,TextResponseA,4,object-97,1i-3,_,14,1i-3_14,4,Training02,33_ROR,ASK,.png,33_ROR_ASK.png,ZETH,WAN,33_ROR_ZETH_WAN.png,,ZETH WAN,19_BURYVOLDY_ASK.png,19_BURYVOLDY_DOTS.png,ZETH WAN,WOUX WAN,ZETH WAN,WOUX WAN,19_BURYVOLDY_WOUX_WAN.png,,WOUX WAN,,,,
55,1712397463429,06/04/2024 09:57:43,1712401063429,1,06/04/2024 11:57:43,139619,19,task-eihb,,36791251,BLIND,10848107,,complete,,661118850fa66211c13d81b3,computer,Desktop or Laptop,Mac OS 10.15.7,Safari 17.3.1,810x1080,1080x704,,,0,1i-3 A Training,4,,,1i-3,,,Pass,,1i-3 A Training,1i-3 A Training,16,Training02,TrainingB,2yfdu9,2,response,,3392,3375,3392,3392,3375,3392,1,3392,0,0,,Click Response,Option B,5,object-246,1i-3,_,14,1i-3_14,4,Training02,33_ROR,ASK,.png,33_ROR_ASK.png,ZETH,WAN,33_ROR_ZETH_WAN.png,,ZETH WAN,19_BURYVOLDY_ASK.png,19_BURYVOLDY_DOTS.png,ZETH WAN,WOUX WAN,ZETH WAN,WOUX WAN,19_BURYVOLDY_WOUX_WAN.png,,WOUX WAN,,,,
56,1712397464245,06/04/2024 09:57:44,1712401064245,1,06/04/2024 11:57:44,139619,19,task-eihb,,36791251,BLIND,10848107,,complete,,661118850fa66211c13d81b3,computer,Desktop or Laptop,Mac OS 10.15.7,Safari 17.3.1,810x1080,1080x704,,,0,1i-3 A Training,4,,,1i-3,,,Pass,,1i-3 A Training,1i-3 A Training,16,Training02,TrainingC,1ouhhw,3,continue,,832,816,832,832,816,832,1,832,0,0,,Click To Continue,Continue Button,6,object-272,1i-3,_,14,1i-3_14,4,Training02,33_ROR,ASK,.png,33_ROR_ASK.png,ZETH,WAN,33_ROR_ZETH_WAN.png,,ZETH WAN,19_BURYVOLDY_ASK.png,19_BURYVOLDY_DOTS.png,ZETH WAN,WOUX WAN,ZETH WAN,WOUX WAN,19_BURYVOLDY_WOUX_WAN.png,,WOUX WAN,,,,
57,1712397480614,06/04/2024 09:58:00,1712401080614,1,06/04/2024 11:58:00,139619,19,task-eihb,,36791251,BLIND,10848107,,complete,,661118850fa66211c13d81b3,computer,Desktop or Laptop,Mac OS 10.15.7,Safari 17.3.1,810x1080,1080x296,,,0,1i-3 A Training,4,,,1i-3,,,Pass,,1i-3 A Training,1i-3 A Training,17,Training02,TrainingA,34efq7,1,response,WOUX WAN,11263,16387,16395,11263,16387,16395,1,11263,5132,0,,Single Text Entry,TextResponseA,4,object-97,1i-3,_,20,1i-3_20,5,Training02,21_TEACHHOG,ASK,.png,21_TEACHHOG_ASK.png,WOUX,WAN,21_TEACHHOG_WOUX_WAN.png,,WOUX WAN,42_ENGLAND_ASK.png,42_ENGLAND_DOTS.png,WOUX WAN,ZETH WAN,WOUX WAN,ZETH WAN,42_ENGLAND_ZETH_WAN.png,,ZETH WAN,,,,
58,1712397483272,06/04/2024 09:58:03,1712401083272,1,06/04/2024 11:58:03,139619,19,task-eihb,,36791251,BLIND,10848107,,complete,,661118850fa66211c13d81b3,computer,Desktop or Laptop,Mac OS 10.15.7,Safari 17.3.1,810x1080,1080x704,,,0,1i-3 A Training,4,,,1i-3,,,Pass,,1i-3 A Training,1i-3 A Training,17,Training02,TrainingB,2yfdu9,2,response,,2658,2641,2658,2658,2641,2658,1,2658,0,0,,Click Response,Option B,5,object-246,1i-3,_,20,1i-3_20,5,Training02,21_TEACHHOG,ASK,.png,21_TEACHHOG_ASK.png,WOUX,WAN,21_TEACHHOG_WOUX_WAN.png,,WOUX WAN,42_ENGLAND_ASK.png,42_ENGLAND_DOTS.png,WOUX WAN,ZETH WAN,WOUX WAN,ZETH WAN,42_ENGLAND_ZETH_WAN.png,,ZETH WAN,,,,
59,1712397483788,06/04/2024 09:58:03,1712401083788,1,06/04/2024 11:58:03,139619,19,task-eihb,,36791251,BLIND,10848107,,complete,,661118850fa66211c13d81b3,computer,Desktop or Laptop,Mac OS 10.15.7,Safari 17.3.1,810x1080,1080x704,,,0,1i-3 A Training,4,,,1i-3,,,Pass,,1i-3 A Training,1i-3 A Training,17,Training02,TrainingC,1ouhhw,3,continue,,532,516,532,532,516,532,1,532,0,0,,Click To Continue,Continue Button,6,object-272,1i-3,_,20,1i-3_20,5,Training02,21_TEACHHOG,ASK,.png,21_TEACHHOG_ASK.png,WOUX,WAN,21_TEACHHOG_WOUX_WAN.png,,WOUX WAN,42_ENGLAND_ASK.png,42_ENGLAND_DOTS.png,WOUX WAN,ZETH WAN,WOUX WAN,ZETH WAN,42_ENGLAND_ZETH_WAN.png,,ZETH WAN,,,,
60,1712397494326,06/04/2024 09:58:14,1712401094326,1,06/04/2024 11:58:14,139619,19,task-eihb,,36791251,BLIND,10848107,,complete,,661118850fa66211c13d81b3,computer,Desktop or Laptop,Mac OS 10.15.7,Safari 17.3.1,810x1080,1080x296,,,0,1i-3 A Training,4,,,1i-3,,,Pass,,1i-3 A Training,1i-3 A Training,18,Training02,TrainingA,34efq7,1,response,ZETHWAN,4189,10555,10563,4189,10555,10563,0,4189,6374,0,,Single Text Entry,TextResponseA,4,object-97,1i-3,_,18,1i-3_18,5,Training02,05_AUROR,ASK,.png,05_AUROR_ASK.png,ZETH,WAN,05_AUROR_ZETH_WAN.png,,ZETH WAN,11_RONWAND_ASK.png,11_RONWAND_DOTS.png,ZETH WAN,FICH WUNG,ZETH WAN,FICH WUNG,11_RONWAND_FICH_WUNG.png,,FICH WUNG,,,,
61,1712397499606,06/04/2024 09:58:19,1712401099606,1,06/04/2024 11:58:19,139619,19,task-eihb,,36791251,BLIND,10848107,,complete,,661118850fa66211c13d81b3,computer,Desktop or Laptop,Mac OS 10.15.7,Safari 17.3.1,810x1080,1080x296,,,0,1i-3 A Training,4,,,1i-3,,,Pass,,1i-3 A Training,1i-3 A Training,18,Training02,TrainingA,34efq7,1,response,ZETH WAN,12730,15837,15843,12730,15837,15843,1,12730,3113,0,,Single Text Entry,TextResponseA,4,object-97,1i-3,_,18,1i-3_18,5,Training02,05_AUROR,ASK,.png,05_AUROR_ASK.png,ZETH,WAN,05_AUROR_ZETH_WAN.png,,ZETH WAN,11_RONWAND_ASK.png,11_RONWAND_DOTS.png,ZETH WAN,FICH WUNG,ZETH WAN,FICH WUNG,11_RONWAND_FICH_WUNG.png,,FICH WUNG,,,,
62,1712397502235,06/04/2024 09:58:22,1712401102235,1,06/04/2024 11:58:22,139619,19,task-eihb,,36791251,BLIND,10848107,,complete,,661118850fa66211c13d81b3,computer,Desktop or Laptop,Mac OS 10.15.7,Safari 17.3.1,810x1080,1080x704,,,0,1i-3 A Training,4,,,1i-3,,,Pass,,1i-3 A Training,1i-3 A Training,18,Training02,TrainingB,2yfdu9,2,response,,2623,2607,2623,2623,2607,2623,1,2623,0,0,,Click Response,Option B,5,object-246,1i-3,_,18,1i-3_18,5,Training02,05_AUROR,ASK,.png,05_AUROR_ASK.png,ZETH,WAN,05_AUROR_ZETH_WAN.png,,ZETH WAN,11_RONWAND_ASK.png,11_RONWAND_DOTS.png,ZETH WAN,FICH WUNG,ZETH WAN,FICH WUNG,11_RONWAND_FICH_WUNG.png,,FICH WUNG,,,,
63,1712397503067,06/04/2024 09:58:23,1712401103067,1,06/04/2024 11:58:23,139619,19,task-eihb,,36791251,BLIND,10848107,,complete,,661118850fa66211c13d81b3,computer,Desktop or Laptop,Mac OS 10.15.7,Safari 17.3.1,810x1080,1080x704,,,0,1i-3 A Training,4,,,1i-3,,,Pass,,1i-3 A Training,1i-3 A Training,18,Training02,TrainingC,1ouhhw,3,continue,,851,834,851,851,834,851,1,851,0,0,,Click To Continue,Continue Button,6,object-272,1i-3,_,18,1i-3_18,5,Training02,05_AUROR,ASK,.png,05_AUROR_ASK.png,ZETH,WAN,05_AUROR_ZETH_WAN.png,,ZETH WAN,11_RONWAND_ASK.png,11_RONWAND_DOTS.png,ZETH WAN,FICH WUNG,ZETH WAN,FICH WUNG,11_RONWAND_FICH_WUNG.png,,FICH WUNG,,,,
64,1712397514052,06/04/2024 09:58:34,1712401114052,1,06/04/2024 11:58:34,139619,19,task-eihb,,36791251,BLIND,10848107,,complete,,661118850fa66211c13d81b3,computer,Desktop or Laptop,Mac OS 10.15.7,Safari 17.3.1,810x1080,1080x296,,,0,1i-3 A Training,4,,,1i-3,,,Pass,,1i-3 A Training,1i-3 A Training,19,Training02,TrainingA,34efq7,1,response,RUSP WIM,5887,11004,11011,5887,11004,11011,1,5887,5124,0,,Single Text Entry,TextResponseA,4,object-97,1i-3,_,19,1i-3_19,5,Training02,41_PIXIE,ASK,.png,41_PIXIE_ASK.png,RUSP,WIM,41_PIXIE_RUSP_WIM.png,,RUSP WIM,35_PROPHET_ASK.png,35_PROPHET_DOTS.png,WOUX WAN,RUSP WIM,RUSP WIM,WOUX WAN,35_PROPHET_WOUX_WAN.png,WOUX WAN,,,,,
65,1712397515995,06/04/2024 09:58:35,1712401115995,1,06/04/2024 11:58:35,139619,19,task-eihb,,36791251,BLIND,10848107,,complete,,661118850fa66211c13d81b3,computer,Desktop or Laptop,Mac OS 10.15.7,Safari 17.3.1,810x1080,1080x704,,,0,1i-3 A Training,4,,,1i-3,,,Pass,,1i-3 A Training,1i-3 A Training,19,Training02,TrainingB,2yfdu9,2,response,,1942,1925,1942,1942,1925,1942,1,1942,0,0,,Click Response,Option A,4,object-245,1i-3,_,19,1i-3_19,5,Training02,41_PIXIE,ASK,.png,41_PIXIE_ASK.png,RUSP,WIM,41_PIXIE_RUSP_WIM.png,,RUSP WIM,35_PROPHET_ASK.png,35_PROPHET_DOTS.png,WOUX WAN,RUSP WIM,RUSP WIM,WOUX WAN,35_PROPHET_WOUX_WAN.png,WOUX WAN,,,,,
66,1712397516595,06/04/2024 09:58:36,1712401116595,1,06/04/2024 11:58:36,139619,19,task-eihb,,36791251,BLIND,10848107,,complete,,661118850fa66211c13d81b3,computer,Desktop or Laptop,Mac OS 10.15.7,Safari 17.3.1,810x1080,1080x704,,,0,1i-3 A Training,4,,,1i-3,,,Pass,,1i-3 A Training,1i-3 A Training,19,Training02,TrainingC,1ouhhw,3,continue,,615,599,615,615,599,615,1,615,0,0,,Click To Continue,Continue Button,6,object-272,1i-3,_,19,1i-3_19,5,Training02,41_PIXIE,ASK,.png,41_PIXIE_ASK.png,RUSP,WIM,41_PIXIE_RUSP_WIM.png,,RUSP WIM,35_PROPHET_ASK.png,35_PROPHET_DOTS.png,WOUX WAN,RUSP WIM,RUSP WIM,WOUX WAN,35_PROPHET_WOUX_WAN.png,WOUX WAN,,,,,
67,1712397528767,06/04/2024 09:58:48,1712401128767,1,06/04/2024 11:58:48,139619,19,task-eihb,,36791251,BLIND,10848107,,complete,,661118850fa66211c13d81b3,computer,Desktop or Laptop,Mac OS 10.15.7,Safari 17.3.1,810x1080,1080x296,,,0,1i-3 A Training,4,,,1i-3,,,Pass,,1i-3 A Training,1i-3 A Training,20,Training02,TrainingA,34efq7,1,response,FICH WUNG,4704,12188,12198,4704,12188,12198,1,4704,7494,0,,Single Text Entry,TextResponseA,4,object-97,1i-3,_,17,1i-3_17,5,Training02,25_PROSECUTE,ASK,.png,25_PROSECUTE_ASK.png,FICH,WUNG,25_PROSECUTE_FICH_WUNG.png,,FICH WUNG,04_WHEEZES_ASK.png,04_WHEEZES_DOTS.png,RUSP WIM,FICH WUNG,FICH WUNG,RUSP WIM,04_WHEEZES_RUSP_WIM.png,RUSP WIM,,,,,
68,1712397532524,06/04/2024 09:58:52,1712401132524,1,06/04/2024 11:58:52,139619,19,task-eihb,,36791251,BLIND,10848107,,complete,,661118850fa66211c13d81b3,computer,Desktop or Laptop,Mac OS 10.15.7,Safari 17.3.1,810x1080,1080x704,,,0,1i-3 A Training,4,,,1i-3,,,Pass,,1i-3 A Training,1i-3 A Training,20,Training02,TrainingB,2yfdu9,2,response,,3758,3741,3758,3758,3741,3758,1,3758,0,0,,Click Response,Option A,4,object-245,1i-3,_,17,1i-3_17,5,Training02,25_PROSECUTE,ASK,.png,25_PROSECUTE_ASK.png,FICH,WUNG,25_PROSECUTE_FICH_WUNG.png,,FICH WUNG,04_WHEEZES_ASK.png,04_WHEEZES_DOTS.png,RUSP WIM,FICH WUNG,FICH WUNG,RUSP WIM,04_WHEEZES_RUSP_WIM.png,RUSP WIM,,,,,
69,1712397533274,06/04/2024 09:58:53,1712401133274,1,06/04/2024 11:58:53,139619,19,task-eihb,,36791251,BLIND,10848107,,complete,,661118850fa66211c13d81b3,computer,Desktop or Laptop,Mac OS 10.15.7,Safari 17.3.1,810x1080,1080x704,,,0,1i-3 A Training,4,,,1i-3,,,Pass,,1i-3 A Training,1i-3 A Training,20,Training02,TrainingC,1ouhhw,3,continue,,767,750,767,767,750,767,1,767,0,0,,Click To Continue,Continue Button,6,object-272,1i-3,_,17,1i-3_17,5,Training02,25_PROSECUTE,ASK,.png,25_PROSECUTE_ASK.png,FICH,WUNG,25_PROSECUTE_FICH_WUNG.png,,FICH WUNG,04_WHEEZES_ASK.png,04_WHEEZES_DOTS.png,RUSP WIM,FICH WUNG,FICH WUNG,RUSP WIM,04_WHEEZES_RUSP_WIM.png,RUSP WIM,,,,,
70,1712397542776,06/04/2024 09:59:02,1712401142776,1,06/04/2024 11:59:02,139619,19,task-eihb,,36791251,BLIND,10848107,,complete,,661118850fa66211c13d81b3,computer,Desktop or Laptop,Mac OS 10.15.7,Safari 17.3.1,810x1080,1080x296,,,0,1i-3 A Training,4,,,1i-3,,,Pass,,1i-3 A Training,1i-3 A Training,21,Training02,TrainingA,34efq7,1,response,ZETH WAN,4772,9521,9528.000000000116,4772,9521,9528.000000000116,1,4772,4756.000000000116,0,,Single Text Entry,TextResponseA,4,object-97,1i-3,_,22,1i-3_22,6,Training02,26_ERISED,ASK,.png,26_ERISED_ASK.png,ZETH,WAN,26_ERISED_ZETH_WAN.png,,ZETH WAN,18_LIVEGODRIC_ASK.png,18_LIVEGODRIC_DOTS.png,RUSP WIM,ZETH WAN,ZETH WAN,RUSP WIM,18_LIVEGODRIC_RUSP_WIM.png,RUSP WIM,,,,,
71,1712397545802,06/04/2024 09:59:05,1712401145802,1,06/04/2024 11:59:05,139619,19,task-eihb,,36791251,BLIND,10848107,,complete,,661118850fa66211c13d81b3,computer,Desktop or Laptop,Mac OS 10.15.7,Safari 17.3.1,810x1080,1080x704,,,0,1i-3 A Training,4,,,1i-3,,,Pass,,1i-3 A Training,1i-3 A Training,21,Training02,TrainingB,2yfdu9,2,response,,3025,3008,3025,3025,3008,3025,1,3025,0,0,,Click Response,Option A,4,object-245,1i-3,_,22,1i-3_22,6,Training02,26_ERISED,ASK,.png,26_ERISED_ASK.png,ZETH,WAN,26_ERISED_ZETH_WAN.png,,ZETH WAN,18_LIVEGODRIC_ASK.png,18_LIVEGODRIC_DOTS.png,RUSP WIM,ZETH WAN,ZETH WAN,RUSP WIM,18_LIVEGODRIC_RUSP_WIM.png,RUSP WIM,,,,,
72,1712397546669,06/04/2024 09:59:06,1712401146669,1,06/04/2024 11:59:06,139619,19,task-eihb,,36791251,BLIND,10848107,,complete,,661118850fa66211c13d81b3,computer,Desktop or Laptop,Mac OS 10.15.7,Safari 17.3.1,810x1080,1080x704,,,0,1i-3 A Training,4,,,1i-3,,,Pass,,1i-3 A Training,1i-3 A Training,21,Training02,TrainingC,1ouhhw,3,continue,,884,867,884,884,867,884,1,884,0,0,,Click To Continue,Continue Button,6,object-272,1i-3,_,22,1i-3_22,6,Training02,26_ERISED,ASK,.png,26_ERISED_ASK.png,ZETH,WAN,26_ERISED_ZETH_WAN.png,,ZETH WAN,18_LIVEGODRIC_ASK.png,18_LIVEGODRIC_DOTS.png,RUSP WIM,ZETH WAN,ZETH WAN,RUSP WIM,18_LIVEGODRIC_RUSP_WIM.png,RUSP WIM,,,,,
73,1712397559529,06/04/2024 09:59:19,1712401159529,1,06/04/2024 11:59:19,139619,19,task-eihb,,36791251,BLIND,10848107,,complete,,661118850fa66211c13d81b3,computer,Desktop or Laptop,Mac OS 10.15.7,Safari 17.3.1,810x1080,1080x296,,,0,1i-3 A Training,4,,,1i-3,,,Pass,,1i-3 A Training,1i-3 A Training,22,Training02,TrainingA,34efq7,1,response,FICH WUNG,5336,12876,12884,5336,12876,12884,1,5336,7548,0,,Single Text Entry,TextResponseA,4,object-97,1i-3,_,21,1i-3_21,6,Training02,39_STOPHAGRID,ASK,.png,39_STOPHAGRID_ASK.png,FICH,WUNG,39_STOPHAGRID_FICH_WUNG.png,,FICH WUNG,14_MUNGOS_ASK.png,14_MUNGOS_DOTS.png,WOUX WAN,FICH WUNG,FICH WUNG,WOUX WAN,14_MUNGOS_WOUX_WAN.png,WOUX WAN,,,,,
74,1712397564432,06/04/2024 09:59:24,1712401164432,1,06/04/2024 11:59:24,139619,19,task-eihb,,36791251,BLIND,10848107,,complete,,661118850fa66211c13d81b3,computer,Desktop or Laptop,Mac OS 10.15.7,Safari 17.3.1,810x1080,1080x704,,,0,1i-3 A Training,4,,,1i-3,,,Pass,,1i-3 A Training,1i-3 A Training,22,Training02,TrainingB,2yfdu9,2,response,,4902,4885,4902,4902,4885,4902,1,4902,0,0,,Click Response,Option A,4,object-245,1i-3,_,21,1i-3_21,6,Training02,39_STOPHAGRID,ASK,.png,39_STOPHAGRID_ASK.png,FICH,WUNG,39_STOPHAGRID_FICH_WUNG.png,,FICH WUNG,14_MUNGOS_ASK.png,14_MUNGOS_DOTS.png,WOUX WAN,FICH WUNG,FICH WUNG,WOUX WAN,14_MUNGOS_WOUX_WAN.png,WOUX WAN,,,,,
75,1712397565629,06/04/2024 09:59:25,1712401165629,1,06/04/2024 11:59:25,139619,19,task-eihb,,36791251,BLIND,10848107,,complete,,661118850fa66211c13d81b3,computer,Desktop or Laptop,Mac OS 10.15.7,Safari 17.3.1,810x1080,1080x704,,,0,1i-3 A Training,4,,,1i-3,,,Pass,,1i-3 A Training,1i-3 A Training,22,Training02,TrainingC,1ouhhw,3,continue,,1215,1199,1215,1215,1199,1215,1,1215,0,0,,Click To Continue,Continue Button,6,object-272,1i-3,_,21,1i-3_21,6,Training02,39_STOPHAGRID,ASK,.png,39_STOPHAGRID_ASK.png,FICH,WUNG,39_STOPHAGRID_FICH_WUNG.png,,FICH WUNG,14_MUNGOS_ASK.png,14_MUNGOS_DOTS.png,WOUX WAN,FICH WUNG,FICH WUNG,WOUX WAN,14_MUNGOS_WOUX_WAN.png,WOUX WAN,,,,,
76,1712397579769,06/04/2024 09:59:39,1712401179769,1,06/04/2024 11:59:39,139619,19,task-eihb,,36791251,BLIND,10848107,,complete,,661118850fa66211c13d81b3,computer,Desktop or Laptop,Mac OS 10.15.7,Safari 17.3.1,810x1080,1080x314,,,0,1i-3 A Training,4,,,1i-3,,,Pass,,1i-3 A Training,1i-3 A Training,23,Training02,TrainingA,34efq7,1,response,WOUX WAN,4668,14155,14164,4668,14155,14164,1,4668,9496,0,,Single Text Entry,TextResponseA,4,object-97,1i-3,_,24,1i-3_24,6,Training02,07_AZKABAN,ASK,.png,07_AZKABAN_ASK.png,WOUX,WAN,07_AZKABAN_WOUX_WAN.png,,WOUX WAN,32_QWC_ASK.png,32_QWC_DOTS.png,WOUX WAN,FICH WUNG,WOUX WAN,FICH WUNG,32_QWC_FICH_WUNG.png,,FICH WUNG,,,,
77,1712397586441,06/04/2024 09:59:46,1712401186441,1,06/04/2024 11:59:46,139619,19,task-eihb,,36791251,BLIND,10848107,,complete,,661118850fa66211c13d81b3,computer,Desktop or Laptop,Mac OS 10.15.7,Safari 17.3.1,810x1080,1080x704,,,0,1i-3 A Training,4,,,1i-3,,,Pass,,1i-3 A Training,1i-3 A Training,23,Training02,TrainingB,2yfdu9,2,response,,6671,6655,6671,6671,6655,6671,1,6671,0,0,,Click Response,Option B,5,object-246,1i-3,_,24,1i-3_24,6,Training02,07_AZKABAN,ASK,.png,07_AZKABAN_ASK.png,WOUX,WAN,07_AZKABAN_WOUX_WAN.png,,WOUX WAN,32_QWC_ASK.png,32_QWC_DOTS.png,WOUX WAN,FICH WUNG,WOUX WAN,FICH WUNG,32_QWC_FICH_WUNG.png,,FICH WUNG,,,,
78,1712397587008,06/04/2024 09:59:47,1712401187008,1,06/04/2024 11:59:47,139619,19,task-eihb,,36791251,BLIND,10848107,,complete,,661118850fa66211c13d81b3,computer,Desktop or Laptop,Mac OS 10.15.7,Safari 17.3.1,810x1080,1080x704,,,0,1i-3 A Training,4,,,1i-3,,,Pass,,1i-3 A Training,1i-3 A Training,23,Training02,TrainingC,1ouhhw,3,continue,,584,567,584,584,567,584,1,584,0,0,,Click To Continue,Continue Button,6,object-272,1i-3,_,24,1i-3_24,6,Training02,07_AZKABAN,ASK,.png,07_AZKABAN_ASK.png,WOUX,WAN,07_AZKABAN_WOUX_WAN.png,,WOUX WAN,32_QWC_ASK.png,32_QWC_DOTS.png,WOUX WAN,FICH WUNG,WOUX WAN,FICH WUNG,32_QWC_FICH_WUNG.png,,FICH WUNG,,,,
79,1712397600355,06/04/2024 10:00:00,1712401200355,1,06/04/2024 12:00:00,139619,19,task-eihb,,36791251,BLIND,10848107,,complete,,661118850fa66211c13d81b3,computer,Desktop or Laptop,Mac OS 10.15.7,Safari 17.3.1,810x1080,1080x296,,,0,1i-3 A Training,4,,,1i-3,,,Pass,,1i-3 A Training,1i-3 A Training,24,Training02,TrainingA,34efq7,1,response,RUSP WIM,4732,13369,13374,4732,13369,13374,1,4732,8642,0,,Single Text Entry,TextResponseA,4,object-97,1i-3,_,23,1i-3_23,6,Training02,20_PULLSWORD,ASK,.png,20_PULLSWORD_ASK.png,RUSP,WIM,20_PULLSWORD_RUSP_WIM.png,,RUSP WIM,28_GALLEONS_ASK.png,28_GALLEONS_DOTS.png,RUSP WIM,ZETH WAN,RUSP WIM,ZETH WAN,28_GALLEONS_ZETH_WAN.png,,ZETH WAN,,,,
80,1712397601919,06/04/2024 10:00:01,1712401201919,1,06/04/2024 12:00:01,139619,19,task-eihb,,36791251,BLIND,10848107,,complete,,661118850fa66211c13d81b3,computer,Desktop or Laptop,Mac OS 10.15.7,Safari 17.3.1,810x1080,1080x704,,,0,1i-3 A Training,4,,,1i-3,,,Pass,,1i-3 A Training,1i-3 A Training,24,Training02,TrainingB,2yfdu9,2,response,,1560,1543,1560,1560,1543,1560,1,1560,0,0,,Click Response,Option B,5,object-246,1i-3,_,23,1i-3_23,6,Training02,20_PULLSWORD,ASK,.png,20_PULLSWORD_ASK.png,RUSP,WIM,20_PULLSWORD_RUSP_WIM.png,,RUSP WIM,28_GALLEONS_ASK.png,28_GALLEONS_DOTS.png,RUSP WIM,ZETH WAN,RUSP WIM,ZETH WAN,28_GALLEONS_ZETH_WAN.png,,ZETH WAN,,,,
81,1712397603002,06/04/2024 10:00:03,1712401203002,1,06/04/2024 12:00:03,139619,19,task-eihb,,36791251,BLIND,10848107,,complete,,661118850fa66211c13d81b3,computer,Desktop or Laptop,Mac OS 10.15.7,Safari 17.3.1,810x1080,1080x704,,,0,1i-3 A Training,4,,,1i-3,,,Pass,,1i-3 A Training,1i-3 A Training,24,Training02,TrainingC,1ouhhw,3,continue,,1100,1083,1100,1100,1083,1100,1,1100,0,0,,Click To Continue,Continue Button,6,object-272,1i-3,_,23,1i-3_23,6,Training02,20_PULLSWORD,ASK,.png,20_PULLSWORD_ASK.png,RUSP,WIM,20_PULLSWORD_RUSP_WIM.png,,RUSP WIM,28_GALLEONS_ASK.png,28_GALLEONS_DOTS.png,RUSP WIM,ZETH WAN,RUSP WIM,ZETH WAN,28_GALLEONS_ZETH_WAN.png,,ZETH WAN,,,,
82,1712397603004,06/04/2024 10:00:03,1712401203004,1,06/04/2024 12:00:03,139619,19,task-eihb,,36791251,BLIND,10848107,,complete,,661118850fa66211c13d81b3,computer,Desktop or Laptop,Mac OS 10.15.7,Safari 17.3.1,810x1080,1080x704,,,0,1i-3 A Training,4,,,1i-3,,,Pass,,1i-3 A Training,1i-3 A Training,,,,,,5,END,,,,,,,0,,,,,,,,,,,,,,,,,,,,,,,,,,,,,,,,,,,,
1,1712399467955,06/04/2024 10:31:07,1712403067955,1,06/04/2024 12:31:07,139619,19,task-eihb,,36791937,BLIND,10848315,,complete,,661121ee5d4f9f30f20c948f,computer,Desktop or Laptop,Mac OS 10.15.7,Chrome 123.0.0.0,1440x900,1440x813,,,0,1i-3 A Training,4,,,1i-3,,,Pass,,1i-3 A Training,1i-3 A Training,,,,,,5,BEGIN,,,,,,,0,,,,,,,,,,,,,,,,,,,,,,,,,,,,,,,,,,,,
2,1712399473315,06/04/2024 10:31:13,1712403073315,1,06/04/2024 12:31:13,139619,19,task-eihb,,36791937,BLIND,10848315,,complete,,661121ee5d4f9f30f20c948f,computer,Desktop or Laptop,Mac OS 10.15.7,Chrome 123.0.0.0,1440x900,1440x813,,,0,1i-3 A Training,4,,,1i-3,,,Pass,,1i-3 A Training,1i-3 A Training,1,Instructions,Attention Check 5,4xnmv6,1,continue,,5190.1,5183.200000000001,5190.1,5190.1,5183.200000000001,5190.1,1,5190.1,0,0,,Click To Continue,Continue Button,4,object-285,,,,,,Instructions,,,,,,,,,,,,,,,,,,,,,,
3,1712399473316,06/04/2024 10:31:13,1712403073316,1,06/04/2024 12:31:13,139619,19,task-eihb,,36791937,BLIND,10848315,,complete,,661121ee5d4f9f30f20c948f,computer,Desktop or Laptop,Mac OS 10.15.7,Chrome 123.0.0.0,1440x900,1440x813,,,0,1i-3 A Training,4,,,1i-3,,,Pass,,1i-3 A Training,1i-3 A Training,1,Instructions,Attention Check 5,4xnmv6,1,response,Accio!,4166.6,5183.200000000001,5191.4999999761585,4166.6,5183.200000000001,5191.4999999761585,1,4166.6,1024.8999999761581,0,,Dropdown,Dropdown5,3,object-284,,,,,,Instructions,,,,,,,,,,,,,,,,,,,,,,
4,1712399478755,06/04/2024 10:31:18,1712403078755,1,06/04/2024 12:31:18,139619,19,task-eihb,,36791937,BLIND,10848315,,complete,,661121ee5d4f9f30f20c948f,computer,Desktop or Laptop,Mac OS 10.15.7,Chrome 123.0.0.0,1440x900,1440x813,,,0,1i-3 A Training,4,,,1i-3,,,Pass,,1i-3 A Training,1i-3 A Training,1,Instructions,Attention Check 6,wf497f,2,continue,,5446.700000071525,5432.299999999999,5446.700000071525,5446.700000071525,5432.299999999999,5446.700000071525,1,5446.700000071525,0,0,,Click To Continue,Continue Button,4,object-292,,,,,,Instructions,,,,,,,,,,,,,,,,,,,,,,
5,1712399478758,06/04/2024 10:31:18,1712403078758,1,06/04/2024 12:31:18,139619,19,task-eihb,,36791937,BLIND,10848315,,complete,,661121ee5d4f9f30f20c948f,computer,Desktop or Laptop,Mac OS 10.15.7,Chrome 123.0.0.0,1440x900,1440x813,,,0,1i-3 A Training,4,,,1i-3,,,Pass,,1i-3 A Training,1i-3 A Training,1,Instructions,Attention Check 6,wf497f,2,response,The Invisibility Cloak,5033.299999999999,5432.299999999999,5449.0999999999985,5033.299999999999,5432.299999999999,5449.0999999999985,1,5033.299999999999,415.7999999999993,0,,Dropdown,Dropdown6,3,object-291,,,,,,Instructions,,,,,,,,,,,,,,,,,,,,,,
6,1712399485224,06/04/2024 10:31:25,1712403085224,1,06/04/2024 12:31:25,139619,19,task-eihb,,36791937,BLIND,10848315,,complete,,661121ee5d4f9f30f20c948f,computer,Desktop or Laptop,Mac OS 10.15.7,Chrome 123.0.0.0,1440x900,1440x813,,,0,1i-3 A Training,4,,,1i-3,,,Pass,,1i-3 A Training,1i-3 A Training,1,Instructions,Screen 22,3y4guk,3,continue,,6484.300000047684,6467.699999999999,6484.300000047684,6484.300000047684,6467.699999999999,6484.300000047684,1,6484.300000047684,0,0,,Click To Continue,Continue Button,3,object-297,,,,,,Instructions,,,,,,,,,,,,,,,,,,,,,,
7,1712399490686,06/04/2024 10:31:30,1712403090686,1,06/04/2024 12:31:30,139619,19,task-eihb,,36791937,BLIND,10848315,,complete,,661121ee5d4f9f30f20c948f,computer,Desktop or Laptop,Mac OS 10.15.7,Chrome 123.0.0.0,1440x900,1440x813,,,0,1i-3 A Training,4,,,1i-3,,,Pass,,1i-3 A Training,1i-3 A Training,1,Instructions,Instructions 02,q3gk2e,4,continue,,5477.600000047685,5465.5,5477.600000047685,5477.600000047685,5465.5,5477.600000047685,1,5477.600000047685,0,0,,Click To Continue,Continue Button,2,object-75,,,,,,Instructions,,,,,,,,,,,,,,,,,,,,,,
8,1712399497046,06/04/2024 10:31:37,1712403097046,1,06/04/2024 12:31:37,139619,19,task-eihb,,36791937,BLIND,10848315,,complete,,661121ee5d4f9f30f20c948f,computer,Desktop or Laptop,Mac OS 10.15.7,Chrome 123.0.0.0,1440x900,1440x813,,,0,1i-3 A Training,4,,,1i-3,,,Pass,,1i-3 A Training,1i-3 A Training,1,Instructions,Instructions 03,gxa3vr,5,continue,,6372.000000023843,6366.700000000001,6372.000000023843,6372.000000023843,6366.700000000001,6372.000000023843,1,6372.000000023843,0,0,,Click To Continue,Continue Button,1,object-165,,,,,,Instructions,,,,,,,,,,,,,,,,,,,,,,
9,1712399504769,06/04/2024 10:31:44,1712403104769,1,06/04/2024 12:31:44,139619,19,task-eihb,,36791937,BLIND,10848315,,complete,,661121ee5d4f9f30f20c948f,computer,Desktop or Laptop,Mac OS 10.15.7,Chrome 123.0.0.0,1440x900,1440x813,,,0,1i-3 A Training,4,,,1i-3,,,Pass,,1i-3 A Training,1i-3 A Training,1,Training02,TrainingA,34efq7,1,response,WOUX WAN,4099.899999999998,7716.399999999998,7728.900000047684,4099.899999999998,7716.399999999998,7728.900000047684,1,4099.899999999998,3629.0000000476866,0,,Single Text Entry,TextResponseA,4,object-97,1i-3,_,04,1i-3_04,1,Training02,35_PROPHET,ASK,.png,35_PROPHET_ASK.png,WOUX,WAN,35_PROPHET_WOUX_WAN.png,,WOUX WAN,40_BURYSNAPE_ASK.png,40_BURYSNAPE_DOTS.png,WOUX WAN,RUSP WIM,WOUX WAN,RUSP WIM,40_BURYSNAPE_RUSP_WIM.png,,RUSP WIM,,,,
10,1712399506655,06/04/2024 10:31:46,1712403106655,1,06/04/2024 12:31:46,139619,19,task-eihb,,36791937,BLIND,10848315,,complete,,661121ee5d4f9f30f20c948f,computer,Desktop or Laptop,Mac OS 10.15.7,Chrome 123.0.0.0,1440x900,1440x813,,,0,1i-3 A Training,4,,,1i-3,,,Pass,,1i-3 A Training,1i-3 A Training,1,Training02,TrainingB,2yfdu9,2,response,,1898.800000000003,1883.5,1898.800000000003,1898.800000000003,1883.5,1898.800000000003,1,1898.800000000003,0,0,,Click Response,Option B,5,object-246,1i-3,_,04,1i-3_04,1,Training02,35_PROPHET,ASK,.png,35_PROPHET_ASK.png,WOUX,WAN,35_PROPHET_WOUX_WAN.png,,WOUX WAN,40_BURYSNAPE_ASK.png,40_BURYSNAPE_DOTS.png,WOUX WAN,RUSP WIM,WOUX WAN,RUSP WIM,40_BURYSNAPE_RUSP_WIM.png,,RUSP WIM,,,,
11,1712399513834,06/04/2024 10:31:53,1712403113834,1,06/04/2024 12:31:53,139619,19,task-eihb,,36791937,BLIND,10848315,,complete,,661121ee5d4f9f30f20c948f,computer,Desktop or Laptop,Mac OS 10.15.7,Chrome 123.0.0.0,1440x900,1440x813,,,0,1i-3 A Training,4,,,1i-3,,,Pass,,1i-3 A Training,1i-3 A Training,1,Training02,TrainingC,1ouhhw,3,continue,,7193.500000047687,7183.200000000004,7193.500000047687,7193.500000047687,7183.200000000004,7193.500000047687,1,7193.500000047687,0,0,,Click To Continue,Continue Button,6,object-272,1i-3,_,04,1i-3_04,1,Training02,35_PROPHET,ASK,.png,35_PROPHET_ASK.png,WOUX,WAN,35_PROPHET_WOUX_WAN.png,,WOUX WAN,40_BURYSNAPE_ASK.png,40_BURYSNAPE_DOTS.png,WOUX WAN,RUSP WIM,WOUX WAN,RUSP WIM,40_BURYSNAPE_RUSP_WIM.png,,RUSP WIM,,,,
12,1712399521944,06/04/2024 10:32:01,1712403121944,1,06/04/2024 12:32:01,139619,19,task-eihb,,36791937,BLIND,10848315,,complete,,661121ee5d4f9f30f20c948f,computer,Desktop or Laptop,Mac OS 10.15.7,Chrome 123.0.0.0,1440x900,1440x813,,,0,1i-3 A Training,4,,,1i-3,,,Pass,,1i-3 A Training,1i-3 A Training,2,Training02,TrainingA,34efq7,1,response,RUSP WIM,2550.0999999999985,8116.5999999999985,8120.0999999999985,2550.0999999999985,8116.5999999999985,8120.0999999999985,1,2550.0999999999985,5570,0,,Single Text Entry,TextResponseA,4,object-97,1i-3,_,03,1i-3_03,1,Training02,13_QUIBBLER,ASK,.png,13_QUIBBLER_ASK.png,RUSP,WIM,13_QUIBBLER_RUSP_WIM.png,,RUSP WIM,27_BESTSELLER_ASK.png,27_BESTSELLER_DOTS.png,FICH WUNG,RUSP WIM,RUSP WIM,FICH WUNG,27_BESTSELLER_FICH_WUNG.png,FICH WUNG,,,,,
13,1712399523395,06/04/2024 10:32:03,1712403123395,1,06/04/2024 12:32:03,139619,19,task-eihb,,36791937,BLIND,10848315,,complete,,661121ee5d4f9f30f20c948f,computer,Desktop or Laptop,Mac OS 10.15.7,Chrome 123.0.0.0,1440x900,1440x813,,,0,1i-3 A Training,4,,,1i-3,,,Pass,,1i-3 A Training,1i-3 A Training,2,Training02,TrainingB,2yfdu9,2,response,,1454.3999999761581,1450.800000000003,1454.3999999761581,1454.3999999761581,1450.800000000003,1454.3999999761581,1,1454.3999999761581,0,0,,Click Response,Option A,4,object-245,1i-3,_,03,1i-3_03,1,Training02,13_QUIBBLER,ASK,.png,13_QUIBBLER_ASK.png,RUSP,WIM,13_QUIBBLER_RUSP_WIM.png,,RUSP WIM,27_BESTSELLER_ASK.png,27_BESTSELLER_DOTS.png,FICH WUNG,RUSP WIM,RUSP WIM,FICH WUNG,27_BESTSELLER_FICH_WUNG.png,FICH WUNG,,,,,
14,1712399527648,06/04/2024 10:32:07,1712403127648,1,06/04/2024 12:32:07,139619,19,task-eihb,,36791937,BLIND,10848315,,complete,,661121ee5d4f9f30f20c948f,computer,Desktop or Laptop,Mac OS 10.15.7,Chrome 123.0.0.0,1440x900,1440x813,,,0,1i-3 A Training,4,,,1i-3,,,Pass,,1i-3 A Training,1i-3 A Training,2,Training02,TrainingC,1ouhhw,3,continue,,4256.699999999997,4250,4256.699999999997,4256.699999999997,4250,4256.699999999997,1,4256.699999999997,0,0,,Click To Continue,Continue Button,6,object-272,1i-3,_,03,1i-3_03,1,Training02,13_QUIBBLER,ASK,.png,13_QUIBBLER_ASK.png,RUSP,WIM,13_QUIBBLER_RUSP_WIM.png,,RUSP WIM,27_BESTSELLER_ASK.png,27_BESTSELLER_DOTS.png,FICH WUNG,RUSP WIM,RUSP WIM,FICH WUNG,27_BESTSELLER_FICH_WUNG.png,FICH WUNG,,,,,
15,1712399534081,06/04/2024 10:32:14,1712403134081,1,06/04/2024 12:32:14,139619,19,task-eihb,,36791937,BLIND,10848315,,complete,,661121ee5d4f9f30f20c948f,computer,Desktop or Laptop,Mac OS 10.15.7,Chrome 123.0.0.0,1440x900,1440x813,,,0,1i-3 A Training,4,,,1i-3,,,Pass,,1i-3 A Training,1i-3 A Training,3,Training02,TrainingA,34efq7,1,response,FICH WUNG,1665.5999999999985,6432.5,6440.000000071523,1665.5999999999985,6432.5,6440.000000071523,1,1665.5999999999985,4774.400000071524,0,,Single Text Entry,TextResponseA,4,object-97,1i-3,_,01,1i-3_01,1,Training02,04_WHEEZES,ASK,.png,04_WHEEZES_ASK.png,FICH,WUNG,04_WHEEZES_FICH_WUNG.png,,FICH WUNG,05_AUROR_ASK.png,05_AUROR_DOTS.png,FICH WUNG,ZETH WAN,FICH WUNG,ZETH WAN,05_AUROR_ZETH_WAN.png,,ZETH WAN,,,,
16,1712399535433,06/04/2024 10:32:15,1712403135433,1,06/04/2024 12:32:15,139619,19,task-eihb,,36791937,BLIND,10848315,,complete,,661121ee5d4f9f30f20c948f,computer,Desktop or Laptop,Mac OS 10.15.7,Chrome 123.0.0.0,1440x900,1440x813,,,0,1i-3 A Training,4,,,1i-3,,,Pass,,1i-3 A Training,1i-3 A Training,3,Training02,TrainingB,2yfdu9,2,response,,1359.5000000715227,1350,1359.5000000715227,1359.5000000715227,1350,1359.5000000715227,1,1359.5000000715227,0,0,,Click Response,Option B,5,object-246,1i-3,_,01,1i-3_01,1,Training02,04_WHEEZES,ASK,.png,04_WHEEZES_ASK.png,FICH,WUNG,04_WHEEZES_FICH_WUNG.png,,FICH WUNG,05_AUROR_ASK.png,05_AUROR_DOTS.png,FICH WUNG,ZETH WAN,FICH WUNG,ZETH WAN,05_AUROR_ZETH_WAN.png,,ZETH WAN,,,,
17,1712399538525,06/04/2024 10:32:18,1712403138525,1,06/04/2024 12:32:18,139619,19,task-eihb,,36791937,BLIND,10848315,,complete,,661121ee5d4f9f30f20c948f,computer,Desktop or Laptop,Mac OS 10.15.7,Chrome 123.0.0.0,1440x900,1440x813,,,0,1i-3 A Training,4,,,1i-3,,,Pass,,1i-3 A Training,1i-3 A Training,3,Training02,TrainingC,1ouhhw,3,continue,,3100.699999999997,3084,3100.699999999997,3100.699999999997,3084,3100.699999999997,1,3100.699999999997,0,0,,Click To Continue,Continue Button,6,object-272,1i-3,_,01,1i-3_01,1,Training02,04_WHEEZES,ASK,.png,04_WHEEZES_ASK.png,FICH,WUNG,04_WHEEZES_FICH_WUNG.png,,FICH WUNG,05_AUROR_ASK.png,05_AUROR_DOTS.png,FICH WUNG,ZETH WAN,FICH WUNG,ZETH WAN,05_AUROR_ZETH_WAN.png,,ZETH WAN,,,,
18,1712399544612,06/04/2024 10:32:24,1712403144612,1,06/04/2024 12:32:24,139619,19,task-eihb,,36791937,BLIND,10848315,,complete,,661121ee5d4f9f30f20c948f,computer,Desktop or Laptop,Mac OS 10.15.7,Chrome 123.0.0.0,1440x900,1440x813,,,0,1i-3 A Training,4,,,1i-3,,,Pass,,1i-3 A Training,1i-3 A Training,4,Training02,TrainingA,34efq7,1,response,ZETH WAN,2350,6099.199999999997,6103.900000047681,2350,6099.199999999997,6103.900000047681,1,2350,3753.900000047681,0,,Single Text Entry,TextResponseA,4,object-97,1i-3,_,02,1i-3_02,1,Training02,40_BURYSNAPE,ASK,.png,40_BURYSNAPE_ASK.png,ZETH,WAN,40_BURYSNAPE_ZETH_WAN.png,,ZETH WAN,20_PULLSWORD_ASK.png,20_PULLSWORD_DOTS.png,WOUX WAN,ZETH WAN,ZETH WAN,WOUX WAN,20_PULLSWORD_WOUX_WAN.png,WOUX WAN,,,,,
19,1712399546017,06/04/2024 10:32:26,1712403146017,1,06/04/2024 12:32:26,139619,19,task-eihb,,36791937,BLIND,10848315,,complete,,661121ee5d4f9f30f20c948f,computer,Desktop or Laptop,Mac OS 10.15.7,Chrome 123.0.0.0,1440x900,1440x813,,,0,1i-3 A Training,4,,,1i-3,,,Pass,,1i-3 A Training,1i-3 A Training,4,Training02,TrainingB,2yfdu9,2,response,,1410.1000000238419,1399.800000000003,1410.1000000238419,1410.1000000238419,1399.800000000003,1410.1000000238419,1,1410.1000000238419,0,0,,Click Response,Option A,4,object-245,1i-3,_,02,1i-3_02,1,Training02,40_BURYSNAPE,ASK,.png,40_BURYSNAPE_ASK.png,ZETH,WAN,40_BURYSNAPE_ZETH_WAN.png,,ZETH WAN,20_PULLSWORD_ASK.png,20_PULLSWORD_DOTS.png,WOUX WAN,ZETH WAN,ZETH WAN,WOUX WAN,20_PULLSWORD_WOUX_WAN.png,WOUX WAN,,,,,
20,1712399549876,06/04/2024 10:32:29,1712403149876,1,06/04/2024 12:32:29,139619,19,task-eihb,,36791937,BLIND,10848315,,complete,,661121ee5d4f9f30f20c948f,computer,Desktop or Laptop,Mac OS 10.15.7,Chrome 123.0.0.0,1440x900,1440x813,,,0,1i-3 A Training,4,,,1i-3,,,Pass,,1i-3 A Training,1i-3 A Training,4,Training02,TrainingC,1ouhhw,3,continue,,3866.5,3850.199999999997,3866.5,3866.5,3850.199999999997,3866.5,1,3866.5,0,0,,Click To Continue,Continue Button,6,object-272,1i-3,_,02,1i-3_02,1,Training02,40_BURYSNAPE,ASK,.png,40_BURYSNAPE_ASK.png,ZETH,WAN,40_BURYSNAPE_ZETH_WAN.png,,ZETH WAN,20_PULLSWORD_ASK.png,20_PULLSWORD_DOTS.png,WOUX WAN,ZETH WAN,ZETH WAN,WOUX WAN,20_PULLSWORD_WOUX_WAN.png,WOUX WAN,,,,,
21,1712399558255,06/04/2024 10:32:38,1712403158255,1,06/04/2024 12:32:38,139619,19,task-eihb,,36791937,BLIND,10848315,,complete,,661121ee5d4f9f30f20c948f,computer,Desktop or Laptop,Mac OS 10.15.7,Chrome 123.0.0.0,1440x900,1440x813,,,0,1i-3 A Training,4,,,1i-3,,,Pass,,1i-3 A Training,1i-3 A Training,5,Training02,TrainingA,34efq7,1,response,ZETH WAN,4699.600000000006,8383.699999999997,8398,4699.600000000006,8383.699999999997,8398,1,4699.600000000006,3698.399999999994,0,,Single Text Entry,TextResponseA,4,object-97,1i-3,_,06,1i-3_06,2,Training02,12_SKEETER,ASK,.png,12_SKEETER_ASK.png,ZETH,WAN,12_SKEETER_ZETH_WAN.png,,ZETH WAN,12_SKEETER_ASK.png,12_SKEETER_DOTS.png,FICH WUNG,ZETH WAN,ZETH WAN,FICH WUNG,12_SKEETER_FICH_WUNG.png,FICH WUNG,,,,,
22,1712399559307,06/04/2024 10:32:39,1712403159307,1,06/04/2024 12:32:39,139619,19,task-eihb,,36791937,BLIND,10848315,,complete,,661121ee5d4f9f30f20c948f,computer,Desktop or Laptop,Mac OS 10.15.7,Chrome 123.0.0.0,1440x900,1440x813,,,0,1i-3 A Training,4,,,1i-3,,,Pass,,1i-3 A Training,1i-3 A Training,5,Training02,TrainingB,2yfdu9,2,response,,1066.5000000476866,1050.1000000000058,1066.5000000476866,1066.5000000476866,1050.1000000000058,1066.5000000476866,1,1066.5000000476866,0,0,,Click Response,Option A,4,object-245,1i-3,_,06,1i-3_06,2,Training02,12_SKEETER,ASK,.png,12_SKEETER_ASK.png,ZETH,WAN,12_SKEETER_ZETH_WAN.png,,ZETH WAN,12_SKEETER_ASK.png,12_SKEETER_DOTS.png,FICH WUNG,ZETH WAN,ZETH WAN,FICH WUNG,12_SKEETER_FICH_WUNG.png,FICH WUNG,,,,,
23,1712399563987,06/04/2024 10:32:43,1712403163987,1,06/04/2024 12:32:43,139619,19,task-eihb,,36791937,BLIND,10848315,,complete,,661121ee5d4f9f30f20c948f,computer,Desktop or Laptop,Mac OS 10.15.7,Chrome 123.0.0.0,1440x900,1440x813,,,0,1i-3 A Training,4,,,1i-3,,,Pass,,1i-3 A Training,1i-3 A Training,5,Training02,TrainingC,1ouhhw,3,continue,,4695.800000023839,4682.5,4695.800000023839,4695.800000023839,4682.5,4695.800000023839,1,4695.800000023839,0,0,,Click To Continue,Continue Button,6,object-272,1i-3,_,06,1i-3_06,2,Training02,12_SKEETER,ASK,.png,12_SKEETER_ASK.png,ZETH,WAN,12_SKEETER_ZETH_WAN.png,,ZETH WAN,12_SKEETER_ASK.png,12_SKEETER_DOTS.png,FICH WUNG,ZETH WAN,ZETH WAN,FICH WUNG,12_SKEETER_FICH_WUNG.png,FICH WUNG,,,,,
24,1712399570525,06/04/2024 10:32:50,1712403170525,1,06/04/2024 12:32:50,139619,19,task-eihb,,36791937,BLIND,10848315,,complete,,661121ee5d4f9f30f20c948f,computer,Desktop or Laptop,Mac OS 10.15.7,Chrome 123.0.0.0,1440x900,1440x813,,,0,1i-3 A Training,4,,,1i-3,,,Pass,,1i-3 A Training,1i-3 A Training,6,Training02,TrainingA,34efq7,1,response,FICH WUNG,1716.8999999999942,6533.300000000003,6550.200000000012,1716.8999999999942,6533.300000000003,6550.200000000012,1,1716.8999999999942,4833.3000000000175,0,,Single Text Entry,TextResponseA,4,object-97,1i-3,_,05,1i-3_05,2,Training02,18_LIVEGODRIC,ASK,.png,18_LIVEGODRIC_ASK.png,FICH,WUNG,18_LIVEGODRIC_FICH_WUNG.png,,FICH WUNG,07_AZKABAN_ASK.png,07_AZKABAN_DOTS.png,FICH WUNG,RUSP WIM,FICH WUNG,RUSP WIM,07_AZKABAN_RUSP_WIM.png,,RUSP WIM,,,,
25,1712399571490,06/04/2024 10:32:51,1712403171490,1,06/04/2024 12:32:51,139619,19,task-eihb,,36791937,BLIND,10848315,,complete,,661121ee5d4f9f30f20c948f,computer,Desktop or Laptop,Mac OS 10.15.7,Chrome 123.0.0.0,1440x900,1440x813,,,0,1i-3 A Training,4,,,1i-3,,,Pass,,1i-3 A Training,1i-3 A Training,6,Training02,TrainingB,2yfdu9,2,response,,983.2999999761523,967.2999999999884,983.2999999761523,983.2999999761523,967.2999999999884,983.2999999761523,1,983.2999999761523,0,0,,Click Response,Option B,5,object-246,1i-3,_,05,1i-3_05,2,Training02,18_LIVEGODRIC,ASK,.png,18_LIVEGODRIC_ASK.png,FICH,WUNG,18_LIVEGODRIC_FICH_WUNG.png,,FICH WUNG,07_AZKABAN_ASK.png,07_AZKABAN_DOTS.png,FICH WUNG,RUSP WIM,FICH WUNG,RUSP WIM,07_AZKABAN_RUSP_WIM.png,,RUSP WIM,,,,
26,1712399574953,06/04/2024 10:32:54,1712403174953,1,06/04/2024 12:32:54,139619,19,task-eihb,,36791937,BLIND,10848315,,complete,,661121ee5d4f9f30f20c948f,computer,Desktop or Laptop,Mac OS 10.15.7,Chrome 123.0.0.0,1440x900,1440x813,,,0,1i-3 A Training,4,,,1i-3,,,Pass,,1i-3 A Training,1i-3 A Training,6,Training02,TrainingC,1ouhhw,3,continue,,3478.999999976164,3465.7000000000116,3478.999999976164,3478.999999976164,3465.7000000000116,3478.999999976164,1,3478.999999976164,0,0,,Click To Continue,Continue Button,6,object-272,1i-3,_,05,1i-3_05,2,Training02,18_LIVEGODRIC,ASK,.png,18_LIVEGODRIC_ASK.png,FICH,WUNG,18_LIVEGODRIC_FICH_WUNG.png,,FICH WUNG,07_AZKABAN_ASK.png,07_AZKABAN_DOTS.png,FICH WUNG,RUSP WIM,FICH WUNG,RUSP WIM,07_AZKABAN_RUSP_WIM.png,,RUSP WIM,,,,
27,1712399580707,06/04/2024 10:33:00,1712403180707,1,06/04/2024 12:33:00,139619,19,task-eihb,,36791937,BLIND,10848315,,complete,,661121ee5d4f9f30f20c948f,computer,Desktop or Laptop,Mac OS 10.15.7,Chrome 123.0.0.0,1440x900,1440x813,,,0,1i-3 A Training,4,,,1i-3,,,Pass,,1i-3 A Training,1i-3 A Training,7,Training02,TrainingA,34efq7,1,response,WOUX WAN,1666.699999999997,5750,5766.300000000003,1666.699999999997,5750,5766.300000000003,1,1666.699999999997,4099.600000000006,0,,Single Text Entry,TextResponseA,4,object-97,1i-3,_,08,1i-3_08,2,Training02,28_GALLEONS,ASK,.png,28_GALLEONS_ASK.png,WOUX,WAN,28_GALLEONS_WOUX_WAN.png,,WOUX WAN,39_STOPHAGRID_ASK.png,39_STOPHAGRID_DOTS.png,ZETH WAN,WOUX WAN,WOUX WAN,ZETH WAN,39_STOPHAGRID_ZETH_WAN.png,ZETH WAN,,,,,
28,1712399581725,06/04/2024 10:33:01,1712403181725,1,06/04/2024 12:33:01,139619,19,task-eihb,,36791937,BLIND,10848315,,complete,,661121ee5d4f9f30f20c948f,computer,Desktop or Laptop,Mac OS 10.15.7,Chrome 123.0.0.0,1440x900,1440x813,,,0,1i-3 A Training,4,,,1i-3,,,Pass,,1i-3 A Training,1i-3 A Training,7,Training02,TrainingB,2yfdu9,2,response,,1035.600000047678,1033.8999999999942,1035.600000047678,1035.600000047678,1033.8999999999942,1035.600000047678,1,1035.600000047678,0,0,,Click Response,Option A,4,object-245,1i-3,_,08,1i-3_08,2,Training02,28_GALLEONS,ASK,.png,28_GALLEONS_ASK.png,WOUX,WAN,28_GALLEONS_WOUX_WAN.png,,WOUX WAN,39_STOPHAGRID_ASK.png,39_STOPHAGRID_DOTS.png,ZETH WAN,WOUX WAN,WOUX WAN,ZETH WAN,39_STOPHAGRID_ZETH_WAN.png,ZETH WAN,,,,,
29,1712399584895,06/04/2024 10:33:04,1712403184895,1,06/04/2024 12:33:04,139619,19,task-eihb,,36791937,BLIND,10848315,,complete,,661121ee5d4f9f30f20c948f,computer,Desktop or Laptop,Mac OS 10.15.7,Chrome 123.0.0.0,1440x900,1440x813,,,0,1i-3 A Training,4,,,1i-3,,,Pass,,1i-3 A Training,1i-3 A Training,7,Training02,TrainingC,1ouhhw,3,continue,,3171.100000023842,3166.899999999994,3171.100000023842,3171.100000023842,3166.899999999994,3171.100000023842,1,3171.100000023842,0,0,,Click To Continue,Continue Button,6,object-272,1i-3,_,08,1i-3_08,2,Training02,28_GALLEONS,ASK,.png,28_GALLEONS_ASK.png,WOUX,WAN,28_GALLEONS_WOUX_WAN.png,,WOUX WAN,39_STOPHAGRID_ASK.png,39_STOPHAGRID_DOTS.png,ZETH WAN,WOUX WAN,WOUX WAN,ZETH WAN,39_STOPHAGRID_ZETH_WAN.png,ZETH WAN,,,,,
30,1712399592217,06/04/2024 10:33:12,1712403192217,1,06/04/2024 12:33:12,139619,19,task-eihb,,36791937,BLIND,10848315,,complete,,661121ee5d4f9f30f20c948f,computer,Desktop or Laptop,Mac OS 10.15.7,Chrome 123.0.0.0,1440x900,1440x813,,,0,1i-3 A Training,4,,,1i-3,,,Pass,,1i-3 A Training,1i-3 A Training,8,Training02,TrainingA,34efq7,1,response,RUSP WIM,1715.6000000000058,7315.600000000006,7326.100000000006,1715.6000000000058,7315.600000000006,7326.100000000006,1,1715.6000000000058,5610.5,0,,Single Text Entry,TextResponseA,4,object-97,1i-3,_,07,1i-3_07,2,Training02,34_FANLETTERS,ASK,.png,34_FANLETTERS_ASK.png,RUSP,WIM,34_FANLETTERS_RUSP_WIM.png,,RUSP WIM,34_FANLETTERS_ASK.png,34_FANLETTERS_DOTS.png,RUSP WIM,WOUX WAN,RUSP WIM,WOUX WAN,34_FANLETTERS_WOUX_WAN.png,,WOUX WAN,,,,
31,1712399593179,06/04/2024 10:33:13,1712403193179,1,06/04/2024 12:33:13,139619,19,task-eihb,,36791937,BLIND,10848315,,complete,,661121ee5d4f9f30f20c948f,computer,Desktop or Laptop,Mac OS 10.15.7,Chrome 123.0.0.0,1440x900,1440x813,,,0,1i-3 A Training,4,,,1i-3,,,Pass,,1i-3 A Training,1i-3 A Training,8,Training02,TrainingB,2yfdu9,2,response,,972.1000000238419,966.6999999999971,972.1000000238419,972.1000000238419,966.6999999999971,972.1000000238419,1,972.1000000238419,0,0,,Click Response,Option B,5,object-246,1i-3,_,07,1i-3_07,2,Training02,34_FANLETTERS,ASK,.png,34_FANLETTERS_ASK.png,RUSP,WIM,34_FANLETTERS_RUSP_WIM.png,,RUSP WIM,34_FANLETTERS_ASK.png,34_FANLETTERS_DOTS.png,RUSP WIM,WOUX WAN,RUSP WIM,WOUX WAN,34_FANLETTERS_WOUX_WAN.png,,WOUX WAN,,,,
32,1712399601428,06/04/2024 10:33:21,1712403201428,1,06/04/2024 12:33:21,139619,19,task-eihb,,36791937,BLIND,10848315,,complete,,661121ee5d4f9f30f20c948f,computer,Desktop or Laptop,Mac OS 10.15.7,Chrome 123.0.0.0,1440x900,1440x813,,,0,1i-3 A Training,4,,,1i-3,,,Pass,,1i-3 A Training,1i-3 A Training,8,Training02,TrainingC,1ouhhw,3,continue,,8254.699999976161,8250.599999999991,8254.699999976161,8254.699999976161,8250.599999999991,8254.699999976161,1,8254.699999976161,0,0,,Click To Continue,Continue Button,6,object-272,1i-3,_,07,1i-3_07,2,Training02,34_FANLETTERS,ASK,.png,34_FANLETTERS_ASK.png,RUSP,WIM,34_FANLETTERS_RUSP_WIM.png,,RUSP WIM,34_FANLETTERS_ASK.png,34_FANLETTERS_DOTS.png,RUSP WIM,WOUX WAN,RUSP WIM,WOUX WAN,34_FANLETTERS_WOUX_WAN.png,,WOUX WAN,,,,
33,1712399606707,06/04/2024 10:33:26,1712403206707,1,06/04/2024 12:33:26,139619,19,task-eihb,,36791937,BLIND,10848315,,complete,,661121ee5d4f9f30f20c948f,computer,Desktop or Laptop,Mac OS 10.15.7,Chrome 123.0.0.0,1440x900,1440x813,,,0,1i-3 A Training,4,,,1i-3,,,Pass,,1i-3 A Training,1i-3 A Training,9,Training02,TrainingA,34efq7,1,response,RUSP WIM,2000.2000000000116,5266.100000000006,5282.899999999994,2000.2000000000116,5266.100000000006,5282.899999999994,1,2000.2000000000116,3282.6999999999825,0,,Single Text Entry,TextResponseA,4,object-97,1i-3,_,11,1i-3_11,3,Training02,27_BESTSELLER,ASK,.png,27_BESTSELLER_ASK.png,RUSP,WIM,27_BESTSELLER_RUSP_WIM.png,,RUSP WIM,25_PROSECUTE_ASK.png,25_PROSECUTE_DOTS.png,ZETH WAN,RUSP WIM,RUSP WIM,ZETH WAN,25_PROSECUTE_ZETH_WAN.png,ZETH WAN,,,,,
34,1712399608177,06/04/2024 10:33:28,1712403208177,1,06/04/2024 12:33:28,139619,19,task-eihb,,36791937,BLIND,10848315,,complete,,661121ee5d4f9f30f20c948f,computer,Desktop or Laptop,Mac OS 10.15.7,Chrome 123.0.0.0,1440x900,1440x813,,,0,1i-3 A Training,4,,,1i-3,,,Pass,,1i-3 A Training,1i-3 A Training,9,Training02,TrainingB,2yfdu9,2,response,,1487.4000000715314,1483.1000000000058,1487.4000000715314,1487.4000000715314,1483.1000000000058,1487.4000000715314,1,1487.4000000715314,0,0,,Click Response,Option A,4,object-245,1i-3,_,11,1i-3_11,3,Training02,27_BESTSELLER,ASK,.png,27_BESTSELLER_ASK.png,RUSP,WIM,27_BESTSELLER_RUSP_WIM.png,,RUSP WIM,25_PROSECUTE_ASK.png,25_PROSECUTE_DOTS.png,ZETH WAN,RUSP WIM,RUSP WIM,ZETH WAN,25_PROSECUTE_ZETH_WAN.png,ZETH WAN,,,,,
35,1712399611876,06/04/2024 10:33:31,1712403211876,1,06/04/2024 12:33:31,139619,19,task-eihb,,36791937,BLIND,10848315,,complete,,661121ee5d4f9f30f20c948f,computer,Desktop or Laptop,Mac OS 10.15.7,Chrome 123.0.0.0,1440x900,1440x813,,,0,1i-3 A Training,4,,,1i-3,,,Pass,,1i-3 A Training,1i-3 A Training,9,Training02,TrainingC,1ouhhw,3,continue,,3702.8000000715256,3699.899999999994,3702.8000000715256,3702.8000000715256,3699.899999999994,3702.8000000715256,1,3702.8000000715256,0,0,,Click To Continue,Continue Button,6,object-272,1i-3,_,11,1i-3_11,3,Training02,27_BESTSELLER,ASK,.png,27_BESTSELLER_ASK.png,RUSP,WIM,27_BESTSELLER_RUSP_WIM.png,,RUSP WIM,25_PROSECUTE_ASK.png,25_PROSECUTE_DOTS.png,ZETH WAN,RUSP WIM,RUSP WIM,ZETH WAN,25_PROSECUTE_ZETH_WAN.png,ZETH WAN,,,,,
36,1712399618066,06/04/2024 10:33:38,1712403218066,1,06/04/2024 12:33:38,139619,19,task-eihb,,36791937,BLIND,10848315,,complete,,661121ee5d4f9f30f20c948f,computer,Desktop or Laptop,Mac OS 10.15.7,Chrome 123.0.0.0,1440x900,1440x813,,,0,1i-3 A Training,4,,,1i-3,,,Pass,,1i-3 A Training,1i-3 A Training,10,Training02,TrainingA,34efq7,1,response,WOUX WAN,2067,6183.600000000006,6193.3000000476895,2067,6183.600000000006,6193.3000000476895,1,2067,4126.3000000476895,0,,Single Text Entry,TextResponseA,4,object-97,1i-3,_,12,1i-3_12,3,Training02,14_MUNGOS,ASK,.png,14_MUNGOS_ASK.png,WOUX,WAN,14_MUNGOS_WOUX_WAN.png,,WOUX WAN,33_ROR_ASK.png,33_ROR_DOTS.png,FICH WUNG,WOUX WAN,WOUX WAN,FICH WUNG,33_ROR_FICH_WUNG.png,FICH WUNG,,,,,
37,1712399619268,06/04/2024 10:33:39,1712403219268,1,06/04/2024 12:33:39,139619,19,task-eihb,,36791937,BLIND,10848315,,complete,,661121ee5d4f9f30f20c948f,computer,Desktop or Laptop,Mac OS 10.15.7,Chrome 123.0.0.0,1440x900,1440x813,,,0,1i-3 A Training,4,,,1i-3,,,Pass,,1i-3 A Training,1i-3 A Training,10,Training02,TrainingB,2yfdu9,2,response,,1210.8999999761581,1199.7999999999884,1210.8999999761581,1210.8999999761581,1199.7999999999884,1210.8999999761581,1,1210.8999999761581,0,0,,Click Response,Option A,4,object-245,1i-3,_,12,1i-3_12,3,Training02,14_MUNGOS,ASK,.png,14_MUNGOS_ASK.png,WOUX,WAN,14_MUNGOS_WOUX_WAN.png,,WOUX WAN,33_ROR_ASK.png,33_ROR_DOTS.png,FICH WUNG,WOUX WAN,WOUX WAN,FICH WUNG,33_ROR_FICH_WUNG.png,FICH WUNG,,,,,
38,1712399622949,06/04/2024 10:33:42,1712403222949,1,06/04/2024 12:33:42,139619,19,task-eihb,,36791937,BLIND,10848315,,complete,,661121ee5d4f9f30f20c948f,computer,Desktop or Laptop,Mac OS 10.15.7,Chrome 123.0.0.0,1440x900,1440x813,,,0,1i-3 A Training,4,,,1i-3,,,Pass,,1i-3 A Training,1i-3 A Training,10,Training02,TrainingC,1ouhhw,3,continue,,3692.3000000238535,3684.100000000006,3692.3000000238535,3692.3000000238535,3684.100000000006,3692.3000000238535,1,3692.3000000238535,0,0,,Click To Continue,Continue Button,6,object-272,1i-3,_,12,1i-3_12,3,Training02,14_MUNGOS,ASK,.png,14_MUNGOS_ASK.png,WOUX,WAN,14_MUNGOS_WOUX_WAN.png,,WOUX WAN,33_ROR_ASK.png,33_ROR_DOTS.png,FICH WUNG,WOUX WAN,WOUX WAN,FICH WUNG,33_ROR_FICH_WUNG.png,FICH WUNG,,,,,
39,1712399630095,06/04/2024 10:33:50,1712403230095,1,06/04/2024 12:33:50,139619,19,task-eihb,,36791937,BLIND,10848315,,complete,,661121ee5d4f9f30f20c948f,computer,Desktop or Laptop,Mac OS 10.15.7,Chrome 123.0.0.0,1440x900,1440x813,,,0,1i-3 A Training,4,,,1i-3,,,Pass,,1i-3 A Training,1i-3 A Training,11,Training02,TrainingA,34efq7,1,response,ZETH WAN,2882.399999999994,7148.899999999994,7154.499999976164,2882.399999999994,7148.899999999994,7154.499999976164,1,2882.399999999994,4272.09999997617,0,,Single Text Entry,TextResponseA,4,object-97,1i-3,_,10,1i-3_10,3,Training02,19_BURYVOLDY,ASK,.png,19_BURYVOLDY_ASK.png,ZETH,WAN,19_BURYVOLDY_ZETH_WAN.png,,ZETH WAN,21_TEACHHOG_ASK.png,21_TEACHHOG_DOTS.png,ZETH WAN,RUSP WIM,ZETH WAN,RUSP WIM,21_TEACHHOG_RUSP_WIM.png,,RUSP WIM,,,,
40,1712399631181,06/04/2024 10:33:51,1712403231181,1,06/04/2024 12:33:51,139619,19,task-eihb,,36791937,BLIND,10848315,,complete,,661121ee5d4f9f30f20c948f,computer,Desktop or Laptop,Mac OS 10.15.7,Chrome 123.0.0.0,1440x900,1440x813,,,0,1i-3 A Training,4,,,1i-3,,,Pass,,1i-3 A Training,1i-3 A Training,11,Training02,TrainingB,2yfdu9,2,response,,1091.5999999761698,1084.4000000000233,1091.5999999761698,1091.5999999761698,1084.4000000000233,1091.5999999761698,1,1091.5999999761698,0,0,,Click Response,Option B,5,object-246,1i-3,_,10,1i-3_10,3,Training02,19_BURYVOLDY,ASK,.png,19_BURYVOLDY_ASK.png,ZETH,WAN,19_BURYVOLDY_ZETH_WAN.png,,ZETH WAN,21_TEACHHOG_ASK.png,21_TEACHHOG_DOTS.png,ZETH WAN,RUSP WIM,ZETH WAN,RUSP WIM,21_TEACHHOG_RUSP_WIM.png,,RUSP WIM,,,,
41,1712399635137,06/04/2024 10:33:55,1712403235137,1,06/04/2024 12:33:55,139619,19,task-eihb,,36791937,BLIND,10848315,,complete,,661121ee5d4f9f30f20c948f,computer,Desktop or Laptop,Mac OS 10.15.7,Chrome 123.0.0.0,1440x900,1440x813,,,0,1i-3 A Training,4,,,1i-3,,,Pass,,1i-3 A Training,1i-3 A Training,11,Training02,TrainingC,1ouhhw,3,continue,,3963.2999999999884,3948.899999999994,3963.2999999999884,3963.2999999999884,3948.899999999994,3963.2999999999884,1,3963.2999999999884,0,0,,Click To Continue,Continue Button,6,object-272,1i-3,_,10,1i-3_10,3,Training02,19_BURYVOLDY,ASK,.png,19_BURYVOLDY_ASK.png,ZETH,WAN,19_BURYVOLDY_ZETH_WAN.png,,ZETH WAN,21_TEACHHOG_ASK.png,21_TEACHHOG_DOTS.png,ZETH WAN,RUSP WIM,ZETH WAN,RUSP WIM,21_TEACHHOG_RUSP_WIM.png,,RUSP WIM,,,,
42,1712399665298,06/04/2024 10:34:25,1712403265298,1,06/04/2024 12:34:25,139619,19,task-eihb,,36791937,BLIND,10848315,,complete,,661121ee5d4f9f30f20c948f,computer,Desktop or Laptop,Mac OS 10.15.7,Chrome 123.0.0.0,1440x900,1440x813,,,0,1i-3 A Training,4,,,1i-3,,,Pass,,1i-3 A Training,1i-3 A Training,12,Training02,TrainingA,34efq7,1,response,FICH WUNG,26117.199999999983,30167,30174.899999999994,26117.199999999983,30167,30174.899999999994,1,26117.199999999983,4057.7000000000116,0,,Single Text Entry,TextResponseA,4,object-97,1i-3,_,09,1i-3_09,3,Training02,32_QWC,ASK,.png,32_QWC_ASK.png,FICH,WUNG,32_QWC_FICH_WUNG.png,,FICH WUNG,13_QUIBBLER_ASK.png,13_QUIBBLER_DOTS.png,FICH WUNG,WOUX WAN,FICH WUNG,WOUX WAN,13_QUIBBLER_WOUX_WAN.png,,WOUX WAN,,,,
43,1712399667595,06/04/2024 10:34:27,1712403267595,1,06/04/2024 12:34:27,139619,19,task-eihb,,36791937,BLIND,10848315,,complete,,661121ee5d4f9f30f20c948f,computer,Desktop or Laptop,Mac OS 10.15.7,Chrome 123.0.0.0,1440x900,1440x813,,,0,1i-3 A Training,4,,,1i-3,,,Pass,,1i-3 A Training,1i-3 A Training,12,Training02,TrainingB,2yfdu9,2,response,,2304.2999999761523,2299.5,2304.2999999761523,2304.2999999761523,2299.5,2304.2999999761523,1,2304.2999999761523,0,0,,Click Response,Option B,5,object-246,1i-3,_,09,1i-3_09,3,Training02,32_QWC,ASK,.png,32_QWC_ASK.png,FICH,WUNG,32_QWC_FICH_WUNG.png,,FICH WUNG,13_QUIBBLER_ASK.png,13_QUIBBLER_DOTS.png,FICH WUNG,WOUX WAN,FICH WUNG,WOUX WAN,13_QUIBBLER_WOUX_WAN.png,,WOUX WAN,,,,
44,1712399673794,06/04/2024 10:34:33,1712403273794,1,06/04/2024 12:34:33,139619,19,task-eihb,,36791937,BLIND,10848315,,complete,,661121ee5d4f9f30f20c948f,computer,Desktop or Laptop,Mac OS 10.15.7,Chrome 123.0.0.0,1440x900,1440x813,,,0,1i-3 A Training,4,,,1i-3,,,Pass,,1i-3 A Training,1i-3 A Training,12,Training02,TrainingC,1ouhhw,3,continue,,6204.799999976152,6200.6999999999825,6204.799999976152,6204.799999976152,6200.6999999999825,6204.799999976152,1,6204.799999976152,0,0,,Click To Continue,Continue Button,6,object-272,1i-3,_,09,1i-3_09,3,Training02,32_QWC,ASK,.png,32_QWC_ASK.png,FICH,WUNG,32_QWC_FICH_WUNG.png,,FICH WUNG,13_QUIBBLER_ASK.png,13_QUIBBLER_DOTS.png,FICH WUNG,WOUX WAN,FICH WUNG,WOUX WAN,13_QUIBBLER_WOUX_WAN.png,,WOUX WAN,,,,
45,1712399679171,06/04/2024 10:34:39,1712403279171,1,06/04/2024 12:34:39,139619,19,task-eihb,,36791937,BLIND,10848315,,complete,,661121ee5d4f9f30f20c948f,computer,Desktop or Laptop,Mac OS 10.15.7,Chrome 123.0.0.0,1440x900,1440x813,,,0,1i-3 A Training,4,,,1i-3,,,Pass,,1i-3 A Training,1i-3 A Training,13,Training02,TrainingA,34efq7,1,response,FICH WUNG,1549.9000000000233,5366.5,5381.000000071537,1549.9000000000233,5366.5,5381.000000071537,1,1549.9000000000233,3831.100000071514,0,,Single Text Entry,TextResponseA,4,object-97,1i-3,_,13,1i-3_13,4,Training02,11_RONWAND,ASK,.png,11_RONWAND_ASK.png,FICH,WUNG,11_RONWAND_FICH_WUNG.png,,FICH WUNG,06_MOM_ASK.png,06_MOM_DOTS.png,ZETH WAN,FICH WUNG,FICH WUNG,ZETH WAN,06_MOM_ZETH_WAN.png,ZETH WAN,,,,,
46,1712399680572,06/04/2024 10:34:40,1712403280572,1,06/04/2024 12:34:40,139619,19,task-eihb,,36791937,BLIND,10848315,,complete,,661121ee5d4f9f30f20c948f,computer,Desktop or Laptop,Mac OS 10.15.7,Chrome 123.0.0.0,1440x900,1440x813,,,0,1i-3 A Training,4,,,1i-3,,,Pass,,1i-3 A Training,1i-3 A Training,13,Training02,TrainingB,2yfdu9,2,response,,1415.3000000238535,1400,1415.3000000238535,1415.3000000238535,1400,1415.3000000238535,1,1415.3000000238535,0,0,,Click Response,Option A,4,object-245,1i-3,_,13,1i-3_13,4,Training02,11_RONWAND,ASK,.png,11_RONWAND_ASK.png,FICH,WUNG,11_RONWAND_FICH_WUNG.png,,FICH WUNG,06_MOM_ASK.png,06_MOM_DOTS.png,ZETH WAN,FICH WUNG,FICH WUNG,ZETH WAN,06_MOM_ZETH_WAN.png,ZETH WAN,,,,,
47,1712399683837,06/04/2024 10:34:43,1712403283837,1,06/04/2024 12:34:43,139619,19,task-eihb,,36791937,BLIND,10848315,,complete,,661121ee5d4f9f30f20c948f,computer,Desktop or Laptop,Mac OS 10.15.7,Chrome 123.0.0.0,1440x900,1440x813,,,0,1i-3 A Training,4,,,1i-3,,,Pass,,1i-3 A Training,1i-3 A Training,13,Training02,TrainingC,1ouhhw,3,continue,,3280.09999997617,3266.7000000000116,3280.09999997617,3280.09999997617,3266.7000000000116,3280.09999997617,1,3280.09999997617,0,0,,Click To Continue,Continue Button,6,object-272,1i-3,_,13,1i-3_13,4,Training02,11_RONWAND,ASK,.png,11_RONWAND_ASK.png,FICH,WUNG,11_RONWAND_FICH_WUNG.png,,FICH WUNG,06_MOM_ASK.png,06_MOM_DOTS.png,ZETH WAN,FICH WUNG,FICH WUNG,ZETH WAN,06_MOM_ZETH_WAN.png,ZETH WAN,,,,,
48,1712399689707,06/04/2024 10:34:49,1712403289707,1,06/04/2024 12:34:49,139619,19,task-eihb,,36791937,BLIND,10848315,,complete,,661121ee5d4f9f30f20c948f,computer,Desktop or Laptop,Mac OS 10.15.7,Chrome 123.0.0.0,1440x900,1440x813,,,0,1i-3 A Training,4,,,1i-3,,,Pass,,1i-3 A Training,1i-3 A Training,14,Training02,TrainingA,34efq7,1,response,WOUX WAN,2183.2999999999884,5866.399999999994,5883,2183.2999999999884,5866.399999999994,5883,1,2183.2999999999884,3699.7000000000116,0,,Single Text Entry,TextResponseA,4,object-97,1i-3,_,16,1i-3_16,4,Training02,42_ENGLAND,ASK,.png,42_ENGLAND_ASK.png,WOUX,WAN,42_ENGLAND_WOUX_WAN.png,,WOUX WAN,41_PIXIE_ASK.png,41_PIXIE_DOTS.png,RUSP WIM,WOUX WAN,WOUX WAN,RUSP WIM,41_PIXIE_RUSP_WIM.png,RUSP WIM,,,,,
49,1712399690623,06/04/2024 10:34:50,1712403290623,1,06/04/2024 12:34:50,139619,19,task-eihb,,36791937,BLIND,10848315,,complete,,661121ee5d4f9f30f20c948f,computer,Desktop or Laptop,Mac OS 10.15.7,Chrome 123.0.0.0,1440x900,1440x813,,,0,1i-3 A Training,4,,,1i-3,,,Pass,,1i-3 A Training,1i-3 A Training,14,Training02,TrainingB,2yfdu9,2,response,,932.6999999999825,916,932.6999999999825,932.6999999999825,916,932.6999999999825,1,932.6999999999825,0,0,,Click Response,Option A,4,object-245,1i-3,_,16,1i-3_16,4,Training02,42_ENGLAND,ASK,.png,42_ENGLAND_ASK.png,WOUX,WAN,42_ENGLAND_WOUX_WAN.png,,WOUX WAN,41_PIXIE_ASK.png,41_PIXIE_DOTS.png,RUSP WIM,WOUX WAN,WOUX WAN,RUSP WIM,41_PIXIE_RUSP_WIM.png,RUSP WIM,,,,,
50,1712399695501,06/04/2024 10:34:55,1712403295501,1,06/04/2024 12:34:55,139619,19,task-eihb,,36791937,BLIND,10848315,,complete,,661121ee5d4f9f30f20c948f,computer,Desktop or Laptop,Mac OS 10.15.7,Chrome 123.0.0.0,1440x900,1440x813,,,0,1i-3 A Training,4,,,1i-3,,,Pass,,1i-3 A Training,1i-3 A Training,14,Training02,TrainingC,1ouhhw,3,continue,,4894.900000071531,4883,4894.900000071531,4894.900000071531,4883,4894.900000071531,1,4894.900000071531,0,0,,Click To Continue,Continue Button,6,object-272,1i-3,_,16,1i-3_16,4,Training02,42_ENGLAND,ASK,.png,42_ENGLAND_ASK.png,WOUX,WAN,42_ENGLAND_WOUX_WAN.png,,WOUX WAN,41_PIXIE_ASK.png,41_PIXIE_DOTS.png,RUSP WIM,WOUX WAN,WOUX WAN,RUSP WIM,41_PIXIE_RUSP_WIM.png,RUSP WIM,,,,,
51,1712399700749,06/04/2024 10:35:00,1712403300749,1,06/04/2024 12:35:00,139619,19,task-eihb,,36791937,BLIND,10848315,,complete,,661121ee5d4f9f30f20c948f,computer,Desktop or Laptop,Mac OS 10.15.7,Chrome 123.0.0.0,1440x900,1440x813,,,0,1i-3 A Training,4,,,1i-3,,,Pass,,1i-3 A Training,1i-3 A Training,15,Training02,TrainingA,34efq7,1,response,RUSP WIM,2151,5250.100000000006,5259.3000000476895,2151,5250.100000000006,5259.3000000476895,1,2151,3108.3000000476895,0,,Single Text Entry,TextResponseA,4,object-97,1i-3,_,15,1i-3_15,4,Training02,06_MOM,ASK,.png,06_MOM_ASK.png,RUSP,WIM,06_MOM_RUSP_WIM.png,,RUSP WIM,26_ERISED_ASK.png,26_ERISED_DOTS.png,RUSP WIM,FICH WUNG,RUSP WIM,FICH WUNG,26_ERISED_FICH_WUNG.png,,FICH WUNG,,,,
52,1712399702186,06/04/2024 10:35:02,1712403302186,1,06/04/2024 12:35:02,139619,19,task-eihb,,36791937,BLIND,10848315,,complete,,661121ee5d4f9f30f20c948f,computer,Desktop or Laptop,Mac OS 10.15.7,Chrome 123.0.0.0,1440x900,1440x813,,,0,1i-3 A Training,4,,,1i-3,,,Pass,,1i-3 A Training,1i-3 A Training,15,Training02,TrainingB,2yfdu9,2,response,,1446.5,1434.1000000000058,1446.5,1446.5,1434.1000000000058,1446.5,1,1446.5,0,0,,Click Response,Option B,5,object-246,1i-3,_,15,1i-3_15,4,Training02,06_MOM,ASK,.png,06_MOM_ASK.png,RUSP,WIM,06_MOM_RUSP_WIM.png,,RUSP WIM,26_ERISED_ASK.png,26_ERISED_DOTS.png,RUSP WIM,FICH WUNG,RUSP WIM,FICH WUNG,26_ERISED_FICH_WUNG.png,,FICH WUNG,,,,
53,1712399705194,06/04/2024 10:35:05,1712403305194,1,06/04/2024 12:35:05,139619,19,task-eihb,,36791937,BLIND,10848315,,complete,,661121ee5d4f9f30f20c948f,computer,Desktop or Laptop,Mac OS 10.15.7,Chrome 123.0.0.0,1440x900,1440x813,,,0,1i-3 A Training,4,,,1i-3,,,Pass,,1i-3 A Training,1i-3 A Training,15,Training02,TrainingC,1ouhhw,3,continue,,3020.2999999761523,3015.600000000006,3020.2999999761523,3020.2999999761523,3015.600000000006,3020.2999999761523,1,3020.2999999761523,0,0,,Click To Continue,Continue Button,6,object-272,1i-3,_,15,1i-3_15,4,Training02,06_MOM,ASK,.png,06_MOM_ASK.png,RUSP,WIM,06_MOM_RUSP_WIM.png,,RUSP WIM,26_ERISED_ASK.png,26_ERISED_DOTS.png,RUSP WIM,FICH WUNG,RUSP WIM,FICH WUNG,26_ERISED_FICH_WUNG.png,,FICH WUNG,,,,
54,1712399709961,06/04/2024 10:35:09,1712403309961,1,06/04/2024 12:35:09,139619,19,task-eihb,,36791937,BLIND,10848315,,complete,,661121ee5d4f9f30f20c948f,computer,Desktop or Laptop,Mac OS 10.15.7,Chrome 123.0.0.0,1440x900,1440x813,,,0,1i-3 A Training,4,,,1i-3,,,Pass,,1i-3 A Training,1i-3 A Training,16,Training02,TrainingA,34efq7,1,response,ZETH WAN,1801,4766.799999999988,4772.1999999761465,1801,4766.799999999988,4772.1999999761465,1,1801,2971.1999999761465,0,,Single Text Entry,TextResponseA,4,object-97,1i-3,_,14,1i-3_14,4,Training02,33_ROR,ASK,.png,33_ROR_ASK.png,ZETH,WAN,33_ROR_ZETH_WAN.png,,ZETH WAN,19_BURYVOLDY_ASK.png,19_BURYVOLDY_DOTS.png,ZETH WAN,WOUX WAN,ZETH WAN,WOUX WAN,19_BURYVOLDY_WOUX_WAN.png,,WOUX WAN,,,,
55,1712399710883,06/04/2024 10:35:10,1712403310883,1,06/04/2024 12:35:10,139619,19,task-eihb,,36791937,BLIND,10848315,,complete,,661121ee5d4f9f30f20c948f,computer,Desktop or Laptop,Mac OS 10.15.7,Chrome 123.0.0.0,1440x900,1440x813,,,0,1i-3 A Training,4,,,1i-3,,,Pass,,1i-3 A Training,1i-3 A Training,16,Training02,TrainingB,2yfdu9,2,response,,927.1000000238419,917.3999999999942,927.1000000238419,927.1000000238419,917.3999999999942,927.1000000238419,1,927.1000000238419,0,0,,Click Response,Option B,5,object-246,1i-3,_,14,1i-3_14,4,Training02,33_ROR,ASK,.png,33_ROR_ASK.png,ZETH,WAN,33_ROR_ZETH_WAN.png,,ZETH WAN,19_BURYVOLDY_ASK.png,19_BURYVOLDY_DOTS.png,ZETH WAN,WOUX WAN,ZETH WAN,WOUX WAN,19_BURYVOLDY_WOUX_WAN.png,,WOUX WAN,,,,
56,1712399713684,06/04/2024 10:35:13,1712403313684,1,06/04/2024 12:35:13,139619,19,task-eihb,,36791937,BLIND,10848315,,complete,,661121ee5d4f9f30f20c948f,computer,Desktop or Laptop,Mac OS 10.15.7,Chrome 123.0.0.0,1440x900,1440x813,,,0,1i-3 A Training,4,,,1i-3,,,Pass,,1i-3 A Training,1i-3 A Training,16,Training02,TrainingC,1ouhhw,3,continue,,2810.999999976164,2799.399999999994,2810.999999976164,2810.999999976164,2799.399999999994,2810.999999976164,1,2810.999999976164,0,0,,Click To Continue,Continue Button,6,object-272,1i-3,_,14,1i-3_14,4,Training02,33_ROR,ASK,.png,33_ROR_ASK.png,ZETH,WAN,33_ROR_ZETH_WAN.png,,ZETH WAN,19_BURYVOLDY_ASK.png,19_BURYVOLDY_DOTS.png,ZETH WAN,WOUX WAN,ZETH WAN,WOUX WAN,19_BURYVOLDY_WOUX_WAN.png,,WOUX WAN,,,,
57,1712399718315,06/04/2024 10:35:18,1712403318315,1,06/04/2024 12:35:18,139619,19,task-eihb,,36791937,BLIND,10848315,,complete,,661121ee5d4f9f30f20c948f,computer,Desktop or Laptop,Mac OS 10.15.7,Chrome 123.0.0.0,1440x900,1440x813,,,0,1i-3 A Training,4,,,1i-3,,,Pass,,1i-3 A Training,1i-3 A Training,17,Training02,TrainingA,34efq7,1,response,ZETH WAN,1700.3000000000175,4633.900000000023,4641.900000047695,1700.3000000000175,4633.900000000023,4641.900000047695,1,1700.3000000000175,2941.600000047678,0,,Single Text Entry,TextResponseA,4,object-97,1i-3,_,18,1i-3_18,5,Training02,05_AUROR,ASK,.png,05_AUROR_ASK.png,ZETH,WAN,05_AUROR_ZETH_WAN.png,,ZETH WAN,11_RONWAND_ASK.png,11_RONWAND_DOTS.png,ZETH WAN,FICH WUNG,ZETH WAN,FICH WUNG,11_RONWAND_FICH_WUNG.png,,FICH WUNG,,,,
58,1712399719081,06/04/2024 10:35:19,1712403319081,1,06/04/2024 12:35:19,139619,19,task-eihb,,36791937,BLIND,10848315,,complete,,661121ee5d4f9f30f20c948f,computer,Desktop or Laptop,Mac OS 10.15.7,Chrome 123.0.0.0,1440x900,1440x813,,,0,1i-3 A Training,4,,,1i-3,,,Pass,,1i-3 A Training,1i-3 A Training,17,Training02,TrainingB,2yfdu9,2,response,,773.7999999999884,765.5999999999767,773.7999999999884,773.7999999999884,765.5999999999767,773.7999999999884,1,773.7999999999884,0,0,,Click Response,Option B,5,object-246,1i-3,_,18,1i-3_18,5,Training02,05_AUROR,ASK,.png,05_AUROR_ASK.png,ZETH,WAN,05_AUROR_ZETH_WAN.png,,ZETH WAN,11_RONWAND_ASK.png,11_RONWAND_DOTS.png,ZETH WAN,FICH WUNG,ZETH WAN,FICH WUNG,11_RONWAND_FICH_WUNG.png,,FICH WUNG,,,,
59,1712399721802,06/04/2024 10:35:21,1712403321802,1,06/04/2024 12:35:21,139619,19,task-eihb,,36791937,BLIND,10848315,,complete,,661121ee5d4f9f30f20c948f,computer,Desktop or Laptop,Mac OS 10.15.7,Chrome 123.0.0.0,1440x900,1440x813,,,0,1i-3 A Training,4,,,1i-3,,,Pass,,1i-3 A Training,1i-3 A Training,17,Training02,TrainingC,1ouhhw,3,continue,,2729.9000000476954,2716.9000000000233,2729.9000000476954,2729.9000000476954,2716.9000000000233,2729.9000000476954,1,2729.9000000476954,0,0,,Click To Continue,Continue Button,6,object-272,1i-3,_,18,1i-3_18,5,Training02,05_AUROR,ASK,.png,05_AUROR_ASK.png,ZETH,WAN,05_AUROR_ZETH_WAN.png,,ZETH WAN,11_RONWAND_ASK.png,11_RONWAND_DOTS.png,ZETH WAN,FICH WUNG,ZETH WAN,FICH WUNG,11_RONWAND_FICH_WUNG.png,,FICH WUNG,,,,
60,1712399727446,06/04/2024 10:35:27,1712403327446,1,06/04/2024 12:35:27,139619,19,task-eihb,,36791937,BLIND,10848315,,complete,,661121ee5d4f9f30f20c948f,computer,Desktop or Laptop,Mac OS 10.15.7,Chrome 123.0.0.0,1440x900,1440x813,,,0,1i-3 A Training,4,,,1i-3,,,Pass,,1i-3 A Training,1i-3 A Training,18,Training02,TrainingA,34efq7,1,response,FICH WUNG,1617.2999999999884,5650.799999999988,5657.000000047672,1617.2999999999884,5650.799999999988,5657.000000047672,1,1617.2999999999884,4039.7000000476837,0,,Single Text Entry,TextResponseA,4,object-97,1i-3,_,17,1i-3_17,5,Training02,25_PROSECUTE,ASK,.png,25_PROSECUTE_ASK.png,FICH,WUNG,25_PROSECUTE_FICH_WUNG.png,,FICH WUNG,04_WHEEZES_ASK.png,04_WHEEZES_DOTS.png,RUSP WIM,FICH WUNG,FICH WUNG,RUSP WIM,04_WHEEZES_RUSP_WIM.png,RUSP WIM,,,,,
61,1712399728982,06/04/2024 10:35:28,1712403328982,1,06/04/2024 12:35:28,139619,19,task-eihb,,36791937,BLIND,10848315,,complete,,661121ee5d4f9f30f20c948f,computer,Desktop or Laptop,Mac OS 10.15.7,Chrome 123.0.0.0,1440x900,1440x813,,,0,1i-3 A Training,4,,,1i-3,,,Pass,,1i-3 A Training,1i-3 A Training,18,Training02,TrainingB,2yfdu9,2,response,,1542.1000000238419,1533.1000000000058,1542.1000000238419,1542.1000000238419,1533.1000000000058,1542.1000000238419,1,1542.1000000238419,0,0,,Click Response,Option A,4,object-245,1i-3,_,17,1i-3_17,5,Training02,25_PROSECUTE,ASK,.png,25_PROSECUTE_ASK.png,FICH,WUNG,25_PROSECUTE_FICH_WUNG.png,,FICH WUNG,04_WHEEZES_ASK.png,04_WHEEZES_DOTS.png,RUSP WIM,FICH WUNG,FICH WUNG,RUSP WIM,04_WHEEZES_RUSP_WIM.png,RUSP WIM,,,,,
62,1712399731960,06/04/2024 10:35:31,1712403331960,1,06/04/2024 12:35:31,139619,19,task-eihb,,36791937,BLIND,10848315,,complete,,661121ee5d4f9f30f20c948f,computer,Desktop or Laptop,Mac OS 10.15.7,Chrome 123.0.0.0,1440x900,1440x813,,,0,1i-3 A Training,4,,,1i-3,,,Pass,,1i-3 A Training,1i-3 A Training,18,Training02,TrainingC,1ouhhw,3,continue,,2986.500000023836,2983.3000000000175,2986.500000023836,2986.500000023836,2983.3000000000175,2986.500000023836,1,2986.500000023836,0,0,,Click To Continue,Continue Button,6,object-272,1i-3,_,17,1i-3_17,5,Training02,25_PROSECUTE,ASK,.png,25_PROSECUTE_ASK.png,FICH,WUNG,25_PROSECUTE_FICH_WUNG.png,,FICH WUNG,04_WHEEZES_ASK.png,04_WHEEZES_DOTS.png,RUSP WIM,FICH WUNG,FICH WUNG,RUSP WIM,04_WHEEZES_RUSP_WIM.png,RUSP WIM,,,,,
63,1712399738133,06/04/2024 10:35:38,1712403338133,1,06/04/2024 12:35:38,139619,19,task-eihb,,36791937,BLIND,10848315,,complete,,661121ee5d4f9f30f20c948f,computer,Desktop or Laptop,Mac OS 10.15.7,Chrome 123.0.0.0,1440x900,1440x813,,,0,1i-3 A Training,4,,,1i-3,,,Pass,,1i-3 A Training,1i-3 A Training,19,Training02,TrainingA,34efq7,1,response,WOUX WAN,1700.1999999999534,6165.899999999965,6176.099999999977,1700.1999999999534,6165.899999999965,6176.099999999977,1,1700.1999999999534,4475.900000000023,0,,Single Text Entry,TextResponseA,4,object-97,1i-3,_,20,1i-3_20,5,Training02,21_TEACHHOG,ASK,.png,21_TEACHHOG_ASK.png,WOUX,WAN,21_TEACHHOG_WOUX_WAN.png,,WOUX WAN,42_ENGLAND_ASK.png,42_ENGLAND_DOTS.png,WOUX WAN,ZETH WAN,WOUX WAN,ZETH WAN,42_ENGLAND_ZETH_WAN.png,,ZETH WAN,,,,
64,1712399738881,06/04/2024 10:35:38,1712403338881,1,06/04/2024 12:35:38,139619,19,task-eihb,,36791937,BLIND,10848315,,complete,,661121ee5d4f9f30f20c948f,computer,Desktop or Laptop,Mac OS 10.15.7,Chrome 123.0.0.0,1440x900,1440x813,,,0,1i-3 A Training,4,,,1i-3,,,Pass,,1i-3 A Training,1i-3 A Training,19,Training02,TrainingB,2yfdu9,2,response,,758.5999999761698,749.9000000000233,758.5999999761698,758.5999999761698,749.9000000000233,758.5999999761698,1,758.5999999761698,0,0,,Click Response,Option B,5,object-246,1i-3,_,20,1i-3_20,5,Training02,21_TEACHHOG,ASK,.png,21_TEACHHOG_ASK.png,WOUX,WAN,21_TEACHHOG_WOUX_WAN.png,,WOUX WAN,42_ENGLAND_ASK.png,42_ENGLAND_DOTS.png,WOUX WAN,ZETH WAN,WOUX WAN,ZETH WAN,42_ENGLAND_ZETH_WAN.png,,ZETH WAN,,,,
65,1712399741059,06/04/2024 10:35:41,1712403341059,1,06/04/2024 12:35:41,139619,19,task-eihb,,36791937,BLIND,10848315,,complete,,661121ee5d4f9f30f20c948f,computer,Desktop or Laptop,Mac OS 10.15.7,Chrome 123.0.0.0,1440x900,1440x813,,,0,1i-3 A Training,4,,,1i-3,,,Pass,,1i-3 A Training,1i-3 A Training,19,Training02,TrainingC,1ouhhw,3,continue,,2186.40000002383,2183.2000000000116,2186.40000002383,2186.40000002383,2183.2000000000116,2186.40000002383,1,2186.40000002383,0,0,,Click To Continue,Continue Button,6,object-272,1i-3,_,20,1i-3_20,5,Training02,21_TEACHHOG,ASK,.png,21_TEACHHOG_ASK.png,WOUX,WAN,21_TEACHHOG_WOUX_WAN.png,,WOUX WAN,42_ENGLAND_ASK.png,42_ENGLAND_DOTS.png,WOUX WAN,ZETH WAN,WOUX WAN,ZETH WAN,42_ENGLAND_ZETH_WAN.png,,ZETH WAN,,,,
66,1712399750890,06/04/2024 10:35:50,1712403350890,1,06/04/2024 12:35:50,139619,19,task-eihb,,36791937,BLIND,10848315,,complete,,661121ee5d4f9f30f20c948f,computer,Desktop or Laptop,Mac OS 10.15.7,Chrome 123.0.0.0,1440x900,1440x813,,,0,1i-3 A Training,4,,,1i-3,,,Pass,,1i-3 A Training,1i-3 A Training,20,Training02,TrainingA,34efq7,1,response,RUSP WIM,1467.6999999999534,9817,9833,1467.6999999999534,9817,9833,1,1467.6999999999534,8365.300000000047,0,,Single Text Entry,TextResponseA,4,object-97,1i-3,_,19,1i-3_19,5,Training02,41_PIXIE,ASK,.png,41_PIXIE_ASK.png,RUSP,WIM,41_PIXIE_RUSP_WIM.png,,RUSP WIM,35_PROPHET_ASK.png,35_PROPHET_DOTS.png,WOUX WAN,RUSP WIM,RUSP WIM,WOUX WAN,35_PROPHET_WOUX_WAN.png,WOUX WAN,,,,,
67,1712399752043,06/04/2024 10:35:52,1712403352043,1,06/04/2024 12:35:52,139619,19,task-eihb,,36791937,BLIND,10848315,,complete,,661121ee5d4f9f30f20c948f,computer,Desktop or Laptop,Mac OS 10.15.7,Chrome 123.0.0.0,1440x900,1440x813,,,0,1i-3 A Training,4,,,1i-3,,,Pass,,1i-3 A Training,1i-3 A Training,20,Training02,TrainingB,2yfdu9,2,response,,1167.100000000035,1150.5,1167.100000000035,1167.100000000035,1150.5,1167.100000000035,1,1167.100000000035,0,0,,Click Response,Option A,4,object-245,1i-3,_,19,1i-3_19,5,Training02,41_PIXIE,ASK,.png,41_PIXIE_ASK.png,RUSP,WIM,41_PIXIE_RUSP_WIM.png,,RUSP WIM,35_PROPHET_ASK.png,35_PROPHET_DOTS.png,WOUX WAN,RUSP WIM,RUSP WIM,WOUX WAN,35_PROPHET_WOUX_WAN.png,WOUX WAN,,,,,
68,1712399757750,06/04/2024 10:35:57,1712403357750,1,06/04/2024 12:35:57,139619,19,task-eihb,,36791937,BLIND,10848315,,complete,,661121ee5d4f9f30f20c948f,computer,Desktop or Laptop,Mac OS 10.15.7,Chrome 123.0.0.0,1440x900,1440x813,,,0,1i-3 A Training,4,,,1i-3,,,Pass,,1i-3 A Training,1i-3 A Training,20,Training02,TrainingC,1ouhhw,3,continue,,5726.30000004766,5716.099999999977,5726.30000004766,5726.30000004766,5716.099999999977,5726.30000004766,1,5726.30000004766,0,0,,Click To Continue,Continue Button,6,object-272,1i-3,_,19,1i-3_19,5,Training02,41_PIXIE,ASK,.png,41_PIXIE_ASK.png,RUSP,WIM,41_PIXIE_RUSP_WIM.png,,RUSP WIM,35_PROPHET_ASK.png,35_PROPHET_DOTS.png,WOUX WAN,RUSP WIM,RUSP WIM,WOUX WAN,35_PROPHET_WOUX_WAN.png,WOUX WAN,,,,,
69,1712399774199,06/04/2024 10:36:14,1712403374199,1,06/04/2024 12:36:14,139619,19,task-eihb,,36791937,BLIND,10848315,,complete,,661121ee5d4f9f30f20c948f,computer,Desktop or Laptop,Mac OS 10.15.7,Chrome 123.0.0.0,1440x900,1440x813,,,0,1i-3 A Training,4,,,1i-3,,,Pass,,1i-3 A Training,1i-3 A Training,21,Training02,TrainingA,34efq7,1,response,FICH WUNG,1750.2999999999884,16450.400000000023,16459.200000047684,1750.2999999999884,16450.400000000023,16459.200000047684,1,1750.2999999999884,14708.900000047695,0,,Single Text Entry,TextResponseA,4,object-97,1i-3,_,21,1i-3_21,6,Training02,39_STOPHAGRID,ASK,.png,39_STOPHAGRID_ASK.png,FICH,WUNG,39_STOPHAGRID_FICH_WUNG.png,,FICH WUNG,14_MUNGOS_ASK.png,14_MUNGOS_DOTS.png,WOUX WAN,FICH WUNG,FICH WUNG,WOUX WAN,14_MUNGOS_WOUX_WAN.png,WOUX WAN,,,,,
70,1712399776370,06/04/2024 10:36:16,1712403376370,1,06/04/2024 12:36:16,139619,19,task-eihb,,36791937,BLIND,10848315,,complete,,661121ee5d4f9f30f20c948f,computer,Desktop or Laptop,Mac OS 10.15.7,Chrome 123.0.0.0,1440x900,1440x813,,,0,1i-3 A Training,4,,,1i-3,,,Pass,,1i-3 A Training,1i-3 A Training,21,Training02,TrainingB,2yfdu9,2,response,,2179.5999999999767,2166.0999999999767,2179.5999999999767,2179.5999999999767,2166.0999999999767,2179.5999999999767,1,2179.5999999999767,0,0,,Click Response,Option A,4,object-245,1i-3,_,21,1i-3_21,6,Training02,39_STOPHAGRID,ASK,.png,39_STOPHAGRID_ASK.png,FICH,WUNG,39_STOPHAGRID_FICH_WUNG.png,,FICH WUNG,14_MUNGOS_ASK.png,14_MUNGOS_DOTS.png,WOUX WAN,FICH WUNG,FICH WUNG,WOUX WAN,14_MUNGOS_WOUX_WAN.png,WOUX WAN,,,,,
71,1712399781870,06/04/2024 10:36:21,1712403381870,1,06/04/2024 12:36:21,139619,19,task-eihb,,36791937,BLIND,10848315,,complete,,661121ee5d4f9f30f20c948f,computer,Desktop or Laptop,Mac OS 10.15.7,Chrome 123.0.0.0,1440x900,1440x813,,,0,1i-3 A Training,4,,,1i-3,,,Pass,,1i-3 A Training,1i-3 A Training,21,Training02,TrainingC,1ouhhw,3,continue,,5513.200000047684,5499.299999999988,5513.200000047684,5513.200000047684,5499.299999999988,5513.200000047684,1,5513.200000047684,0,0,,Click To Continue,Continue Button,6,object-272,1i-3,_,21,1i-3_21,6,Training02,39_STOPHAGRID,ASK,.png,39_STOPHAGRID_ASK.png,FICH,WUNG,39_STOPHAGRID_FICH_WUNG.png,,FICH WUNG,14_MUNGOS_ASK.png,14_MUNGOS_DOTS.png,WOUX WAN,FICH WUNG,FICH WUNG,WOUX WAN,14_MUNGOS_WOUX_WAN.png,WOUX WAN,,,,,
72,1712399789954,06/04/2024 10:36:29,1712403389954,1,06/04/2024 12:36:29,139619,19,task-eihb,,36791937,BLIND,10848315,,complete,,661121ee5d4f9f30f20c948f,computer,Desktop or Laptop,Mac OS 10.15.7,Chrome 123.0.0.0,1440x900,1440x813,,,0,1i-3 A Training,4,,,1i-3,,,Pass,,1i-3 A Training,1i-3 A Training,22,Training02,TrainingA,34efq7,1,response,ZETH WAN,2050.7999999999884,8084.299999999988,8098.8000000238535,2050.7999999999884,8084.299999999988,8098.8000000238535,1,2050.7999999999884,6048.000000023865,0,,Single Text Entry,TextResponseA,4,object-97,1i-3,_,22,1i-3_22,6,Training02,26_ERISED,ASK,.png,26_ERISED_ASK.png,ZETH,WAN,26_ERISED_ZETH_WAN.png,,ZETH WAN,18_LIVEGODRIC_ASK.png,18_LIVEGODRIC_DOTS.png,RUSP WIM,ZETH WAN,ZETH WAN,RUSP WIM,18_LIVEGODRIC_RUSP_WIM.png,RUSP WIM,,,,,
73,1712399791110,06/04/2024 10:36:31,1712403391110,1,06/04/2024 12:36:31,139619,19,task-eihb,,36791937,BLIND,10848315,,complete,,661121ee5d4f9f30f20c948f,computer,Desktop or Laptop,Mac OS 10.15.7,Chrome 123.0.0.0,1440x900,1440x813,,,0,1i-3 A Training,4,,,1i-3,,,Pass,,1i-3 A Training,1i-3 A Training,22,Training02,TrainingB,2yfdu9,2,response,,1169.5000000238651,1166.100000000035,1169.5000000238651,1169.5000000238651,1166.100000000035,1169.5000000238651,1,1169.5000000238651,0,0,,Click Response,Option A,4,object-245,1i-3,_,22,1i-3_22,6,Training02,26_ERISED,ASK,.png,26_ERISED_ASK.png,ZETH,WAN,26_ERISED_ZETH_WAN.png,,ZETH WAN,18_LIVEGODRIC_ASK.png,18_LIVEGODRIC_DOTS.png,RUSP WIM,ZETH WAN,ZETH WAN,RUSP WIM,18_LIVEGODRIC_RUSP_WIM.png,RUSP WIM,,,,,
74,1712399796410,06/04/2024 10:36:36,1712403396410,1,06/04/2024 12:36:36,139619,19,task-eihb,,36791937,BLIND,10848315,,complete,,661121ee5d4f9f30f20c948f,computer,Desktop or Laptop,Mac OS 10.15.7,Chrome 123.0.0.0,1440x900,1440x813,,,0,1i-3 A Training,4,,,1i-3,,,Pass,,1i-3 A Training,1i-3 A Training,22,Training02,TrainingC,1ouhhw,3,continue,,5304.500000047672,5300.5,5304.500000047672,5304.500000047672,5300.5,5304.500000047672,1,5304.500000047672,0,0,,Click To Continue,Continue Button,6,object-272,1i-3,_,22,1i-3_22,6,Training02,26_ERISED,ASK,.png,26_ERISED_ASK.png,ZETH,WAN,26_ERISED_ZETH_WAN.png,,ZETH WAN,18_LIVEGODRIC_ASK.png,18_LIVEGODRIC_DOTS.png,RUSP WIM,ZETH WAN,ZETH WAN,RUSP WIM,18_LIVEGODRIC_RUSP_WIM.png,RUSP WIM,,,,,
75,1712399805254,06/04/2024 10:36:45,1712403405254,1,06/04/2024 12:36:45,139619,19,task-eihb,,36791937,BLIND,10848315,,complete,,661121ee5d4f9f30f20c948f,computer,Desktop or Laptop,Mac OS 10.15.7,Chrome 123.0.0.0,1440x900,1440x813,,,0,1i-3 A Training,4,,,1i-3,,,Pass,,1i-3 A Training,1i-3 A Training,23,Training02,TrainingA,34efq7,1,response,RUSP WIM,1598.7999999999884,8833.099999999977,8847.699999976147,1598.7999999999884,8833.099999999977,8847.699999976147,1,1598.7999999999884,7248.899999976158,0,,Single Text Entry,TextResponseA,4,object-97,1i-3,_,23,1i-3_23,6,Training02,20_PULLSWORD,ASK,.png,20_PULLSWORD_ASK.png,RUSP,WIM,20_PULLSWORD_RUSP_WIM.png,,RUSP WIM,28_GALLEONS_ASK.png,28_GALLEONS_DOTS.png,RUSP WIM,ZETH WAN,RUSP WIM,ZETH WAN,28_GALLEONS_ZETH_WAN.png,,ZETH WAN,,,,
76,1712399807154,06/04/2024 10:36:47,1712403407154,1,06/04/2024 12:36:47,139619,19,task-eihb,,36791937,BLIND,10848315,,complete,,661121ee5d4f9f30f20c948f,computer,Desktop or Laptop,Mac OS 10.15.7,Chrome 123.0.0.0,1440x900,1440x813,,,0,1i-3 A Training,4,,,1i-3,,,Pass,,1i-3 A Training,1i-3 A Training,23,Training02,TrainingB,2yfdu9,2,response,,1914.0999999761698,1899.7000000000116,1914.0999999761698,1914.0999999761698,1899.7000000000116,1914.0999999761698,1,1914.0999999761698,0,0,,Click Response,Option B,5,object-246,1i-3,_,23,1i-3_23,6,Training02,20_PULLSWORD,ASK,.png,20_PULLSWORD_ASK.png,RUSP,WIM,20_PULLSWORD_RUSP_WIM.png,,RUSP WIM,28_GALLEONS_ASK.png,28_GALLEONS_DOTS.png,RUSP WIM,ZETH WAN,RUSP WIM,ZETH WAN,28_GALLEONS_ZETH_WAN.png,,ZETH WAN,,,,
77,1712399810684,06/04/2024 10:36:50,1712403410684,1,06/04/2024 12:36:50,139619,19,task-eihb,,36791937,BLIND,10848315,,complete,,661121ee5d4f9f30f20c948f,computer,Desktop or Laptop,Mac OS 10.15.7,Chrome 123.0.0.0,1440x900,1440x813,,,0,1i-3 A Training,4,,,1i-3,,,Pass,,1i-3 A Training,1i-3 A Training,23,Training02,TrainingC,1ouhhw,3,continue,,3544.600000023842,3533.7000000000116,3544.600000023842,3544.600000023842,3533.7000000000116,3544.600000023842,1,3544.600000023842,0,0,,Click To Continue,Continue Button,6,object-272,1i-3,_,23,1i-3_23,6,Training02,20_PULLSWORD,ASK,.png,20_PULLSWORD_ASK.png,RUSP,WIM,20_PULLSWORD_RUSP_WIM.png,,RUSP WIM,28_GALLEONS_ASK.png,28_GALLEONS_DOTS.png,RUSP WIM,ZETH WAN,RUSP WIM,ZETH WAN,28_GALLEONS_ZETH_WAN.png,,ZETH WAN,,,,
78,1712399821751,06/04/2024 10:37:01,1712403421751,1,06/04/2024 12:37:01,139619,19,task-eihb,,36791937,BLIND,10848315,,complete,,661121ee5d4f9f30f20c948f,computer,Desktop or Laptop,Mac OS 10.15.7,Chrome 123.0.0.0,1440x900,1440x813,,,0,1i-3 A Training,4,,,1i-3,,,Pass,,1i-3 A Training,1i-3 A Training,24,Training02,TrainingA,34efq7,1,response,WOUX WAN,3133.2000000000116,11066.399999999965,11077.90000002383,3133.2000000000116,11066.399999999965,11077.90000002383,1,3133.2000000000116,7944.700000023819,0,,Single Text Entry,TextResponseA,4,object-97,1i-3,_,24,1i-3_24,6,Training02,07_AZKABAN,ASK,.png,07_AZKABAN_ASK.png,WOUX,WAN,07_AZKABAN_WOUX_WAN.png,,WOUX WAN,32_QWC_ASK.png,32_QWC_DOTS.png,WOUX WAN,FICH WUNG,WOUX WAN,FICH WUNG,32_QWC_FICH_WUNG.png,,FICH WUNG,,,,
79,1712399823318,06/04/2024 10:37:03,1712403423318,1,06/04/2024 12:37:03,139619,19,task-eihb,,36791937,BLIND,10848315,,complete,,661121ee5d4f9f30f20c948f,computer,Desktop or Laptop,Mac OS 10.15.7,Chrome 123.0.0.0,1440x900,1440x813,,,0,1i-3 A Training,4,,,1i-3,,,Pass,,1i-3 A Training,1i-3 A Training,24,Training02,TrainingB,2yfdu9,2,response,,1578.2999999761814,1566.7000000000116,1578.2999999761814,1578.2999999761814,1566.7000000000116,1578.2999999761814,1,1578.2999999761814,0,0,,Click Response,Option B,5,object-246,1i-3,_,24,1i-3_24,6,Training02,07_AZKABAN,ASK,.png,07_AZKABAN_ASK.png,WOUX,WAN,07_AZKABAN_WOUX_WAN.png,,WOUX WAN,32_QWC_ASK.png,32_QWC_DOTS.png,WOUX WAN,FICH WUNG,WOUX WAN,FICH WUNG,32_QWC_FICH_WUNG.png,,FICH WUNG,,,,
80,1712399826272,06/04/2024 10:37:06,1712403426272,1,06/04/2024 12:37:06,139619,19,task-eihb,,36791937,BLIND,10848315,,complete,,661121ee5d4f9f30f20c948f,computer,Desktop or Laptop,Mac OS 10.15.7,Chrome 123.0.0.0,1440x900,1440x813,,,0,1i-3 A Training,4,,,1i-3,,,Pass,,1i-3 A Training,1i-3 A Training,24,Training02,TrainingC,1ouhhw,3,continue,,2965.3000000238535,2949.4000000000233,2965.3000000238535,2965.3000000238535,2949.4000000000233,2965.3000000238535,1,2965.3000000238535,0,0,,Click To Continue,Continue Button,6,object-272,1i-3,_,24,1i-3_24,6,Training02,07_AZKABAN,ASK,.png,07_AZKABAN_ASK.png,WOUX,WAN,07_AZKABAN_WOUX_WAN.png,,WOUX WAN,32_QWC_ASK.png,32_QWC_DOTS.png,WOUX WAN,FICH WUNG,WOUX WAN,FICH WUNG,32_QWC_FICH_WUNG.png,,FICH WUNG,,,,
81,1712399826278,06/04/2024 10:37:06,1712403426278,1,06/04/2024 12:37:06,139619,19,task-eihb,,36791937,BLIND,10848315,,complete,,661121ee5d4f9f30f20c948f,computer,Desktop or Laptop,Mac OS 10.15.7,Chrome 123.0.0.0,1440x900,1440x813,,,0,1i-3 A Training,4,,,1i-3,,,Pass,,1i-3 A Training,1i-3 A Training,,,,,,5,END,,,,,,,0,,,,,,,,,,,,,,,,,,,,,,,,,,,,,,,,,,,,
1,1712400573557,06/04/2024 10:49:33,1712404173557,1,06/04/2024 12:49:33,139619,19,task-eihb,,36792231,BLIND,10848400,,complete,,661126aa48f8dfceada76a1f,computer,Desktop or Laptop,Chromium OS 14541.0.0,Chrome 122.0.0.0,1517x852,1517x717,,,0,1i-3 A Training,4,,,1i-3,,,Pass,,1i-3 A Training,1i-3 A Training,,,,,,5,BEGIN,,,,,,,0,,,,,,,,,,,,,,,,,,,,,,,,,,,,,,,,,,,,
2,1712400580006,06/04/2024 10:49:40,1712404180006,1,06/04/2024 12:49:40,139619,19,task-eihb,,36792231,BLIND,10848400,,complete,,661126aa48f8dfceada76a1f,computer,Desktop or Laptop,Chromium OS 14541.0.0,Chrome 122.0.0.0,1517x852,1517x717,,,0,1i-3 A Training,4,,,1i-3,,,Pass,,1i-3 A Training,1i-3 A Training,1,Instructions,Attention Check 5,4xnmv6,1,continue,,5940.499999999999,5923.799999999999,5940.499999999999,5940.499999999999,5923.799999999999,5940.499999999999,1,5940.499999999999,0,0,,Click To Continue,Continue Button,4,object-285,,,,,,Instructions,,,,,,,,,,,,,,,,,,,,,,
3,1712400580009,06/04/2024 10:49:40,1712404180009,1,06/04/2024 12:49:40,139619,19,task-eihb,,36792231,BLIND,10848400,,complete,,661126aa48f8dfceada76a1f,computer,Desktop or Laptop,Chromium OS 14541.0.0,Chrome 122.0.0.0,1517x852,1517x717,,,0,1i-3 A Training,4,,,1i-3,,,Pass,,1i-3 A Training,1i-3 A Training,1,Instructions,Attention Check 5,4xnmv6,1,response,Accio!,4376,5923.799999999999,5940.499999999999,4376,5923.799999999999,5940.499999999999,1,4376,1564.499999999999,0,,Dropdown,Dropdown5,3,object-284,,,,,,Instructions,,,,,,,,,,,,,,,,,,,,,,
4,1712400585759,06/04/2024 10:49:45,1712404185759,1,06/04/2024 12:49:45,139619,19,task-eihb,,36792231,BLIND,10848400,,complete,,661126aa48f8dfceada76a1f,computer,Desktop or Laptop,Chromium OS 14541.0.0,Chrome 122.0.0.0,1517x852,1517x717,,,0,1i-3 A Training,4,,,1i-3,,,Pass,,1i-3 A Training,1i-3 A Training,1,Instructions,Attention Check 6,wf497f,2,continue,,5773.000000000001,5756.3,5773.000000000001,5773.000000000001,5756.3,5773.000000000001,1,5773.000000000001,0,0,,Click To Continue,Continue Button,4,object-292,,,,,,Instructions,,,,,,,,,,,,,,,,,,,,,,
5,1712400585771,06/04/2024 10:49:45,1712404185771,1,06/04/2024 12:49:45,139619,19,task-eihb,,36792231,BLIND,10848400,,complete,,661126aa48f8dfceada76a1f,computer,Desktop or Laptop,Chromium OS 14541.0.0,Chrome 122.0.0.0,1517x852,1517x717,,,0,1i-3 A Training,4,,,1i-3,,,Pass,,1i-3 A Training,1i-3 A Training,1,Instructions,Attention Check 6,wf497f,2,response,The Invisibility Cloak,4525.3,5756.3,5773.000000000001,4525.3,5756.3,5773.000000000001,1,4525.3,1247.7000000000007,0,,Dropdown,Dropdown6,3,object-291,,,,,,Instructions,,,,,,,,,,,,,,,,,,,,,,
6,1712400589347,06/04/2024 10:49:49,1712404189347,1,06/04/2024 12:49:49,139619,19,task-eihb,,36792231,BLIND,10848400,,complete,,661126aa48f8dfceada76a1f,computer,Desktop or Laptop,Chromium OS 14541.0.0,Chrome 122.0.0.0,1517x852,1517x717,,,0,1i-3 A Training,4,,,1i-3,,,Pass,,1i-3 A Training,1i-3 A Training,1,Instructions,Screen 22,3y4guk,3,continue,,3605.600000000093,3594.5999999999985,3605.600000000093,3605.600000000093,3594.5999999999985,3605.600000000093,1,3605.600000000093,0,0,,Click To Continue,Continue Button,3,object-297,,,,,,Instructions,,,,,,,,,,,,,,,,,,,,,,
7,1712400596468,06/04/2024 10:49:56,1712404196468,1,06/04/2024 12:49:56,139619,19,task-eihb,,36792231,BLIND,10848400,,complete,,661126aa48f8dfceada76a1f,computer,Desktop or Laptop,Chromium OS 14541.0.0,Chrome 122.0.0.0,1517x852,1517x717,,,0,1i-3 A Training,4,,,1i-3,,,Pass,,1i-3 A Training,1i-3 A Training,1,Instructions,Instructions 02,q3gk2e,4,continue,,7130.900000000005,7114.300000000003,7130.900000000005,7130.900000000005,7114.300000000003,7130.900000000005,1,7130.900000000005,0,0,,Click To Continue,Continue Button,2,object-75,,,,,,Instructions,,,,,,,,,,,,,,,,,,,,,,
8,1712400598128,06/04/2024 10:49:58,1712404198128,1,06/04/2024 12:49:58,139619,19,task-eihb,,36792231,BLIND,10848400,,complete,,661126aa48f8dfceada76a1f,computer,Desktop or Laptop,Chromium OS 14541.0.0,Chrome 122.0.0.0,1517x852,1517x717,,,0,1i-3 A Training,4,,,1i-3,,,Pass,,1i-3 A Training,1i-3 A Training,1,Instructions,Instructions 03,gxa3vr,5,continue,,1678.0999999999985,1671.699999999997,1678.0999999999985,1678.0999999999985,1671.699999999997,1678.0999999999985,1,1678.0999999999985,0,0,,Click To Continue,Continue Button,1,object-165,,,,,,Instructions,,,,,,,,,,,,,,,,,,,,,,
9,1712400609783,06/04/2024 10:50:09,1712404209783,1,06/04/2024 12:50:09,139619,19,task-eihb,,36792231,BLIND,10848400,,complete,,661126aa48f8dfceada76a1f,computer,Desktop or Laptop,Chromium OS 14541.0.0,Chrome 122.0.0.0,1517x852,1517x717,,,0,1i-3 A Training,4,,,1i-3,,,Pass,,1i-3 A Training,1i-3 A Training,1,Training02,TrainingA,34efq7,1,response,WOUX WAN,6552.9000000000015,11644.700000000004,11660.500000000095,6552.9000000000015,11644.700000000004,11660.500000000095,1,6552.9000000000015,5107.600000000093,0,,Single Text Entry,TextResponseA,4,object-97,1i-3,_,04,1i-3_04,1,Training02,35_PROPHET,ASK,.png,35_PROPHET_ASK.png,WOUX,WAN,35_PROPHET_WOUX_WAN.png,,WOUX WAN,40_BURYSNAPE_ASK.png,40_BURYSNAPE_DOTS.png,WOUX WAN,RUSP WIM,WOUX WAN,RUSP WIM,40_BURYSNAPE_RUSP_WIM.png,,RUSP WIM,,,,
10,1712400612530,06/04/2024 10:50:12,1712404212530,1,06/04/2024 12:50:12,139619,19,task-eihb,,36792231,BLIND,10848400,,complete,,661126aa48f8dfceada76a1f,computer,Desktop or Laptop,Chromium OS 14541.0.0,Chrome 122.0.0.0,1517x852,1517x717,,,0,1i-3 A Training,4,,,1i-3,,,Pass,,1i-3 A Training,1i-3 A Training,1,Training02,TrainingB,2yfdu9,2,response,,2763.0000000002765,2748.7999999999956,2763.0000000002765,2763.0000000002765,2748.7999999999956,2763.0000000002765,1,2763.0000000002765,0,0,,Click Response,Option A,4,object-245,1i-3,_,04,1i-3_04,1,Training02,35_PROPHET,ASK,.png,35_PROPHET_ASK.png,WOUX,WAN,35_PROPHET_WOUX_WAN.png,,WOUX WAN,40_BURYSNAPE_ASK.png,40_BURYSNAPE_DOTS.png,WOUX WAN,RUSP WIM,WOUX WAN,RUSP WIM,40_BURYSNAPE_RUSP_WIM.png,,RUSP WIM,,,,
11,1712400614309,06/04/2024 10:50:14,1712404214309,1,06/04/2024 12:50:14,139619,19,task-eihb,,36792231,BLIND,10848400,,complete,,661126aa48f8dfceada76a1f,computer,Desktop or Laptop,Chromium OS 14541.0.0,Chrome 122.0.0.0,1517x852,1517x717,,,0,1i-3 A Training,4,,,1i-3,,,Pass,,1i-3 A Training,1i-3 A Training,1,Training02,TrainingC,1ouhhw,3,continue,,1793.5,1776.9000000000015,1793.5,1793.5,1776.9000000000015,1793.5,1,1793.5,0,0,,Click To Continue,Continue Button,6,object-272,1i-3,_,04,1i-3_04,1,Training02,35_PROPHET,ASK,.png,35_PROPHET_ASK.png,WOUX,WAN,35_PROPHET_WOUX_WAN.png,,WOUX WAN,40_BURYSNAPE_ASK.png,40_BURYSNAPE_DOTS.png,WOUX WAN,RUSP WIM,WOUX WAN,RUSP WIM,40_BURYSNAPE_RUSP_WIM.png,,RUSP WIM,,,,
12,1712400625461,06/04/2024 10:50:25,1712404225461,1,06/04/2024 12:50:25,139619,19,task-eihb,,36792231,BLIND,10848400,,complete,,661126aa48f8dfceada76a1f,computer,Desktop or Laptop,Chromium OS 14541.0.0,Chrome 122.0.0.0,1517x852,1517x717,,,0,1i-3 A Training,4,,,1i-3,,,Pass,,1i-3 A Training,1i-3 A Training,2,Training02,TrainingA,34efq7,1,response,RUDSP WIM,4075.5,11147.099999999999,11163.799999999996,4075.5,11147.099999999999,11163.799999999996,0,4075.5,7088.299999999996,0,,Single Text Entry,TextResponseA,4,object-97,1i-3,_,03,1i-3_03,1,Training02,13_QUIBBLER,ASK,.png,13_QUIBBLER_ASK.png,RUSP,WIM,13_QUIBBLER_RUSP_WIM.png,,RUSP WIM,27_BESTSELLER_ASK.png,27_BESTSELLER_DOTS.png,FICH WUNG,RUSP WIM,RUSP WIM,FICH WUNG,27_BESTSELLER_FICH_WUNG.png,FICH WUNG,,,,,
13,1712400631469,06/04/2024 10:50:31,1712404231469,1,06/04/2024 12:50:31,139619,19,task-eihb,,36792231,BLIND,10848400,,complete,,661126aa48f8dfceada76a1f,computer,Desktop or Laptop,Chromium OS 14541.0.0,Chrome 122.0.0.0,1517x852,1517x717,,,0,1i-3 A Training,4,,,1i-3,,,Pass,,1i-3 A Training,1i-3 A Training,2,Training02,TrainingA,34efq7,1,response,RUSP WIM,15455.800000000003,17153.199999999997,17169.899999999994,15455.800000000003,17153.199999999997,17169.899999999994,1,15455.800000000003,1714.0999999999913,0,,Single Text Entry,TextResponseA,4,object-97,1i-3,_,03,1i-3_03,1,Training02,13_QUIBBLER,ASK,.png,13_QUIBBLER_ASK.png,RUSP,WIM,13_QUIBBLER_RUSP_WIM.png,,RUSP WIM,27_BESTSELLER_ASK.png,27_BESTSELLER_DOTS.png,FICH WUNG,RUSP WIM,RUSP WIM,FICH WUNG,27_BESTSELLER_FICH_WUNG.png,FICH WUNG,,,,,
14,1712400633475,06/04/2024 10:50:33,1712404233475,1,06/04/2024 12:50:33,139619,19,task-eihb,,36792231,BLIND,10848400,,complete,,661126aa48f8dfceada76a1f,computer,Desktop or Laptop,Chromium OS 14541.0.0,Chrome 122.0.0.0,1517x852,1517x717,,,0,1i-3 A Training,4,,,1i-3,,,Pass,,1i-3 A Training,1i-3 A Training,2,Training02,TrainingB,2yfdu9,2,response,,2029.300000000003,2015.800000000003,2029.300000000003,2029.300000000003,2015.800000000003,2029.300000000003,1,2029.300000000003,0,0,,Click Response,Option A,4,object-245,1i-3,_,03,1i-3_03,1,Training02,13_QUIBBLER,ASK,.png,13_QUIBBLER_ASK.png,RUSP,WIM,13_QUIBBLER_RUSP_WIM.png,,RUSP WIM,27_BESTSELLER_ASK.png,27_BESTSELLER_DOTS.png,FICH WUNG,RUSP WIM,RUSP WIM,FICH WUNG,27_BESTSELLER_FICH_WUNG.png,FICH WUNG,,,,,
15,1712400634626,06/04/2024 10:50:34,1712404234626,1,06/04/2024 12:50:34,139619,19,task-eihb,,36792231,BLIND,10848400,,complete,,661126aa48f8dfceada76a1f,computer,Desktop or Laptop,Chromium OS 14541.0.0,Chrome 122.0.0.0,1517x852,1517x717,,,0,1i-3 A Training,4,,,1i-3,,,Pass,,1i-3 A Training,1i-3 A Training,2,Training02,TrainingC,1ouhhw,3,continue,,1161.9000000000087,1145.300000000003,1161.9000000000087,1161.9000000000087,1145.300000000003,1161.9000000000087,1,1161.9000000000087,0,0,,Click To Continue,Continue Button,6,object-272,1i-3,_,03,1i-3_03,1,Training02,13_QUIBBLER,ASK,.png,13_QUIBBLER_ASK.png,RUSP,WIM,13_QUIBBLER_RUSP_WIM.png,,RUSP WIM,27_BESTSELLER_ASK.png,27_BESTSELLER_DOTS.png,FICH WUNG,RUSP WIM,RUSP WIM,FICH WUNG,27_BESTSELLER_FICH_WUNG.png,FICH WUNG,,,,,
16,1712400645682,06/04/2024 10:50:45,1712404245682,1,06/04/2024 12:50:45,139619,19,task-eihb,,36792231,BLIND,10848400,,complete,,661126aa48f8dfceada76a1f,computer,Desktop or Laptop,Chromium OS 14541.0.0,Chrome 122.0.0.0,1517x852,1517x717,,,0,1i-3 A Training,4,,,1i-3,,,Pass,,1i-3 A Training,1i-3 A Training,3,Training02,TrainingA,34efq7,1,response,FICH WUNG,3011.199999999997,11047.699999999997,11064.300000000003,3011.199999999997,11047.699999999997,11064.300000000003,1,3011.199999999997,8053.100000000006,0,,Single Text Entry,TextResponseA,4,object-97,1i-3,_,01,1i-3_01,1,Training02,04_WHEEZES,ASK,.png,04_WHEEZES_ASK.png,FICH,WUNG,04_WHEEZES_FICH_WUNG.png,,FICH WUNG,05_AUROR_ASK.png,05_AUROR_DOTS.png,FICH WUNG,ZETH WAN,FICH WUNG,ZETH WAN,05_AUROR_ZETH_WAN.png,,ZETH WAN,,,,
17,1712400647687,06/04/2024 10:50:47,1712404247687,1,06/04/2024 12:50:47,139619,19,task-eihb,,36792231,BLIND,10848400,,complete,,661126aa48f8dfceada76a1f,computer,Desktop or Laptop,Chromium OS 14541.0.0,Chrome 122.0.0.0,1517x852,1517x717,,,0,1i-3 A Training,4,,,1i-3,,,Pass,,1i-3 A Training,1i-3 A Training,3,Training02,TrainingB,2yfdu9,2,response,,2032.6000000000931,2015.8999999999942,2032.6000000000931,2032.6000000000931,2015.8999999999942,2032.6000000000931,1,2032.6000000000931,0,0,,Click Response,Option B,5,object-246,1i-3,_,01,1i-3_01,1,Training02,04_WHEEZES,ASK,.png,04_WHEEZES_ASK.png,FICH,WUNG,04_WHEEZES_FICH_WUNG.png,,FICH WUNG,05_AUROR_ASK.png,05_AUROR_DOTS.png,FICH WUNG,ZETH WAN,FICH WUNG,ZETH WAN,05_AUROR_ZETH_WAN.png,,ZETH WAN,,,,
18,1712400649026,06/04/2024 10:50:49,1712404249026,1,06/04/2024 12:50:49,139619,19,task-eihb,,36792231,BLIND,10848400,,complete,,661126aa48f8dfceada76a1f,computer,Desktop or Laptop,Chromium OS 14541.0.0,Chrome 122.0.0.0,1517x852,1517x717,,,0,1i-3 A Training,4,,,1i-3,,,Pass,,1i-3 A Training,1i-3 A Training,3,Training02,TrainingC,1ouhhw,3,continue,,1355.200000000099,1345.1000000000058,1355.200000000099,1355.200000000099,1345.1000000000058,1355.200000000099,1,1355.200000000099,0,0,,Click To Continue,Continue Button,6,object-272,1i-3,_,01,1i-3_01,1,Training02,04_WHEEZES,ASK,.png,04_WHEEZES_ASK.png,FICH,WUNG,04_WHEEZES_FICH_WUNG.png,,FICH WUNG,05_AUROR_ASK.png,05_AUROR_DOTS.png,FICH WUNG,ZETH WAN,FICH WUNG,ZETH WAN,05_AUROR_ZETH_WAN.png,,ZETH WAN,,,,
19,1712400663933,06/04/2024 10:51:03,1712404263933,1,06/04/2024 12:51:03,139619,19,task-eihb,,36792231,BLIND,10848400,,complete,,661126aa48f8dfceada76a1f,computer,Desktop or Laptop,Chromium OS 14541.0.0,Chrome 122.0.0.0,1517x852,1517x717,,,0,1i-3 A Training,4,,,1i-3,,,Pass,,1i-3 A Training,1i-3 A Training,4,Training02,TrainingA,34efq7,1,response,ZETH WAN,3527.199999999997,14907.100000000006,14917.700000000186,3527.199999999997,14907.100000000006,14917.700000000186,1,3527.199999999997,11390.50000000019,0,,Single Text Entry,TextResponseA,4,object-97,1i-3,_,02,1i-3_02,1,Training02,40_BURYSNAPE,ASK,.png,40_BURYSNAPE_ASK.png,ZETH,WAN,40_BURYSNAPE_ZETH_WAN.png,,ZETH WAN,20_PULLSWORD_ASK.png,20_PULLSWORD_DOTS.png,WOUX WAN,ZETH WAN,ZETH WAN,WOUX WAN,20_PULLSWORD_WOUX_WAN.png,WOUX WAN,,,,,
20,1712400666030,06/04/2024 10:51:06,1712404266030,1,06/04/2024 12:51:06,139619,19,task-eihb,,36792231,BLIND,10848400,,complete,,661126aa48f8dfceada76a1f,computer,Desktop or Laptop,Chromium OS 14541.0.0,Chrome 122.0.0.0,1517x852,1517x717,,,0,1i-3 A Training,4,,,1i-3,,,Pass,,1i-3 A Training,1i-3 A Training,4,Training02,TrainingB,2yfdu9,2,response,,2107.7000000002736,2099.5,2107.7000000002736,2107.7000000002736,2099.5,2107.7000000002736,1,2107.7000000002736,0,0,,Click Response,Option A,4,object-245,1i-3,_,02,1i-3_02,1,Training02,40_BURYSNAPE,ASK,.png,40_BURYSNAPE_ASK.png,ZETH,WAN,40_BURYSNAPE_ZETH_WAN.png,,ZETH WAN,20_PULLSWORD_ASK.png,20_PULLSWORD_DOTS.png,WOUX WAN,ZETH WAN,ZETH WAN,WOUX WAN,20_PULLSWORD_WOUX_WAN.png,WOUX WAN,,,,,
21,1712400667211,06/04/2024 10:51:07,1712404267211,1,06/04/2024 12:51:07,139619,19,task-eihb,,36792231,BLIND,10848400,,complete,,661126aa48f8dfceada76a1f,computer,Desktop or Laptop,Chromium OS 14541.0.0,Chrome 122.0.0.0,1517x852,1517x717,,,0,1i-3 A Training,4,,,1i-3,,,Pass,,1i-3 A Training,1i-3 A Training,4,Training02,TrainingC,1ouhhw,3,continue,,1188.3999999999942,1178.5,1188.3999999999942,1188.3999999999942,1178.5,1188.3999999999942,1,1188.3999999999942,0,0,,Click To Continue,Continue Button,6,object-272,1i-3,_,02,1i-3_02,1,Training02,40_BURYSNAPE,ASK,.png,40_BURYSNAPE_ASK.png,ZETH,WAN,40_BURYSNAPE_ZETH_WAN.png,,ZETH WAN,20_PULLSWORD_ASK.png,20_PULLSWORD_DOTS.png,WOUX WAN,ZETH WAN,ZETH WAN,WOUX WAN,20_PULLSWORD_WOUX_WAN.png,WOUX WAN,,,,,
22,1712400677952,06/04/2024 10:51:17,1712404277952,1,06/04/2024 12:51:17,139619,19,task-eihb,,36792231,BLIND,10848400,,complete,,661126aa48f8dfceada76a1f,computer,Desktop or Laptop,Chromium OS 14541.0.0,Chrome 122.0.0.0,1517x852,1517x717,,,0,1i-3 A Training,4,,,1i-3,,,Pass,,1i-3 A Training,1i-3 A Training,5,Training02,TrainingA,34efq7,1,response,ZETH WAN,2378.899999999994,10731.199999999997,10747.699999999997,2378.899999999994,10731.199999999997,10747.699999999997,1,2378.899999999994,8368.800000000003,0,,Single Text Entry,TextResponseA,4,object-97,1i-3,_,06,1i-3_06,2,Training02,12_SKEETER,ASK,.png,12_SKEETER_ASK.png,ZETH,WAN,12_SKEETER_ZETH_WAN.png,,ZETH WAN,12_SKEETER_ASK.png,12_SKEETER_DOTS.png,FICH WUNG,ZETH WAN,ZETH WAN,FICH WUNG,12_SKEETER_FICH_WUNG.png,FICH WUNG,,,,,
23,1712400679585,06/04/2024 10:51:19,1712404279585,1,06/04/2024 12:51:19,139619,19,task-eihb,,36792231,BLIND,10848400,,complete,,661126aa48f8dfceada76a1f,computer,Desktop or Laptop,Chromium OS 14541.0.0,Chrome 122.0.0.0,1517x852,1517x717,,,0,1i-3 A Training,4,,,1i-3,,,Pass,,1i-3 A Training,1i-3 A Training,5,Training02,TrainingB,2yfdu9,2,response,,1652.9000000001834,1649.5,1652.9000000001834,1652.9000000001834,1649.5,1652.9000000001834,1,1652.9000000001834,0,0,,Click Response,Option B,5,object-246,1i-3,_,06,1i-3_06,2,Training02,12_SKEETER,ASK,.png,12_SKEETER_ASK.png,ZETH,WAN,12_SKEETER_ZETH_WAN.png,,ZETH WAN,12_SKEETER_ASK.png,12_SKEETER_DOTS.png,FICH WUNG,ZETH WAN,ZETH WAN,FICH WUNG,12_SKEETER_FICH_WUNG.png,FICH WUNG,,,,,
24,1712400680686,06/04/2024 10:51:20,1712404280686,1,06/04/2024 12:51:20,139619,19,task-eihb,,36792231,BLIND,10848400,,complete,,661126aa48f8dfceada76a1f,computer,Desktop or Laptop,Chromium OS 14541.0.0,Chrome 122.0.0.0,1517x852,1517x717,,,0,1i-3 A Training,4,,,1i-3,,,Pass,,1i-3 A Training,1i-3 A Training,5,Training02,TrainingC,1ouhhw,3,continue,,1105.3000000000902,1096,1105.3000000000902,1105.3000000000902,1096,1105.3000000000902,1,1105.3000000000902,0,0,,Click To Continue,Continue Button,6,object-272,1i-3,_,06,1i-3_06,2,Training02,12_SKEETER,ASK,.png,12_SKEETER_ASK.png,ZETH,WAN,12_SKEETER_ZETH_WAN.png,,ZETH WAN,12_SKEETER_ASK.png,12_SKEETER_DOTS.png,FICH WUNG,ZETH WAN,ZETH WAN,FICH WUNG,12_SKEETER_FICH_WUNG.png,FICH WUNG,,,,,
25,1712400685173,06/04/2024 10:51:25,1712404285173,1,06/04/2024 12:51:25,139619,19,task-eihb,,36792231,BLIND,10848400,,complete,,661126aa48f8dfceada76a1f,computer,Desktop or Laptop,Chromium OS 14541.0.0,Chrome 122.0.0.0,1517x852,1517x717,,,0,1i-3 A Training,4,,,1i-3,,,Pass,,1i-3 A Training,1i-3 A Training,6,Training02,TrainingA,34efq7,1,response,FICH WUNG,3144.0999999999913,4475.5,4492.100000000006,3144.0999999999913,4475.5,4492.100000000006,1,3144.0999999999913,1348.0000000000146,0,,Single Text Entry,TextResponseA,4,object-97,1i-3,_,05,1i-3_05,2,Training02,18_LIVEGODRIC,ASK,.png,18_LIVEGODRIC_ASK.png,FICH,WUNG,18_LIVEGODRIC_FICH_WUNG.png,,FICH WUNG,07_AZKABAN_ASK.png,07_AZKABAN_DOTS.png,FICH WUNG,RUSP WIM,FICH WUNG,RUSP WIM,07_AZKABAN_RUSP_WIM.png,,RUSP WIM,,,,
26,1712400686962,06/04/2024 10:51:26,1712404286962,1,06/04/2024 12:51:26,139619,19,task-eihb,,36792231,BLIND,10848400,,complete,,661126aa48f8dfceada76a1f,computer,Desktop or Laptop,Chromium OS 14541.0.0,Chrome 122.0.0.0,1517x852,1517x717,,,0,1i-3 A Training,4,,,1i-3,,,Pass,,1i-3 A Training,1i-3 A Training,6,Training02,TrainingB,2yfdu9,2,response,,1809.1000000003696,1799.300000000003,1809.1000000003696,1809.1000000003696,1799.300000000003,1809.1000000003696,1,1809.1000000003696,0,0,,Click Response,Option B,5,object-246,1i-3,_,05,1i-3_05,2,Training02,18_LIVEGODRIC,ASK,.png,18_LIVEGODRIC_ASK.png,FICH,WUNG,18_LIVEGODRIC_FICH_WUNG.png,,FICH WUNG,07_AZKABAN_ASK.png,07_AZKABAN_DOTS.png,FICH WUNG,RUSP WIM,FICH WUNG,RUSP WIM,07_AZKABAN_RUSP_WIM.png,,RUSP WIM,,,,
27,1712400688083,06/04/2024 10:51:28,1712404288083,1,06/04/2024 12:51:28,139619,19,task-eihb,,36792231,BLIND,10848400,,complete,,661126aa48f8dfceada76a1f,computer,Desktop or Laptop,Chromium OS 14541.0.0,Chrome 122.0.0.0,1517x852,1517x717,,,0,1i-3 A Training,4,,,1i-3,,,Pass,,1i-3 A Training,1i-3 A Training,6,Training02,TrainingC,1ouhhw,3,continue,,1128.800000000003,1112.199999999997,1128.800000000003,1128.800000000003,1112.199999999997,1128.800000000003,1,1128.800000000003,0,0,,Click To Continue,Continue Button,6,object-272,1i-3,_,05,1i-3_05,2,Training02,18_LIVEGODRIC,ASK,.png,18_LIVEGODRIC_ASK.png,FICH,WUNG,18_LIVEGODRIC_FICH_WUNG.png,,FICH WUNG,07_AZKABAN_ASK.png,07_AZKABAN_DOTS.png,FICH WUNG,RUSP WIM,FICH WUNG,RUSP WIM,07_AZKABAN_RUSP_WIM.png,,RUSP WIM,,,,
28,1712400695921,06/04/2024 10:51:35,1712404295921,1,06/04/2024 12:51:35,139619,19,task-eihb,,36792231,BLIND,10848400,,complete,,661126aa48f8dfceada76a1f,computer,Desktop or Laptop,Chromium OS 14541.0.0,Chrome 122.0.0.0,1517x852,1517x717,,,0,1i-3 A Training,4,,,1i-3,,,Pass,,1i-3 A Training,1i-3 A Training,7,Training02,TrainingA,34efq7,1,response,WOUX WAN,3410.5999999999913,7836.300000000003,7853.000000000015,3410.5999999999913,7836.300000000003,7853.000000000015,1,3410.5999999999913,4442.400000000023,0,,Single Text Entry,TextResponseA,4,object-97,1i-3,_,08,1i-3_08,2,Training02,28_GALLEONS,ASK,.png,28_GALLEONS_ASK.png,WOUX,WAN,28_GALLEONS_WOUX_WAN.png,,WOUX WAN,39_STOPHAGRID_ASK.png,39_STOPHAGRID_DOTS.png,ZETH WAN,WOUX WAN,WOUX WAN,ZETH WAN,39_STOPHAGRID_ZETH_WAN.png,ZETH WAN,,,,,
29,1712400698146,06/04/2024 10:51:38,1712404298146,1,06/04/2024 12:51:38,139619,19,task-eihb,,36792231,BLIND,10848400,,complete,,661126aa48f8dfceada76a1f,computer,Desktop or Laptop,Chromium OS 14541.0.0,Chrome 122.0.0.0,1517x852,1517x717,,,0,1i-3 A Training,4,,,1i-3,,,Pass,,1i-3 A Training,1i-3 A Training,7,Training02,TrainingB,2yfdu9,2,response,,2245.1000000001804,2232.699999999997,2245.1000000001804,2245.1000000001804,2232.699999999997,2245.1000000001804,1,2245.1000000001804,0,0,,Click Response,Option A,4,object-245,1i-3,_,08,1i-3_08,2,Training02,28_GALLEONS,ASK,.png,28_GALLEONS_ASK.png,WOUX,WAN,28_GALLEONS_WOUX_WAN.png,,WOUX WAN,39_STOPHAGRID_ASK.png,39_STOPHAGRID_DOTS.png,ZETH WAN,WOUX WAN,WOUX WAN,ZETH WAN,39_STOPHAGRID_ZETH_WAN.png,ZETH WAN,,,,,
30,1712400699718,06/04/2024 10:51:39,1712404299718,1,06/04/2024 12:51:39,139619,19,task-eihb,,36792231,BLIND,10848400,,complete,,661126aa48f8dfceada76a1f,computer,Desktop or Laptop,Chromium OS 14541.0.0,Chrome 122.0.0.0,1517x852,1517x717,,,0,1i-3 A Training,4,,,1i-3,,,Pass,,1i-3 A Training,1i-3 A Training,7,Training02,TrainingC,1ouhhw,3,continue,,1584.4000000001834,1577.8999999999942,1584.4000000001834,1584.4000000001834,1577.8999999999942,1584.4000000001834,1,1584.4000000001834,0,0,,Click To Continue,Continue Button,6,object-272,1i-3,_,08,1i-3_08,2,Training02,28_GALLEONS,ASK,.png,28_GALLEONS_ASK.png,WOUX,WAN,28_GALLEONS_WOUX_WAN.png,,WOUX WAN,39_STOPHAGRID_ASK.png,39_STOPHAGRID_DOTS.png,ZETH WAN,WOUX WAN,WOUX WAN,ZETH WAN,39_STOPHAGRID_ZETH_WAN.png,ZETH WAN,,,,,
31,1712400708370,06/04/2024 10:51:48,1712404308370,1,06/04/2024 12:51:48,139619,19,task-eihb,,36792231,BLIND,10848400,,complete,,661126aa48f8dfceada76a1f,computer,Desktop or Laptop,Chromium OS 14541.0.0,Chrome 122.0.0.0,1517x852,1517x717,,,0,1i-3 A Training,4,,,1i-3,,,Pass,,1i-3 A Training,1i-3 A Training,8,Training02,TrainingA,34efq7,1,response,RUSP WIM,4175.500000000015,8635.099999999991,8651.799999999974,4175.500000000015,8635.099999999991,8651.799999999974,1,4175.500000000015,4476.299999999959,0,,Single Text Entry,TextResponseA,4,object-97,1i-3,_,07,1i-3_07,2,Training02,34_FANLETTERS,ASK,.png,34_FANLETTERS_ASK.png,RUSP,WIM,34_FANLETTERS_RUSP_WIM.png,,RUSP WIM,34_FANLETTERS_ASK.png,34_FANLETTERS_DOTS.png,RUSP WIM,WOUX WAN,RUSP WIM,WOUX WAN,34_FANLETTERS_WOUX_WAN.png,,WOUX WAN,,,,
32,1712400710812,06/04/2024 10:51:50,1712404310812,1,06/04/2024 12:51:50,139619,19,task-eihb,,36792231,BLIND,10848400,,complete,,661126aa48f8dfceada76a1f,computer,Desktop or Laptop,Chromium OS 14541.0.0,Chrome 122.0.0.0,1517x852,1517x717,,,0,1i-3 A Training,4,,,1i-3,,,Pass,,1i-3 A Training,1i-3 A Training,8,Training02,TrainingB,2yfdu9,2,response,,2465.4000000000233,2448.7000000000116,2465.4000000000233,2465.4000000000233,2448.7000000000116,2465.4000000000233,1,2465.4000000000233,0,0,,Click Response,Option A,4,object-245,1i-3,_,07,1i-3_07,2,Training02,34_FANLETTERS,ASK,.png,34_FANLETTERS_ASK.png,RUSP,WIM,34_FANLETTERS_RUSP_WIM.png,,RUSP WIM,34_FANLETTERS_ASK.png,34_FANLETTERS_DOTS.png,RUSP WIM,WOUX WAN,RUSP WIM,WOUX WAN,34_FANLETTERS_WOUX_WAN.png,,WOUX WAN,,,,
33,1712400711915,06/04/2024 10:51:51,1712404311915,1,06/04/2024 12:51:51,139619,19,task-eihb,,36792231,BLIND,10848400,,complete,,661126aa48f8dfceada76a1f,computer,Desktop or Laptop,Chromium OS 14541.0.0,Chrome 122.0.0.0,1517x852,1517x717,,,0,1i-3 A Training,4,,,1i-3,,,Pass,,1i-3 A Training,1i-3 A Training,8,Training02,TrainingC,1ouhhw,3,continue,,1120.1000000000931,1111.8999999999942,1120.1000000000931,1120.1000000000931,1111.8999999999942,1120.1000000000931,1,1120.1000000000931,0,0,,Click To Continue,Continue Button,6,object-272,1i-3,_,07,1i-3_07,2,Training02,34_FANLETTERS,ASK,.png,34_FANLETTERS_ASK.png,RUSP,WIM,34_FANLETTERS_RUSP_WIM.png,,RUSP WIM,34_FANLETTERS_ASK.png,34_FANLETTERS_DOTS.png,RUSP WIM,WOUX WAN,RUSP WIM,WOUX WAN,34_FANLETTERS_WOUX_WAN.png,,WOUX WAN,,,,
34,1712400721441,06/04/2024 10:52:01,1712404321441,1,06/04/2024 12:52:01,139619,19,task-eihb,,36792231,BLIND,10848400,,complete,,661126aa48f8dfceada76a1f,computer,Desktop or Laptop,Chromium OS 14541.0.0,Chrome 122.0.0.0,1517x852,1517x717,,,0,1i-3 A Training,4,,,1i-3,,,Pass,,1i-3 A Training,1i-3 A Training,9,Training02,TrainingA,34efq7,1,response,ZETH WAN,4258.600000000006,9516.5,9533.100000000006,4258.600000000006,9516.5,9533.100000000006,1,4258.600000000006,5274.5,0,,Single Text Entry,TextResponseA,4,object-97,1i-3,_,10,1i-3_10,3,Training02,19_BURYVOLDY,ASK,.png,19_BURYVOLDY_ASK.png,ZETH,WAN,19_BURYVOLDY_ZETH_WAN.png,,ZETH WAN,21_TEACHHOG_ASK.png,21_TEACHHOG_DOTS.png,ZETH WAN,RUSP WIM,ZETH WAN,RUSP WIM,21_TEACHHOG_RUSP_WIM.png,,RUSP WIM,,,,
35,1712400724131,06/04/2024 10:52:04,1712404324131,1,06/04/2024 12:52:04,139619,19,task-eihb,,36792231,BLIND,10848400,,complete,,661126aa48f8dfceada76a1f,computer,Desktop or Laptop,Chromium OS 14541.0.0,Chrome 122.0.0.0,1517x852,1517x717,,,0,1i-3 A Training,4,,,1i-3,,,Pass,,1i-3 A Training,1i-3 A Training,9,Training02,TrainingB,2yfdu9,2,response,,2708.100000000006,2698.899999999994,2708.100000000006,2708.100000000006,2698.899999999994,2708.100000000006,1,2708.100000000006,0,0,,Click Response,Option B,5,object-246,1i-3,_,10,1i-3_10,3,Training02,19_BURYVOLDY,ASK,.png,19_BURYVOLDY_ASK.png,ZETH,WAN,19_BURYVOLDY_ZETH_WAN.png,,ZETH WAN,21_TEACHHOG_ASK.png,21_TEACHHOG_DOTS.png,ZETH WAN,RUSP WIM,ZETH WAN,RUSP WIM,21_TEACHHOG_RUSP_WIM.png,,RUSP WIM,,,,
36,1712400726897,06/04/2024 10:52:06,1712404326897,1,06/04/2024 12:52:06,139619,19,task-eihb,,36792231,BLIND,10848400,,complete,,661126aa48f8dfceada76a1f,computer,Desktop or Laptop,Chromium OS 14541.0.0,Chrome 122.0.0.0,1517x852,1517x717,,,0,1i-3 A Training,4,,,1i-3,,,Pass,,1i-3 A Training,1i-3 A Training,9,Training02,TrainingC,1ouhhw,3,continue,,2773.300000000105,2761.4000000000233,2773.300000000105,2773.300000000105,2761.4000000000233,2773.300000000105,1,2773.300000000105,0,0,,Click To Continue,Continue Button,6,object-272,1i-3,_,10,1i-3_10,3,Training02,19_BURYVOLDY,ASK,.png,19_BURYVOLDY_ASK.png,ZETH,WAN,19_BURYVOLDY_ZETH_WAN.png,,ZETH WAN,21_TEACHHOG_ASK.png,21_TEACHHOG_DOTS.png,ZETH WAN,RUSP WIM,ZETH WAN,RUSP WIM,21_TEACHHOG_RUSP_WIM.png,,RUSP WIM,,,,
37,1712400735361,06/04/2024 10:52:15,1712404335361,1,06/04/2024 12:52:15,139619,19,task-eihb,,36792231,BLIND,10848400,,complete,,661126aa48f8dfceada76a1f,computer,Desktop or Laptop,Chromium OS 14541.0.0,Chrome 122.0.0.0,1517x852,1517x717,,,0,1i-3 A Training,4,,,1i-3,,,Pass,,1i-3 A Training,1i-3 A Training,10,Training02,TrainingA,34efq7,1,response,RUSP WIM,3191.0999999999767,8465.199999999983,8477.900000000081,3191.0999999999767,8465.199999999983,8477.900000000081,1,3191.0999999999767,5286.800000000105,0,,Single Text Entry,TextResponseA,4,object-97,1i-3,_,11,1i-3_11,3,Training02,27_BESTSELLER,ASK,.png,27_BESTSELLER_ASK.png,RUSP,WIM,27_BESTSELLER_RUSP_WIM.png,,RUSP WIM,25_PROSECUTE_ASK.png,25_PROSECUTE_DOTS.png,ZETH WAN,RUSP WIM,RUSP WIM,ZETH WAN,25_PROSECUTE_ZETH_WAN.png,ZETH WAN,,,,,
38,1712400738482,06/04/2024 10:52:18,1712404338482,1,06/04/2024 12:52:18,139619,19,task-eihb,,36792231,BLIND,10848400,,complete,,661126aa48f8dfceada76a1f,computer,Desktop or Laptop,Chromium OS 14541.0.0,Chrome 122.0.0.0,1517x852,1517x717,,,0,1i-3 A Training,4,,,1i-3,,,Pass,,1i-3 A Training,1i-3 A Training,10,Training02,TrainingB,2yfdu9,2,response,,3132.8000000000175,3116.100000000006,3132.8000000000175,3132.8000000000175,3116.100000000006,3132.8000000000175,1,3132.8000000000175,0,0,,Click Response,Option A,4,object-245,1i-3,_,11,1i-3_11,3,Training02,27_BESTSELLER,ASK,.png,27_BESTSELLER_ASK.png,RUSP,WIM,27_BESTSELLER_RUSP_WIM.png,,RUSP WIM,25_PROSECUTE_ASK.png,25_PROSECUTE_DOTS.png,ZETH WAN,RUSP WIM,RUSP WIM,ZETH WAN,25_PROSECUTE_ZETH_WAN.png,ZETH WAN,,,,,
39,1712400739466,06/04/2024 10:52:19,1712404339466,1,06/04/2024 12:52:19,139619,19,task-eihb,,36792231,BLIND,10848400,,complete,,661126aa48f8dfceada76a1f,computer,Desktop or Laptop,Chromium OS 14541.0.0,Chrome 122.0.0.0,1517x852,1517x717,,,0,1i-3 A Training,4,,,1i-3,,,Pass,,1i-3 A Training,1i-3 A Training,10,Training02,TrainingC,1ouhhw,3,continue,,1001.3000000002794,994.2999999999884,1001.3000000002794,1001.3000000002794,994.2999999999884,1001.3000000002794,1,1001.3000000002794,0,0,,Click To Continue,Continue Button,6,object-272,1i-3,_,11,1i-3_11,3,Training02,27_BESTSELLER,ASK,.png,27_BESTSELLER_ASK.png,RUSP,WIM,27_BESTSELLER_RUSP_WIM.png,,RUSP WIM,25_PROSECUTE_ASK.png,25_PROSECUTE_DOTS.png,ZETH WAN,RUSP WIM,RUSP WIM,ZETH WAN,25_PROSECUTE_ZETH_WAN.png,ZETH WAN,,,,,
40,1712400744499,06/04/2024 10:52:24,1712404344499,1,06/04/2024 12:52:24,139619,19,task-eihb,,36792231,BLIND,10848400,,complete,,661126aa48f8dfceada76a1f,computer,Desktop or Laptop,Chromium OS 14541.0.0,Chrome 122.0.0.0,1517x852,1517x717,,,0,1i-3 A Training,4,,,1i-3,,,Pass,,1i-3 A Training,1i-3 A Training,11,Training02,TrainingA,34efq7,1,response,FICH WUNG,2877.8000000000175,5024,5039.400000000198,2877.8000000000175,5024,5039.400000000198,1,2877.8000000000175,2161.6000000001804,0,,Single Text Entry,TextResponseA,4,object-97,1i-3,_,09,1i-3_09,3,Training02,32_QWC,ASK,.png,32_QWC_ASK.png,FICH,WUNG,32_QWC_FICH_WUNG.png,,FICH WUNG,13_QUIBBLER_ASK.png,13_QUIBBLER_DOTS.png,FICH WUNG,WOUX WAN,FICH WUNG,WOUX WAN,13_QUIBBLER_WOUX_WAN.png,,WOUX WAN,,,,
41,1712400746369,06/04/2024 10:52:26,1712404346369,1,06/04/2024 12:52:26,139619,19,task-eihb,,36792231,BLIND,10848400,,complete,,661126aa48f8dfceada76a1f,computer,Desktop or Laptop,Chromium OS 14541.0.0,Chrome 122.0.0.0,1517x852,1517x717,,,0,1i-3 A Training,4,,,1i-3,,,Pass,,1i-3 A Training,1i-3 A Training,11,Training02,TrainingB,2yfdu9,2,response,,1886.000000000291,1882.9000000000233,1886.000000000291,1886.000000000291,1882.9000000000233,1886.000000000291,1,1886.000000000291,0,0,,Click Response,Option B,5,object-246,1i-3,_,09,1i-3_09,3,Training02,32_QWC,ASK,.png,32_QWC_ASK.png,FICH,WUNG,32_QWC_FICH_WUNG.png,,FICH WUNG,13_QUIBBLER_ASK.png,13_QUIBBLER_DOTS.png,FICH WUNG,WOUX WAN,FICH WUNG,WOUX WAN,13_QUIBBLER_WOUX_WAN.png,,WOUX WAN,,,,
42,1712400747540,06/04/2024 10:52:27,1712404347540,1,06/04/2024 12:52:27,139619,19,task-eihb,,36792231,BLIND,10848400,,complete,,661126aa48f8dfceada76a1f,computer,Desktop or Laptop,Chromium OS 14541.0.0,Chrome 122.0.0.0,1517x852,1517x717,,,0,1i-3 A Training,4,,,1i-3,,,Pass,,1i-3 A Training,1i-3 A Training,11,Training02,TrainingC,1ouhhw,3,continue,,1174.0000000001746,1162.1999999999825,1174.0000000001746,1174.0000000001746,1162.1999999999825,1174.0000000001746,1,1174.0000000001746,0,0,,Click To Continue,Continue Button,6,object-272,1i-3,_,09,1i-3_09,3,Training02,32_QWC,ASK,.png,32_QWC_ASK.png,FICH,WUNG,32_QWC_FICH_WUNG.png,,FICH WUNG,13_QUIBBLER_ASK.png,13_QUIBBLER_DOTS.png,FICH WUNG,WOUX WAN,FICH WUNG,WOUX WAN,13_QUIBBLER_WOUX_WAN.png,,WOUX WAN,,,,
43,1712400757099,06/04/2024 10:52:37,1712404357099,1,06/04/2024 12:52:37,139619,19,task-eihb,,36792231,BLIND,10848400,,complete,,661126aa48f8dfceada76a1f,computer,Desktop or Laptop,Chromium OS 14541.0.0,Chrome 122.0.0.0,1517x852,1517x717,,,0,1i-3 A Training,4,,,1i-3,,,Pass,,1i-3 A Training,1i-3 A Training,12,Training02,TrainingA,34efq7,1,response,WOUX WAN,4175.700000000012,9549.600000000006,9566.300000000017,4175.700000000012,9549.600000000006,9566.300000000017,1,4175.700000000012,5390.600000000006,0,,Single Text Entry,TextResponseA,4,object-97,1i-3,_,12,1i-3_12,3,Training02,14_MUNGOS,ASK,.png,14_MUNGOS_ASK.png,WOUX,WAN,14_MUNGOS_WOUX_WAN.png,,WOUX WAN,33_ROR_ASK.png,33_ROR_DOTS.png,FICH WUNG,WOUX WAN,WOUX WAN,FICH WUNG,33_ROR_FICH_WUNG.png,FICH WUNG,,,,,
44,1712400758909,06/04/2024 10:52:38,1712404358909,1,06/04/2024 12:52:38,139619,19,task-eihb,,36792231,BLIND,10848400,,complete,,661126aa48f8dfceada76a1f,computer,Desktop or Laptop,Chromium OS 14541.0.0,Chrome 122.0.0.0,1517x852,1517x717,,,0,1i-3 A Training,4,,,1i-3,,,Pass,,1i-3 A Training,1i-3 A Training,12,Training02,TrainingB,2yfdu9,2,response,,1830.5,1816.2999999999884,1830.5,1830.5,1816.2999999999884,1830.5,1,1830.5,0,0,,Click Response,Option A,4,object-245,1i-3,_,12,1i-3_12,3,Training02,14_MUNGOS,ASK,.png,14_MUNGOS_ASK.png,WOUX,WAN,14_MUNGOS_WOUX_WAN.png,,WOUX WAN,33_ROR_ASK.png,33_ROR_DOTS.png,FICH WUNG,WOUX WAN,WOUX WAN,FICH WUNG,33_ROR_FICH_WUNG.png,FICH WUNG,,,,,
45,1712400759913,06/04/2024 10:52:39,1712404359913,1,06/04/2024 12:52:39,139619,19,task-eihb,,36792231,BLIND,10848400,,complete,,661126aa48f8dfceada76a1f,computer,Desktop or Laptop,Chromium OS 14541.0.0,Chrome 122.0.0.0,1517x852,1517x717,,,0,1i-3 A Training,4,,,1i-3,,,Pass,,1i-3 A Training,1i-3 A Training,12,Training02,TrainingC,1ouhhw,3,continue,,1018.3000000001048,1012.6000000000058,1018.3000000001048,1018.3000000001048,1012.6000000000058,1018.3000000001048,1,1018.3000000001048,0,0,,Click To Continue,Continue Button,6,object-272,1i-3,_,12,1i-3_12,3,Training02,14_MUNGOS,ASK,.png,14_MUNGOS_ASK.png,WOUX,WAN,14_MUNGOS_WOUX_WAN.png,,WOUX WAN,33_ROR_ASK.png,33_ROR_DOTS.png,FICH WUNG,WOUX WAN,WOUX WAN,FICH WUNG,33_ROR_FICH_WUNG.png,FICH WUNG,,,,,
46,1712400766587,06/04/2024 10:52:46,1712404366587,1,06/04/2024 12:52:46,139619,19,task-eihb,,36792231,BLIND,10848400,,complete,,661126aa48f8dfceada76a1f,computer,Desktop or Laptop,Chromium OS 14541.0.0,Chrome 122.0.0.0,1517x852,1517x717,,,0,1i-3 A Training,4,,,1i-3,,,Pass,,1i-3 A Training,1i-3 A Training,13,Training02,TrainingA,34efq7,1,response,ZETH WAN,2561.899999999994,6654.8000000000175,6671.500000000029,2561.899999999994,6654.8000000000175,6671.500000000029,1,2561.899999999994,4109.600000000035,0,,Single Text Entry,TextResponseA,4,object-97,1i-3,_,14,1i-3_14,4,Training02,33_ROR,ASK,.png,33_ROR_ASK.png,ZETH,WAN,33_ROR_ZETH_WAN.png,,ZETH WAN,19_BURYVOLDY_ASK.png,19_BURYVOLDY_DOTS.png,ZETH WAN,WOUX WAN,ZETH WAN,WOUX WAN,19_BURYVOLDY_WOUX_WAN.png,,WOUX WAN,,,,
47,1712400768723,06/04/2024 10:52:48,1712404368723,1,06/04/2024 12:52:48,139619,19,task-eihb,,36792231,BLIND,10848400,,complete,,661126aa48f8dfceada76a1f,computer,Desktop or Laptop,Chromium OS 14541.0.0,Chrome 122.0.0.0,1517x852,1517x717,,,0,1i-3 A Training,4,,,1i-3,,,Pass,,1i-3 A Training,1i-3 A Training,13,Training02,TrainingB,2yfdu9,2,response,,2161.1000000002678,2146.399999999994,2161.1000000002678,2161.1000000002678,2146.399999999994,2161.1000000002678,1,2161.1000000002678,0,0,,Click Response,Option B,5,object-246,1i-3,_,14,1i-3_14,4,Training02,33_ROR,ASK,.png,33_ROR_ASK.png,ZETH,WAN,33_ROR_ZETH_WAN.png,,ZETH WAN,19_BURYVOLDY_ASK.png,19_BURYVOLDY_DOTS.png,ZETH WAN,WOUX WAN,ZETH WAN,WOUX WAN,19_BURYVOLDY_WOUX_WAN.png,,WOUX WAN,,,,
48,1712400771054,06/04/2024 10:52:51,1712404371054,1,06/04/2024 12:52:51,139619,19,task-eihb,,36792231,BLIND,10848400,,complete,,661126aa48f8dfceada76a1f,computer,Desktop or Laptop,Chromium OS 14541.0.0,Chrome 122.0.0.0,1517x852,1517x717,,,0,1i-3 A Training,4,,,1i-3,,,Pass,,1i-3 A Training,1i-3 A Training,13,Training02,TrainingC,1ouhhw,3,continue,,2345.8000000003667,2329.899999999994,2345.8000000003667,2345.8000000003667,2329.899999999994,2345.8000000003667,1,2345.8000000003667,0,0,,Click To Continue,Continue Button,6,object-272,1i-3,_,14,1i-3_14,4,Training02,33_ROR,ASK,.png,33_ROR_ASK.png,ZETH,WAN,33_ROR_ZETH_WAN.png,,ZETH WAN,19_BURYVOLDY_ASK.png,19_BURYVOLDY_DOTS.png,ZETH WAN,WOUX WAN,ZETH WAN,WOUX WAN,19_BURYVOLDY_WOUX_WAN.png,,WOUX WAN,,,,
49,1712400775172,06/04/2024 10:52:55,1712404375172,1,06/04/2024 12:52:55,139619,19,task-eihb,,36792231,BLIND,10848400,,complete,,661126aa48f8dfceada76a1f,computer,Desktop or Laptop,Chromium OS 14541.0.0,Chrome 122.0.0.0,1517x852,1517x717,,,0,1i-3 A Training,4,,,1i-3,,,Pass,,1i-3 A Training,1i-3 A Training,14,Training02,TrainingA,34efq7,1,response,FICH WUNG,2461.7000000000116,4109.100000000006,4125.8000000000175,2461.7000000000116,4109.100000000006,4125.8000000000175,1,2461.7000000000116,1664.1000000000058,0,,Single Text Entry,TextResponseA,4,object-97,1i-3,_,13,1i-3_13,4,Training02,11_RONWAND,ASK,.png,11_RONWAND_ASK.png,FICH,WUNG,11_RONWAND_FICH_WUNG.png,,FICH WUNG,06_MOM_ASK.png,06_MOM_DOTS.png,ZETH WAN,FICH WUNG,FICH WUNG,ZETH WAN,06_MOM_ZETH_WAN.png,ZETH WAN,,,,,
50,1712400777183,06/04/2024 10:52:57,1712404377183,1,06/04/2024 12:52:57,139619,19,task-eihb,,36792231,BLIND,10848400,,complete,,661126aa48f8dfceada76a1f,computer,Desktop or Laptop,Chromium OS 14541.0.0,Chrome 122.0.0.0,1517x852,1517x717,,,0,1i-3 A Training,4,,,1i-3,,,Pass,,1i-3 A Training,1i-3 A Training,14,Training02,TrainingB,2yfdu9,2,response,,2035.5000000000873,2032.6000000000058,2035.5000000000873,2035.5000000000873,2032.6000000000058,2035.5000000000873,1,2035.5000000000873,0,0,,Click Response,Option A,4,object-245,1i-3,_,13,1i-3_13,4,Training02,11_RONWAND,ASK,.png,11_RONWAND_ASK.png,FICH,WUNG,11_RONWAND_FICH_WUNG.png,,FICH WUNG,06_MOM_ASK.png,06_MOM_DOTS.png,ZETH WAN,FICH WUNG,FICH WUNG,ZETH WAN,06_MOM_ZETH_WAN.png,ZETH WAN,,,,,
51,1712400778273,06/04/2024 10:52:58,1712404378273,1,06/04/2024 12:52:58,139619,19,task-eihb,,36792231,BLIND,10848400,,complete,,661126aa48f8dfceada76a1f,computer,Desktop or Laptop,Chromium OS 14541.0.0,Chrome 122.0.0.0,1517x852,1517x717,,,0,1i-3 A Training,4,,,1i-3,,,Pass,,1i-3 A Training,1i-3 A Training,14,Training02,TrainingC,1ouhhw,3,continue,,1093.2999999999884,1079,1093.2999999999884,1093.2999999999884,1079,1093.2999999999884,1,1093.2999999999884,0,0,,Click To Continue,Continue Button,6,object-272,1i-3,_,13,1i-3_13,4,Training02,11_RONWAND,ASK,.png,11_RONWAND_ASK.png,FICH,WUNG,11_RONWAND_FICH_WUNG.png,,FICH WUNG,06_MOM_ASK.png,06_MOM_DOTS.png,ZETH WAN,FICH WUNG,FICH WUNG,ZETH WAN,06_MOM_ZETH_WAN.png,ZETH WAN,,,,,
52,1712400782220,06/04/2024 10:53:02,1712404382220,1,06/04/2024 12:53:02,139619,19,task-eihb,,36792231,BLIND,10848400,,complete,,661126aa48f8dfceada76a1f,computer,Desktop or Laptop,Chromium OS 14541.0.0,Chrome 122.0.0.0,1517x852,1517x717,,,0,1i-3 A Training,4,,,1i-3,,,Pass,,1i-3 A Training,1i-3 A Training,,,,,,5,BEGIN,,,,,,,0,,,,,,,,,,,,,,,,,,,,,,,,,,,,,,,,,,,,
53,1712400794318,06/04/2024 10:53:14,1712404394318,1,06/04/2024 12:53:14,139619,19,task-eihb,,36792231,BLIND,10848400,,complete,,661126aa48f8dfceada76a1f,computer,Desktop or Laptop,Chromium OS 14541.0.0,Chrome 122.0.0.0,1517x852,1517x717,,,0,1i-3 A Training,4,,,1i-3,,,Pass,,1i-3 A Training,1i-3 A Training,15,Training02,TrainingA,34efq7,1,response,RUSP WIM,8237.1,13544.6,13560.800000000001,8237.1,13544.6,13560.800000000001,1,8237.1,5323.700000000001,0,,Single Text Entry,TextResponseA,4,object-97,1i-3,_,15,1i-3_15,4,Training02,06_MOM,ASK,.png,06_MOM_ASK.png,RUSP,WIM,06_MOM_RUSP_WIM.png,,RUSP WIM,26_ERISED_ASK.png,26_ERISED_DOTS.png,RUSP WIM,FICH WUNG,RUSP WIM,FICH WUNG,26_ERISED_FICH_WUNG.png,,FICH WUNG,,,,
54,1712400796300,06/04/2024 10:53:16,1712404396300,1,06/04/2024 12:53:16,139619,19,task-eihb,,36792231,BLIND,10848400,,complete,,661126aa48f8dfceada76a1f,computer,Desktop or Laptop,Chromium OS 14541.0.0,Chrome 122.0.0.0,1517x852,1517x717,,,0,1i-3 A Training,4,,,1i-3,,,Pass,,1i-3 A Training,1i-3 A Training,15,Training02,TrainingB,2yfdu9,2,response,,2002.8000000003722,1999.5,2002.8000000003722,2002.8000000003722,1999.5,2002.8000000003722,1,2002.8000000003722,0,0,,Click Response,Option B,5,object-246,1i-3,_,15,1i-3_15,4,Training02,06_MOM,ASK,.png,06_MOM_ASK.png,RUSP,WIM,06_MOM_RUSP_WIM.png,,RUSP WIM,26_ERISED_ASK.png,26_ERISED_DOTS.png,RUSP WIM,FICH WUNG,RUSP WIM,FICH WUNG,26_ERISED_FICH_WUNG.png,,FICH WUNG,,,,
55,1712400797214,06/04/2024 10:53:17,1712404397214,1,06/04/2024 12:53:17,139619,19,task-eihb,,36792231,BLIND,10848400,,complete,,661126aa48f8dfceada76a1f,computer,Desktop or Laptop,Chromium OS 14541.0.0,Chrome 122.0.0.0,1517x852,1517x717,,,0,1i-3 A Training,4,,,1i-3,,,Pass,,1i-3 A Training,1i-3 A Training,15,Training02,TrainingC,1ouhhw,3,continue,,912.4000000000033,895.8000000000011,912.4000000000033,912.4000000000033,895.8000000000011,912.4000000000033,1,912.4000000000033,0,0,,Click To Continue,Continue Button,6,object-272,1i-3,_,15,1i-3_15,4,Training02,06_MOM,ASK,.png,06_MOM_ASK.png,RUSP,WIM,06_MOM_RUSP_WIM.png,,RUSP WIM,26_ERISED_ASK.png,26_ERISED_DOTS.png,RUSP WIM,FICH WUNG,RUSP WIM,FICH WUNG,26_ERISED_FICH_WUNG.png,,FICH WUNG,,,,
56,1712400804897,06/04/2024 10:53:24,1712404404897,1,06/04/2024 12:53:24,139619,19,task-eihb,,36792231,BLIND,10848400,,complete,,661126aa48f8dfceada76a1f,computer,Desktop or Laptop,Chromium OS 14541.0.0,Chrome 122.0.0.0,1517x852,1517x717,,,0,1i-3 A Training,4,,,1i-3,,,Pass,,1i-3 A Training,1i-3 A Training,16,Training02,TrainingA,34efq7,1,response,WOUX WAN,2761.5,7686.5999999999985,7703.199999999997,2761.5,7686.5999999999985,7703.199999999997,1,2761.5,4941.699999999997,0,,Single Text Entry,TextResponseA,4,object-97,1i-3,_,16,1i-3_16,4,Training02,42_ENGLAND,ASK,.png,42_ENGLAND_ASK.png,WOUX,WAN,42_ENGLAND_WOUX_WAN.png,,WOUX WAN,41_PIXIE_ASK.png,41_PIXIE_DOTS.png,RUSP WIM,WOUX WAN,WOUX WAN,RUSP WIM,41_PIXIE_RUSP_WIM.png,RUSP WIM,,,,,
57,1712400807058,06/04/2024 10:53:27,1712404407058,1,06/04/2024 12:53:27,139619,19,task-eihb,,36792231,BLIND,10848400,,complete,,661126aa48f8dfceada76a1f,computer,Desktop or Laptop,Chromium OS 14541.0.0,Chrome 122.0.0.0,1517x852,1517x717,,,0,1i-3 A Training,4,,,1i-3,,,Pass,,1i-3 A Training,1i-3 A Training,16,Training02,TrainingB,2yfdu9,2,response,,2178.8000000002794,2165.9000000000015,2178.8000000002794,2178.8000000002794,2165.9000000000015,2178.8000000002794,1,2178.8000000002794,0,0,,Click Response,Option A,4,object-245,1i-3,_,16,1i-3_16,4,Training02,42_ENGLAND,ASK,.png,42_ENGLAND_ASK.png,WOUX,WAN,42_ENGLAND_WOUX_WAN.png,,WOUX WAN,41_PIXIE_ASK.png,41_PIXIE_DOTS.png,RUSP WIM,WOUX WAN,WOUX WAN,RUSP WIM,41_PIXIE_RUSP_WIM.png,RUSP WIM,,,,,
58,1712400808386,06/04/2024 10:53:28,1712404408386,1,06/04/2024 12:53:28,139619,19,task-eihb,,36792231,BLIND,10848400,,complete,,661126aa48f8dfceada76a1f,computer,Desktop or Laptop,Chromium OS 14541.0.0,Chrome 122.0.0.0,1517x852,1517x717,,,0,1i-3 A Training,4,,,1i-3,,,Pass,,1i-3 A Training,1i-3 A Training,16,Training02,TrainingC,1ouhhw,3,continue,,1341.000000000371,1329,1341.000000000371,1341.000000000371,1329,1341.000000000371,1,1341.000000000371,0,0,,Click To Continue,Continue Button,6,object-272,1i-3,_,16,1i-3_16,4,Training02,42_ENGLAND,ASK,.png,42_ENGLAND_ASK.png,WOUX,WAN,42_ENGLAND_WOUX_WAN.png,,WOUX WAN,41_PIXIE_ASK.png,41_PIXIE_DOTS.png,RUSP WIM,WOUX WAN,WOUX WAN,RUSP WIM,41_PIXIE_RUSP_WIM.png,RUSP WIM,,,,,
59,1712400812575,06/04/2024 10:53:32,1712404412575,1,06/04/2024 12:53:32,139619,19,task-eihb,,36792231,BLIND,10848400,,complete,,661126aa48f8dfceada76a1f,computer,Desktop or Laptop,Chromium OS 14541.0.0,Chrome 122.0.0.0,1517x852,1517x717,,,0,1i-3 A Training,4,,,1i-3,,,Pass,,1i-3 A Training,1i-3 A Training,17,Training02,TrainingA,34efq7,1,response,FICH WUNG,2494.399999999998,4175.199999999997,4191.899999999994,2494.399999999998,4175.199999999997,4191.899999999994,1,2494.399999999998,1697.4999999999964,0,,Single Text Entry,TextResponseA,4,object-97,1i-3,_,17,1i-3_17,5,Training02,25_PROSECUTE,ASK,.png,25_PROSECUTE_ASK.png,FICH,WUNG,25_PROSECUTE_FICH_WUNG.png,,FICH WUNG,04_WHEEZES_ASK.png,04_WHEEZES_DOTS.png,RUSP WIM,FICH WUNG,FICH WUNG,RUSP WIM,04_WHEEZES_RUSP_WIM.png,RUSP WIM,,,,,
60,1712400814993,06/04/2024 10:53:34,1712404414993,1,06/04/2024 12:53:34,139619,19,task-eihb,,36792231,BLIND,10848400,,complete,,661126aa48f8dfceada76a1f,computer,Desktop or Laptop,Chromium OS 14541.0.0,Chrome 122.0.0.0,1517x852,1517x717,,,0,1i-3 A Training,4,,,1i-3,,,Pass,,1i-3 A Training,1i-3 A Training,17,Training02,TrainingB,2yfdu9,2,response,,2443.800000000374,2432.7000000000044,2443.800000000374,2443.800000000374,2432.7000000000044,2443.800000000374,1,2443.800000000374,0,0,,Click Response,Option A,4,object-245,1i-3,_,17,1i-3_17,5,Training02,25_PROSECUTE,ASK,.png,25_PROSECUTE_ASK.png,FICH,WUNG,25_PROSECUTE_FICH_WUNG.png,,FICH WUNG,04_WHEEZES_ASK.png,04_WHEEZES_DOTS.png,RUSP WIM,FICH WUNG,FICH WUNG,RUSP WIM,04_WHEEZES_RUSP_WIM.png,RUSP WIM,,,,,
61,1712400815928,06/04/2024 10:53:35,1712404415928,1,06/04/2024 12:53:35,139619,19,task-eihb,,36792231,BLIND,10848400,,complete,,661126aa48f8dfceada76a1f,computer,Desktop or Laptop,Chromium OS 14541.0.0,Chrome 122.0.0.0,1517x852,1517x717,,,0,1i-3 A Training,4,,,1i-3,,,Pass,,1i-3 A Training,1i-3 A Training,17,Training02,TrainingC,1ouhhw,3,continue,,944.8999999999942,928.1999999999971,944.8999999999942,944.8999999999942,928.1999999999971,944.8999999999942,1,944.8999999999942,0,0,,Click To Continue,Continue Button,6,object-272,1i-3,_,17,1i-3_17,5,Training02,25_PROSECUTE,ASK,.png,25_PROSECUTE_ASK.png,FICH,WUNG,25_PROSECUTE_FICH_WUNG.png,,FICH WUNG,04_WHEEZES_ASK.png,04_WHEEZES_DOTS.png,RUSP WIM,FICH WUNG,FICH WUNG,RUSP WIM,04_WHEEZES_RUSP_WIM.png,RUSP WIM,,,,,
62,1712400819197,06/04/2024 10:53:39,1712404419197,1,06/04/2024 12:53:39,139619,19,task-eihb,,36792231,BLIND,10848400,,complete,,661126aa48f8dfceada76a1f,computer,Desktop or Laptop,Chromium OS 14541.0.0,Chrome 122.0.0.0,1517x852,1517x717,,,0,1i-3 A Training,4,,,1i-3,,,Pass,,1i-3 A Training,1i-3 A Training,,,,,,5,BEGIN,,,,,,,0,,,,,,,,,,,,,,,,,,,,,,,,,,,,,,,,,,,,
63,1712400829502,06/04/2024 10:53:49,1712404429502,1,06/04/2024 12:53:49,139619,19,task-eihb,,36792231,BLIND,10848400,,complete,,661126aa48f8dfceada76a1f,computer,Desktop or Laptop,Chromium OS 14541.0.0,Chrome 122.0.0.0,1517x852,1517x717,,,0,1i-3 A Training,4,,,1i-3,,,Pass,,1i-3 A Training,1i-3 A Training,18,Training02,TrainingA,34efq7,1,response,RUSP WIM,2512.3,9866.599999999999,9880.900000000092,2512.3,9866.599999999999,9880.900000000092,1,2512.3,7368.600000000092,0,,Single Text Entry,TextResponseA,4,object-97,1i-3,_,19,1i-3_19,5,Training02,41_PIXIE,ASK,.png,41_PIXIE_ASK.png,RUSP,WIM,41_PIXIE_RUSP_WIM.png,,RUSP WIM,35_PROPHET_ASK.png,35_PROPHET_DOTS.png,WOUX WAN,RUSP WIM,RUSP WIM,WOUX WAN,35_PROPHET_WOUX_WAN.png,WOUX WAN,,,,,
64,1712400831015,06/04/2024 10:53:51,1712404431015,1,06/04/2024 12:53:51,139619,19,task-eihb,,36792231,BLIND,10848400,,complete,,661126aa48f8dfceada76a1f,computer,Desktop or Laptop,Chromium OS 14541.0.0,Chrome 122.0.0.0,1517x852,1517x717,,,0,1i-3 A Training,4,,,1i-3,,,Pass,,1i-3 A Training,1i-3 A Training,18,Training02,TrainingB,2yfdu9,2,response,,1528.4999999998145,1516.1000000000004,1528.4999999998145,1528.4999999998145,1516.1000000000004,1528.4999999998145,1,1528.4999999998145,0,0,,Click Response,Option A,4,object-245,1i-3,_,19,1i-3_19,5,Training02,41_PIXIE,ASK,.png,41_PIXIE_ASK.png,RUSP,WIM,41_PIXIE_RUSP_WIM.png,,RUSP WIM,35_PROPHET_ASK.png,35_PROPHET_DOTS.png,WOUX WAN,RUSP WIM,RUSP WIM,WOUX WAN,35_PROPHET_WOUX_WAN.png,WOUX WAN,,,,,
65,1712400831959,06/04/2024 10:53:51,1712404431959,1,06/04/2024 12:53:51,139619,19,task-eihb,,36792231,BLIND,10848400,,complete,,661126aa48f8dfceada76a1f,computer,Desktop or Laptop,Chromium OS 14541.0.0,Chrome 122.0.0.0,1517x852,1517x717,,,0,1i-3 A Training,4,,,1i-3,,,Pass,,1i-3 A Training,1i-3 A Training,18,Training02,TrainingC,1ouhhw,3,continue,,956.2000000000935,946.7000000000007,956.2000000000935,956.2000000000935,946.7000000000007,956.2000000000935,1,956.2000000000935,0,0,,Click To Continue,Continue Button,6,object-272,1i-3,_,19,1i-3_19,5,Training02,41_PIXIE,ASK,.png,41_PIXIE_ASK.png,RUSP,WIM,41_PIXIE_RUSP_WIM.png,,RUSP WIM,35_PROPHET_ASK.png,35_PROPHET_DOTS.png,WOUX WAN,RUSP WIM,RUSP WIM,WOUX WAN,35_PROPHET_WOUX_WAN.png,WOUX WAN,,,,,
66,1712400839735,06/04/2024 10:53:59,1712404439735,1,06/04/2024 12:53:59,139619,19,task-eihb,,36792231,BLIND,10848400,,complete,,661126aa48f8dfceada76a1f,computer,Desktop or Laptop,Chromium OS 14541.0.0,Chrome 122.0.0.0,1517x852,1517x717,,,0,1i-3 A Training,4,,,1i-3,,,Pass,,1i-3 A Training,1i-3 A Training,19,Training02,TrainingA,34efq7,1,response,WOUX WAN,3277.1000000000004,7769.6,7785.4,3277.1000000000004,7769.6,7785.4,1,3277.1000000000004,4508.299999999999,0,,Single Text Entry,TextResponseA,4,object-97,1i-3,_,20,1i-3_20,5,Training02,21_TEACHHOG,ASK,.png,21_TEACHHOG_ASK.png,WOUX,WAN,21_TEACHHOG_WOUX_WAN.png,,WOUX WAN,42_ENGLAND_ASK.png,42_ENGLAND_DOTS.png,WOUX WAN,ZETH WAN,WOUX WAN,ZETH WAN,42_ENGLAND_ZETH_WAN.png,,ZETH WAN,,,,
67,1712400841221,06/04/2024 10:54:01,1712404441221,1,06/04/2024 12:54:01,139619,19,task-eihb,,36792231,BLIND,10848400,,complete,,661126aa48f8dfceada76a1f,computer,Desktop or Laptop,Chromium OS 14541.0.0,Chrome 122.0.0.0,1517x852,1517x717,,,0,1i-3 A Training,4,,,1i-3,,,Pass,,1i-3 A Training,1i-3 A Training,19,Training02,TrainingB,2yfdu9,2,response,,1502.5000000001855,1499.2000000000007,1502.5000000001855,1502.5000000001855,1499.2000000000007,1502.5000000001855,1,1502.5000000001855,0,0,,Click Response,Option B,5,object-246,1i-3,_,20,1i-3_20,5,Training02,21_TEACHHOG,ASK,.png,21_TEACHHOG_ASK.png,WOUX,WAN,21_TEACHHOG_WOUX_WAN.png,,WOUX WAN,42_ENGLAND_ASK.png,42_ENGLAND_DOTS.png,WOUX WAN,ZETH WAN,WOUX WAN,ZETH WAN,42_ENGLAND_ZETH_WAN.png,,ZETH WAN,,,,
68,1712400842244,06/04/2024 10:54:02,1712404442244,1,06/04/2024 12:54:02,139619,19,task-eihb,,36792231,BLIND,10848400,,complete,,661126aa48f8dfceada76a1f,computer,Desktop or Laptop,Chromium OS 14541.0.0,Chrome 122.0.0.0,1517x852,1517x717,,,0,1i-3 A Training,4,,,1i-3,,,Pass,,1i-3 A Training,1i-3 A Training,19,Training02,TrainingC,1ouhhw,3,continue,,1026.3000000001848,1013.0999999999985,1026.3000000001848,1026.3000000001848,1013.0999999999985,1026.3000000001848,1,1026.3000000001848,0,0,,Click To Continue,Continue Button,6,object-272,1i-3,_,20,1i-3_20,5,Training02,21_TEACHHOG,ASK,.png,21_TEACHHOG_ASK.png,WOUX,WAN,21_TEACHHOG_WOUX_WAN.png,,WOUX WAN,42_ENGLAND_ASK.png,42_ENGLAND_DOTS.png,WOUX WAN,ZETH WAN,WOUX WAN,ZETH WAN,42_ENGLAND_ZETH_WAN.png,,ZETH WAN,,,,
69,1712400853483,06/04/2024 10:54:13,1712404453483,1,06/04/2024 12:54:13,139619,19,task-eihb,,36792231,BLIND,10848400,,complete,,661126aa48f8dfceada76a1f,computer,Desktop or Laptop,Chromium OS 14541.0.0,Chrome 122.0.0.0,1517x852,1517x717,,,0,1i-3 A Training,4,,,1i-3,,,Pass,,1i-3 A Training,1i-3 A Training,20,Training02,TrainingA,34efq7,1,response,ZETH WAN,6388.5999999999985,11230.699999999997,11247.299999999996,6388.5999999999985,11230.699999999997,11247.299999999996,1,6388.5999999999985,4858.699999999997,0,,Single Text Entry,TextResponseA,4,object-97,1i-3,_,18,1i-3_18,5,Training02,05_AUROR,ASK,.png,05_AUROR_ASK.png,ZETH,WAN,05_AUROR_ZETH_WAN.png,,ZETH WAN,11_RONWAND_ASK.png,11_RONWAND_DOTS.png,ZETH WAN,FICH WUNG,ZETH WAN,FICH WUNG,11_RONWAND_FICH_WUNG.png,,FICH WUNG,,,,
70,1712400854824,06/04/2024 10:54:14,1712404454824,1,06/04/2024 12:54:14,139619,19,task-eihb,,36792231,BLIND,10848400,,complete,,661126aa48f8dfceada76a1f,computer,Desktop or Laptop,Chromium OS 14541.0.0,Chrome 122.0.0.0,1517x852,1517x717,,,0,1i-3 A Training,4,,,1i-3,,,Pass,,1i-3 A Training,1i-3 A Training,20,Training02,TrainingB,2yfdu9,2,response,,1361.1999999999098,1349.1000000000058,1361.1999999999098,1361.1999999999098,1349.1000000000058,1361.1999999999098,1,1361.1999999999098,0,0,,Click Response,Option B,5,object-246,1i-3,_,18,1i-3_18,5,Training02,05_AUROR,ASK,.png,05_AUROR_ASK.png,ZETH,WAN,05_AUROR_ZETH_WAN.png,,ZETH WAN,11_RONWAND_ASK.png,11_RONWAND_DOTS.png,ZETH WAN,FICH WUNG,ZETH WAN,FICH WUNG,11_RONWAND_FICH_WUNG.png,,FICH WUNG,,,,
71,1712400855926,06/04/2024 10:54:15,1712404455926,1,06/04/2024 12:54:15,139619,19,task-eihb,,36792231,BLIND,10848400,,complete,,661126aa48f8dfceada76a1f,computer,Desktop or Laptop,Chromium OS 14541.0.0,Chrome 122.0.0.0,1517x852,1517x717,,,0,1i-3 A Training,4,,,1i-3,,,Pass,,1i-3 A Training,1i-3 A Training,20,Training02,TrainingC,1ouhhw,3,continue,,1113.1000000000058,1096.5,1113.1000000000058,1113.1000000000058,1096.5,1113.1000000000058,1,1113.1000000000058,0,0,,Click To Continue,Continue Button,6,object-272,1i-3,_,18,1i-3_18,5,Training02,05_AUROR,ASK,.png,05_AUROR_ASK.png,ZETH,WAN,05_AUROR_ZETH_WAN.png,,ZETH WAN,11_RONWAND_ASK.png,11_RONWAND_DOTS.png,ZETH WAN,FICH WUNG,ZETH WAN,FICH WUNG,11_RONWAND_FICH_WUNG.png,,FICH WUNG,,,,
72,1712400861904,06/04/2024 10:54:21,1712404461904,1,06/04/2024 12:54:21,139619,19,task-eihb,,36792231,BLIND,10848400,,complete,,661126aa48f8dfceada76a1f,computer,Desktop or Laptop,Chromium OS 14541.0.0,Chrome 122.0.0.0,1517x852,1517x717,,,0,1i-3 A Training,4,,,1i-3,,,Pass,,1i-3 A Training,1i-3 A Training,21,Training02,TrainingA,34efq7,1,response,ZETH WAN,1813.3999999999942,5973.0999999999985,5989.699999999997,1813.3999999999942,5973.0999999999985,5989.699999999997,1,1813.3999999999942,4176.300000000003,0,,Single Text Entry,TextResponseA,4,object-97,1i-3,_,22,1i-3_22,6,Training02,26_ERISED,ASK,.png,26_ERISED_ASK.png,ZETH,WAN,26_ERISED_ZETH_WAN.png,,ZETH WAN,18_LIVEGODRIC_ASK.png,18_LIVEGODRIC_DOTS.png,RUSP WIM,ZETH WAN,ZETH WAN,RUSP WIM,18_LIVEGODRIC_RUSP_WIM.png,RUSP WIM,,,,,
73,1712400863586,06/04/2024 10:54:23,1712404463586,1,06/04/2024 12:54:23,139619,19,task-eihb,,36792231,BLIND,10848400,,complete,,661126aa48f8dfceada76a1f,computer,Desktop or Laptop,Chromium OS 14541.0.0,Chrome 122.0.0.0,1517x852,1517x717,,,0,1i-3 A Training,4,,,1i-3,,,Pass,,1i-3 A Training,1i-3 A Training,21,Training02,TrainingB,2yfdu9,2,response,,1705.3999999998123,1699.0999999999985,1705.3999999998123,1705.3999999998123,1699.0999999999985,1705.3999999998123,1,1705.3999999998123,0,0,,Click Response,Option A,4,object-245,1i-3,_,22,1i-3_22,6,Training02,26_ERISED,ASK,.png,26_ERISED_ASK.png,ZETH,WAN,26_ERISED_ZETH_WAN.png,,ZETH WAN,18_LIVEGODRIC_ASK.png,18_LIVEGODRIC_DOTS.png,RUSP WIM,ZETH WAN,ZETH WAN,RUSP WIM,18_LIVEGODRIC_RUSP_WIM.png,RUSP WIM,,,,,
74,1712400864443,06/04/2024 10:54:24,1712404464443,1,06/04/2024 12:54:24,139619,19,task-eihb,,36792231,BLIND,10848400,,complete,,661126aa48f8dfceada76a1f,computer,Desktop or Laptop,Chromium OS 14541.0.0,Chrome 122.0.0.0,1517x852,1517x717,,,0,1i-3 A Training,4,,,1i-3,,,Pass,,1i-3 A Training,1i-3 A Training,21,Training02,TrainingC,1ouhhw,3,continue,,863.1999999999971,846.5,863.1999999999971,863.1999999999971,846.5,863.1999999999971,1,863.1999999999971,0,0,,Click To Continue,Continue Button,6,object-272,1i-3,_,22,1i-3_22,6,Training02,26_ERISED,ASK,.png,26_ERISED_ASK.png,ZETH,WAN,26_ERISED_ZETH_WAN.png,,ZETH WAN,18_LIVEGODRIC_ASK.png,18_LIVEGODRIC_DOTS.png,RUSP WIM,ZETH WAN,ZETH WAN,RUSP WIM,18_LIVEGODRIC_RUSP_WIM.png,RUSP WIM,,,,,
75,1712400871842,06/04/2024 10:54:31,1712404471842,1,06/04/2024 12:54:31,139619,19,task-eihb,,36792231,BLIND,10848400,,complete,,661126aa48f8dfceada76a1f,computer,Desktop or Laptop,Chromium OS 14541.0.0,Chrome 122.0.0.0,1517x852,1517x717,,,0,1i-3 A Training,4,,,1i-3,,,Pass,,1i-3 A Training,1i-3 A Training,22,Training02,TrainingA,34efq7,1,response,WOUX WAN,2811.300000000003,7403.800000000003,7416.299999999814,2811.300000000003,7403.800000000003,7416.299999999814,1,2811.300000000003,4604.999999999811,0,,Single Text Entry,TextResponseA,4,object-97,1i-3,_,24,1i-3_24,6,Training02,07_AZKABAN,ASK,.png,07_AZKABAN_ASK.png,WOUX,WAN,07_AZKABAN_WOUX_WAN.png,,WOUX WAN,32_QWC_ASK.png,32_QWC_DOTS.png,WOUX WAN,FICH WUNG,WOUX WAN,FICH WUNG,32_QWC_FICH_WUNG.png,,FICH WUNG,,,,
76,1712400873175,06/04/2024 10:54:33,1712404473175,1,06/04/2024 12:54:33,139619,19,task-eihb,,36792231,BLIND,10848400,,complete,,661126aa48f8dfceada76a1f,computer,Desktop or Laptop,Chromium OS 14541.0.0,Chrome 122.0.0.0,1517x852,1517x717,,,0,1i-3 A Training,4,,,1i-3,,,Pass,,1i-3 A Training,1i-3 A Training,22,Training02,TrainingB,2yfdu9,2,response,,1344.8000000000902,1332.7999999999956,1344.8000000000902,1344.8000000000902,1332.7999999999956,1344.8000000000902,1,1344.8000000000902,0,0,,Click Response,Option B,5,object-246,1i-3,_,24,1i-3_24,6,Training02,07_AZKABAN,ASK,.png,07_AZKABAN_ASK.png,WOUX,WAN,07_AZKABAN_WOUX_WAN.png,,WOUX WAN,32_QWC_ASK.png,32_QWC_DOTS.png,WOUX WAN,FICH WUNG,WOUX WAN,FICH WUNG,32_QWC_FICH_WUNG.png,,FICH WUNG,,,,
77,1712400874956,06/04/2024 10:54:34,1712404474956,1,06/04/2024 12:54:34,139619,19,task-eihb,,36792231,BLIND,10848400,,complete,,661126aa48f8dfceada76a1f,computer,Desktop or Laptop,Chromium OS 14541.0.0,Chrome 122.0.0.0,1517x852,1517x717,,,0,1i-3 A Training,4,,,1i-3,,,Pass,,1i-3 A Training,1i-3 A Training,22,Training02,TrainingC,1ouhhw,3,continue,,1792.6999999998152,1779.0999999999985,1792.6999999998152,1792.6999999998152,1779.0999999999985,1792.6999999998152,1,1792.6999999998152,0,0,,Click To Continue,Continue Button,6,object-272,1i-3,_,24,1i-3_24,6,Training02,07_AZKABAN,ASK,.png,07_AZKABAN_ASK.png,WOUX,WAN,07_AZKABAN_WOUX_WAN.png,,WOUX WAN,32_QWC_ASK.png,32_QWC_DOTS.png,WOUX WAN,FICH WUNG,WOUX WAN,FICH WUNG,32_QWC_FICH_WUNG.png,,FICH WUNG,,,,
78,1712400884319,06/04/2024 10:54:44,1712404484319,1,06/04/2024 12:54:44,139619,19,task-eihb,,36792231,BLIND,10848400,,complete,,661126aa48f8dfceada76a1f,computer,Desktop or Laptop,Chromium OS 14541.0.0,Chrome 122.0.0.0,1517x852,1517x717,,,0,1i-3 A Training,4,,,1i-3,,,Pass,,1i-3 A Training,1i-3 A Training,23,Training02,TrainingA,34efq7,1,response,RUSP WIM,3459.7000000000044,9350.300000000003,9367,3459.7000000000044,9350.300000000003,9367,1,3459.7000000000044,5907.299999999996,0,,Single Text Entry,TextResponseA,4,object-97,1i-3,_,23,1i-3_23,6,Training02,20_PULLSWORD,ASK,.png,20_PULLSWORD_ASK.png,RUSP,WIM,20_PULLSWORD_RUSP_WIM.png,,RUSP WIM,28_GALLEONS_ASK.png,28_GALLEONS_DOTS.png,RUSP WIM,ZETH WAN,RUSP WIM,ZETH WAN,28_GALLEONS_ZETH_WAN.png,,ZETH WAN,,,,
79,1712400886590,06/04/2024 10:54:46,1712404486590,1,06/04/2024 12:54:46,139619,19,task-eihb,,36792231,BLIND,10848400,,complete,,661126aa48f8dfceada76a1f,computer,Desktop or Laptop,Chromium OS 14541.0.0,Chrome 122.0.0.0,1517x852,1517x717,,,0,1i-3 A Training,4,,,1i-3,,,Pass,,1i-3 A Training,1i-3 A Training,23,Training02,TrainingB,2yfdu9,2,response,,2297.899999999907,2282.100000000006,2297.899999999907,2297.899999999907,2282.100000000006,2297.899999999907,1,2297.899999999907,0,0,,Click Response,Option B,5,object-246,1i-3,_,23,1i-3_23,6,Training02,20_PULLSWORD,ASK,.png,20_PULLSWORD_ASK.png,RUSP,WIM,20_PULLSWORD_RUSP_WIM.png,,RUSP WIM,28_GALLEONS_ASK.png,28_GALLEONS_DOTS.png,RUSP WIM,ZETH WAN,RUSP WIM,ZETH WAN,28_GALLEONS_ZETH_WAN.png,,ZETH WAN,,,,
80,1712400887692,06/04/2024 10:54:47,1712404487692,1,06/04/2024 12:54:47,139619,19,task-eihb,,36792231,BLIND,10848400,,complete,,661126aa48f8dfceada76a1f,computer,Desktop or Laptop,Chromium OS 14541.0.0,Chrome 122.0.0.0,1517x852,1517x717,,,0,1i-3 A Training,4,,,1i-3,,,Pass,,1i-3 A Training,1i-3 A Training,23,Training02,TrainingC,1ouhhw,3,continue,,1117.8999999999942,1111.7999999999884,1117.8999999999942,1117.8999999999942,1111.7999999999884,1117.8999999999942,1,1117.8999999999942,0,0,,Click To Continue,Continue Button,6,object-272,1i-3,_,23,1i-3_23,6,Training02,20_PULLSWORD,ASK,.png,20_PULLSWORD_ASK.png,RUSP,WIM,20_PULLSWORD_RUSP_WIM.png,,RUSP WIM,28_GALLEONS_ASK.png,28_GALLEONS_DOTS.png,RUSP WIM,ZETH WAN,RUSP WIM,ZETH WAN,28_GALLEONS_ZETH_WAN.png,,ZETH WAN,,,,
81,1712400891643,06/04/2024 10:54:51,1712404491643,1,06/04/2024 12:54:51,139619,19,task-eihb,,36792231,BLIND,10848400,,complete,,661126aa48f8dfceada76a1f,computer,Desktop or Laptop,Chromium OS 14541.0.0,Chrome 122.0.0.0,1517x852,1517x717,,,0,1i-3 A Training,4,,,1i-3,,,Pass,,1i-3 A Training,1i-3 A Training,24,Training02,TrainingA,34efq7,1,response,FICH WUNG,2179.100000000006,3943.100000000006,3956.800000000192,2179.100000000006,3943.100000000006,3956.800000000192,1,2179.100000000006,1777.7000000001863,0,,Single Text Entry,TextResponseA,4,object-97,1i-3,_,21,1i-3_21,6,Training02,39_STOPHAGRID,ASK,.png,39_STOPHAGRID_ASK.png,FICH,WUNG,39_STOPHAGRID_FICH_WUNG.png,,FICH WUNG,14_MUNGOS_ASK.png,14_MUNGOS_DOTS.png,WOUX WAN,FICH WUNG,FICH WUNG,WOUX WAN,14_MUNGOS_WOUX_WAN.png,WOUX WAN,,,,,
82,1712400893358,06/04/2024 10:54:53,1712404493358,1,06/04/2024 12:54:53,139619,19,task-eihb,,36792231,BLIND,10848400,,complete,,661126aa48f8dfceada76a1f,computer,Desktop or Laptop,Chromium OS 14541.0.0,Chrome 122.0.0.0,1517x852,1517x717,,,0,1i-3 A Training,4,,,1i-3,,,Pass,,1i-3 A Training,1i-3 A Training,24,Training02,TrainingB,2yfdu9,2,response,,1728.8999999999069,1715.800000000003,1728.8999999999069,1728.8999999999069,1715.800000000003,1728.8999999999069,1,1728.8999999999069,0,0,,Click Response,Option A,4,object-245,1i-3,_,21,1i-3_21,6,Training02,39_STOPHAGRID,ASK,.png,39_STOPHAGRID_ASK.png,FICH,WUNG,39_STOPHAGRID_FICH_WUNG.png,,FICH WUNG,14_MUNGOS_ASK.png,14_MUNGOS_DOTS.png,WOUX WAN,FICH WUNG,FICH WUNG,WOUX WAN,14_MUNGOS_WOUX_WAN.png,WOUX WAN,,,,,
83,1712400894322,06/04/2024 10:54:54,1712404494322,1,06/04/2024 12:54:54,139619,19,task-eihb,,36792231,BLIND,10848400,,complete,,661126aa48f8dfceada76a1f,computer,Desktop or Laptop,Chromium OS 14541.0.0,Chrome 122.0.0.0,1517x852,1517x717,,,0,1i-3 A Training,4,,,1i-3,,,Pass,,1i-3 A Training,1i-3 A Training,24,Training02,TrainingC,1ouhhw,3,continue,,977.4000000001834,963.0999999999913,977.4000000001834,977.4000000001834,963.0999999999913,977.4000000001834,1,977.4000000001834,0,0,,Click To Continue,Continue Button,6,object-272,1i-3,_,21,1i-3_21,6,Training02,39_STOPHAGRID,ASK,.png,39_STOPHAGRID_ASK.png,FICH,WUNG,39_STOPHAGRID_FICH_WUNG.png,,FICH WUNG,14_MUNGOS_ASK.png,14_MUNGOS_DOTS.png,WOUX WAN,FICH WUNG,FICH WUNG,WOUX WAN,14_MUNGOS_WOUX_WAN.png,WOUX WAN,,,,,
84,1712400894336,06/04/2024 10:54:54,1712404494336,1,06/04/2024 12:54:54,139619,19,task-eihb,,36792231,BLIND,10848400,,complete,,661126aa48f8dfceada76a1f,computer,Desktop or Laptop,Chromium OS 14541.0.0,Chrome 122.0.0.0,1517x852,1517x717,,,0,1i-3 A Training,4,,,1i-3,,,Pass,,1i-3 A Training,1i-3 A Training,,,,,,5,END,,,,,,,0,,,,,,,,,,,,,,,,,,,,,,,,,,,,,,,,,,,,
1,1712401104939,06/04/2024 10:58:24,1712404704939,1,06/04/2024 12:58:24,139619,19,task-eihb,,36792385,BLIND,10848433,,complete,,661128b4c244c844edc5eac7,computer,Desktop or Laptop,Windows 10,Chrome 123.0.0.0,1366x768,1366x641,,,0,1i-3 A Training,4,,,1i-3,,,Pass,,1i-3 A Training,1i-3 A Training,,,,,,5,BEGIN,,,,,,,0,,,,,,,,,,,,,,,,,,,,,,,,,,,,,,,,,,,,
2,1712401110765,06/04/2024 10:58:30,1712404710765,1,06/04/2024 12:58:30,139619,19,task-eihb,,36792385,BLIND,10848433,,complete,,661128b4c244c844edc5eac7,computer,Desktop or Laptop,Windows 10,Chrome 123.0.0.0,1366x768,1366x641,,,0,1i-3 A Training,4,,,1i-3,,,Pass,,1i-3 A Training,1i-3 A Training,1,Instructions,Attention Check 5,4xnmv6,1,continue,,5605.000000000024,5594.5,5605.000000000024,5605.000000000024,5594.5,5605.000000000024,1,5605.000000000024,0,0,,Click To Continue,Continue Button,4,object-285,,,,,,Instructions,,,,,,,,,,,,,,,,,,,,,,
3,1712401110767,06/04/2024 10:58:30,1712404710767,1,06/04/2024 12:58:30,139619,19,task-eihb,,36792385,BLIND,10848433,,complete,,661128b4c244c844edc5eac7,computer,Desktop or Laptop,Windows 10,Chrome 123.0.0.0,1366x768,1366x641,,,0,1i-3 A Training,4,,,1i-3,,,Pass,,1i-3 A Training,1i-3 A Training,1,Instructions,Attention Check 5,4xnmv6,1,response,Accio!,4828.6,5594.5,5607.400000000047,4828.6,5594.5,5607.400000000047,1,4828.6,778.8000000000466,0,,Dropdown,Dropdown5,3,object-284,,,,,,Instructions,,,,,,,,,,,,,,,,,,,,,,
4,1712401118232,06/04/2024 10:58:38,1712404718232,1,06/04/2024 12:58:38,139619,19,task-eihb,,36792385,BLIND,10848433,,complete,,661128b4c244c844edc5eac7,computer,Desktop or Laptop,Windows 10,Chrome 123.0.0.0,1366x768,1366x641,,,0,1i-3 A Training,4,,,1i-3,,,Pass,,1i-3 A Training,1i-3 A Training,1,Instructions,Attention Check 6,wf497f,2,continue,,7478.1,7475.800000000001,7478.1,7478.1,7475.800000000001,7478.1,1,7478.1,0,0,,Click To Continue,Continue Button,4,object-292,,,,,,Instructions,,,,,,,,,,,,,,,,,,,,,,
5,1712401118238,06/04/2024 10:58:38,1712404718238,1,06/04/2024 12:58:38,139619,19,task-eihb,,36792385,BLIND,10848433,,complete,,661128b4c244c844edc5eac7,computer,Desktop or Laptop,Windows 10,Chrome 123.0.0.0,1366x768,1366x641,,,0,1i-3 A Training,4,,,1i-3,,,Pass,,1i-3 A Training,1i-3 A Training,1,Instructions,Attention Check 6,wf497f,2,response,The Invisibility Cloak,5744.4,7475.800000000001,7484.699999999977,5744.4,7475.800000000001,7484.699999999977,1,5744.4,1740.2999999999774,0,,Dropdown,Dropdown6,3,object-291,,,,,,Instructions,,,,,,,,,,,,,,,,,,,,,,
6,1712401121557,06/04/2024 10:58:41,1712404721557,1,06/04/2024 12:58:41,139619,19,task-eihb,,36792385,BLIND,10848433,,complete,,661128b4c244c844edc5eac7,computer,Desktop or Laptop,Windows 10,Chrome 123.0.0.0,1366x768,1366x641,,,0,1i-3 A Training,4,,,1i-3,,,Pass,,1i-3 A Training,1i-3 A Training,1,Instructions,Screen 22,3y4guk,3,continue,,3327.600000000046,3313.5,3327.600000000046,3327.600000000046,3313.5,3327.600000000046,1,3327.600000000046,0,0,,Click To Continue,Continue Button,3,object-297,,,,,,Instructions,,,,,,,,,,,,,,,,,,,,,,
7,1712401132320,06/04/2024 10:58:52,1712404732320,1,06/04/2024 12:58:52,139619,19,task-eihb,,36792385,BLIND,10848433,,complete,,661128b4c244c844edc5eac7,computer,Desktop or Laptop,Windows 10,Chrome 123.0.0.0,1366x768,1366x641,,,0,1i-3 A Training,4,,,1i-3,,,Pass,,1i-3 A Training,1i-3 A Training,1,Instructions,Instructions 02,q3gk2e,4,continue,,10777.50000000007,10772.7,10777.50000000007,10777.50000000007,10772.7,10777.50000000007,1,10777.50000000007,0,0,,Click To Continue,Continue Button,2,object-75,,,,,,Instructions,,,,,,,,,,,,,,,,,,,,,,
8,1712401133938,06/04/2024 10:58:53,1712404733938,1,06/04/2024 12:58:53,139619,19,task-eihb,,36792385,BLIND,10848433,,complete,,661128b4c244c844edc5eac7,computer,Desktop or Laptop,Windows 10,Chrome 123.0.0.0,1366x768,1366x641,,,0,1i-3 A Training,4,,,1i-3,,,Pass,,1i-3 A Training,1i-3 A Training,1,Instructions,Instructions 03,gxa3vr,5,continue,,1623.0000000000218,1615,1623.0000000000218,1623.0000000000218,1615,1623.0000000000218,1,1623.0000000000218,0,0,,Click To Continue,Continue Button,1,object-165,,,,,,Instructions,,,,,,,,,,,,,,,,,,,,,,
9,1712401154991,06/04/2024 10:59:14,1712404754991,1,06/04/2024 12:59:14,139619,19,task-eihb,,36792385,BLIND,10848433,,complete,,661128b4c244c844edc5eac7,computer,Desktop or Laptop,Windows 10,Chrome 123.0.0.0,1366x768,1366x641,,,0,1i-3 A Training,4,,,1i-3,,,Pass,,1i-3 A Training,1i-3 A Training,1,Training02,TrainingA,34efq7,1,response,WOUX WAN,17982.1,21045.9,21061.1,17982.1,21045.9,21061.1,1,17982.1,3079,0,,Single Text Entry,TextResponseA,4,object-97,1i-3,_,04,1i-3_04,1,Training02,35_PROPHET,ASK,.png,35_PROPHET_ASK.png,WOUX,WAN,35_PROPHET_WOUX_WAN.png,,WOUX WAN,40_BURYSNAPE_ASK.png,40_BURYSNAPE_DOTS.png,WOUX WAN,RUSP WIM,WOUX WAN,RUSP WIM,40_BURYSNAPE_RUSP_WIM.png,,RUSP WIM,,,,
10,1712401158429,06/04/2024 10:59:18,1712404758429,1,06/04/2024 12:59:18,139619,19,task-eihb,,36792385,BLIND,10848433,,complete,,661128b4c244c844edc5eac7,computer,Desktop or Laptop,Windows 10,Chrome 123.0.0.0,1366x768,1366x641,,,0,1i-3 A Training,4,,,1i-3,,,Pass,,1i-3 A Training,1i-3 A Training,1,Training02,TrainingB,2yfdu9,2,response,,3452.5000000000437,3446.5999999999985,3452.5000000000437,3452.5000000000437,3446.5999999999985,3452.5000000000437,1,3452.5000000000437,0,0,,Click Response,Option B,5,object-246,1i-3,_,04,1i-3_04,1,Training02,35_PROPHET,ASK,.png,35_PROPHET_ASK.png,WOUX,WAN,35_PROPHET_WOUX_WAN.png,,WOUX WAN,40_BURYSNAPE_ASK.png,40_BURYSNAPE_DOTS.png,WOUX WAN,RUSP WIM,WOUX WAN,RUSP WIM,40_BURYSNAPE_RUSP_WIM.png,,RUSP WIM,,,,
11,1712401160755,06/04/2024 10:59:20,1712404760755,1,06/04/2024 12:59:20,139619,19,task-eihb,,36792385,BLIND,10848433,,complete,,661128b4c244c844edc5eac7,computer,Desktop or Laptop,Windows 10,Chrome 123.0.0.0,1366x768,1366x641,,,0,1i-3 A Training,4,,,1i-3,,,Pass,,1i-3 A Training,1i-3 A Training,1,Training02,TrainingC,1ouhhw,3,continue,,2331.2000000000044,2314.4000000000015,2331.2000000000044,2331.2000000000044,2314.4000000000015,2331.2000000000044,1,2331.2000000000044,0,0,,Click To Continue,Continue Button,6,object-272,1i-3,_,04,1i-3_04,1,Training02,35_PROPHET,ASK,.png,35_PROPHET_ASK.png,WOUX,WAN,35_PROPHET_WOUX_WAN.png,,WOUX WAN,40_BURYSNAPE_ASK.png,40_BURYSNAPE_DOTS.png,WOUX WAN,RUSP WIM,WOUX WAN,RUSP WIM,40_BURYSNAPE_RUSP_WIM.png,,RUSP WIM,,,,
12,1712401167107,06/04/2024 10:59:27,1712404767107,1,06/04/2024 12:59:27,139619,19,task-eihb,,36792385,BLIND,10848433,,complete,,661128b4c244c844edc5eac7,computer,Desktop or Laptop,Windows 10,Chrome 123.0.0.0,1366x768,1366x641,,,0,1i-3 A Training,4,,,1i-3,,,Pass,,1i-3 A Training,1i-3 A Training,2,Training02,TrainingA,34efq7,1,response,RUSP WIM,3846.2999999999956,6360.299999999996,6370.10000000002,3846.2999999999956,6360.299999999996,6370.10000000002,1,3846.2999999999956,2523.8000000000247,0,,Single Text Entry,TextResponseA,4,object-97,1i-3,_,03,1i-3_03,1,Training02,13_QUIBBLER,ASK,.png,13_QUIBBLER_ASK.png,RUSP,WIM,13_QUIBBLER_RUSP_WIM.png,,RUSP WIM,27_BESTSELLER_ASK.png,27_BESTSELLER_DOTS.png,FICH WUNG,RUSP WIM,RUSP WIM,FICH WUNG,27_BESTSELLER_FICH_WUNG.png,FICH WUNG,,,,,
13,1712401172932,06/04/2024 10:59:32,1712404772932,1,06/04/2024 12:59:32,139619,19,task-eihb,,36792385,BLIND,10848433,,complete,,661128b4c244c844edc5eac7,computer,Desktop or Laptop,Windows 10,Chrome 123.0.0.0,1366x768,1366x641,,,0,1i-3 A Training,4,,,1i-3,,,Pass,,1i-3 A Training,1i-3 A Training,2,Training02,TrainingB,2yfdu9,2,response,,5833.999999999978,5827.5999999999985,5833.999999999978,5833.999999999978,5827.5999999999985,5833.999999999978,1,5833.999999999978,0,0,,Click Response,Option B,5,object-246,1i-3,_,03,1i-3_03,1,Training02,13_QUIBBLER,ASK,.png,13_QUIBBLER_ASK.png,RUSP,WIM,13_QUIBBLER_RUSP_WIM.png,,RUSP WIM,27_BESTSELLER_ASK.png,27_BESTSELLER_DOTS.png,FICH WUNG,RUSP WIM,RUSP WIM,FICH WUNG,27_BESTSELLER_FICH_WUNG.png,FICH WUNG,,,,,
14,1712401175109,06/04/2024 10:59:35,1712404775109,1,06/04/2024 12:59:35,139619,19,task-eihb,,36792385,BLIND,10848433,,complete,,661128b4c244c844edc5eac7,computer,Desktop or Laptop,Windows 10,Chrome 123.0.0.0,1366x768,1366x641,,,0,1i-3 A Training,4,,,1i-3,,,Pass,,1i-3 A Training,1i-3 A Training,2,Training02,TrainingC,1ouhhw,3,continue,,2183.800000000003,2181.100000000006,2183.800000000003,2183.800000000003,2181.100000000006,2183.800000000003,1,2183.800000000003,0,0,,Click To Continue,Continue Button,6,object-272,1i-3,_,03,1i-3_03,1,Training02,13_QUIBBLER,ASK,.png,13_QUIBBLER_ASK.png,RUSP,WIM,13_QUIBBLER_RUSP_WIM.png,,RUSP WIM,27_BESTSELLER_ASK.png,27_BESTSELLER_DOTS.png,FICH WUNG,RUSP WIM,RUSP WIM,FICH WUNG,27_BESTSELLER_FICH_WUNG.png,FICH WUNG,,,,,
15,1712401183508,06/04/2024 10:59:43,1712404783508,1,06/04/2024 12:59:43,139619,19,task-eihb,,36792385,BLIND,10848433,,complete,,661128b4c244c844edc5eac7,computer,Desktop or Laptop,Windows 10,Chrome 123.0.0.0,1366x768,1366x641,,,0,1i-3 A Training,4,,,1i-3,,,Pass,,1i-3 A Training,1i-3 A Training,3,Training02,TrainingA,34efq7,1,response,ZETH WAN,6410.399999999994,8391.599999999991,8402.199999999997,6410.399999999994,8391.599999999991,8402.199999999997,1,6410.399999999994,1991.800000000003,0,,Single Text Entry,TextResponseA,4,object-97,1i-3,_,02,1i-3_02,1,Training02,40_BURYSNAPE,ASK,.png,40_BURYSNAPE_ASK.png,ZETH,WAN,40_BURYSNAPE_ZETH_WAN.png,,ZETH WAN,20_PULLSWORD_ASK.png,20_PULLSWORD_DOTS.png,WOUX WAN,ZETH WAN,ZETH WAN,WOUX WAN,20_PULLSWORD_WOUX_WAN.png,WOUX WAN,,,,,
16,1712401188908,06/04/2024 10:59:48,1712404788908,1,06/04/2024 12:59:48,139619,19,task-eihb,,36792385,BLIND,10848433,,complete,,661128b4c244c844edc5eac7,computer,Desktop or Laptop,Windows 10,Chrome 123.0.0.0,1366x768,1366x641,,,0,1i-3 A Training,4,,,1i-3,,,Pass,,1i-3 A Training,1i-3 A Training,3,Training02,TrainingB,2yfdu9,2,response,,5410.100000000006,5394.800000000003,5410.100000000006,5410.100000000006,5394.800000000003,5410.100000000006,1,5410.100000000006,0,0,,Click Response,Option B,5,object-246,1i-3,_,02,1i-3_02,1,Training02,40_BURYSNAPE,ASK,.png,40_BURYSNAPE_ASK.png,ZETH,WAN,40_BURYSNAPE_ZETH_WAN.png,,ZETH WAN,20_PULLSWORD_ASK.png,20_PULLSWORD_DOTS.png,WOUX WAN,ZETH WAN,ZETH WAN,WOUX WAN,20_PULLSWORD_WOUX_WAN.png,WOUX WAN,,,,,
17,1712401191697,06/04/2024 10:59:51,1712404791697,1,06/04/2024 12:59:51,139619,19,task-eihb,,36792385,BLIND,10848433,,complete,,661128b4c244c844edc5eac7,computer,Desktop or Laptop,Windows 10,Chrome 123.0.0.0,1366x768,1366x641,,,0,1i-3 A Training,4,,,1i-3,,,Pass,,1i-3 A Training,1i-3 A Training,3,Training02,TrainingC,1ouhhw,3,continue,,2804.200000000026,2797.300000000003,2804.200000000026,2804.200000000026,2797.300000000003,2804.200000000026,1,2804.200000000026,0,0,,Click To Continue,Continue Button,6,object-272,1i-3,_,02,1i-3_02,1,Training02,40_BURYSNAPE,ASK,.png,40_BURYSNAPE_ASK.png,ZETH,WAN,40_BURYSNAPE_ZETH_WAN.png,,ZETH WAN,20_PULLSWORD_ASK.png,20_PULLSWORD_DOTS.png,WOUX WAN,ZETH WAN,ZETH WAN,WOUX WAN,20_PULLSWORD_WOUX_WAN.png,WOUX WAN,,,,,
18,1712401198664,06/04/2024 10:59:58,1712404798664,1,06/04/2024 12:59:58,139619,19,task-eihb,,36792385,BLIND,10848433,,complete,,661128b4c244c844edc5eac7,computer,Desktop or Laptop,Windows 10,Chrome 123.0.0.0,1366x768,1366x641,,,0,1i-3 A Training,4,,,1i-3,,,Pass,,1i-3 A Training,1i-3 A Training,4,Training02,TrainingA,34efq7,1,response,FICH WUNG,5011.699999999997,6959.699999999997,6974.599999999977,5011.699999999997,6959.699999999997,6974.599999999977,1,5011.699999999997,1962.8999999999796,0,,Single Text Entry,TextResponseA,4,object-97,1i-3,_,01,1i-3_01,1,Training02,04_WHEEZES,ASK,.png,04_WHEEZES_ASK.png,FICH,WUNG,04_WHEEZES_FICH_WUNG.png,,FICH WUNG,05_AUROR_ASK.png,05_AUROR_DOTS.png,FICH WUNG,ZETH WAN,FICH WUNG,ZETH WAN,05_AUROR_ZETH_WAN.png,,ZETH WAN,,,,
19,1712401201993,06/04/2024 11:00:01,1712404801993,1,06/04/2024 13:00:01,139619,19,task-eihb,,36792385,BLIND,10848433,,complete,,661128b4c244c844edc5eac7,computer,Desktop or Laptop,Windows 10,Chrome 123.0.0.0,1366x768,1366x641,,,0,1i-3 A Training,4,,,1i-3,,,Pass,,1i-3 A Training,1i-3 A Training,4,Training02,TrainingB,2yfdu9,2,response,,3343.3999999999796,3330,3343.3999999999796,3343.3999999999796,3330,3343.3999999999796,1,3343.3999999999796,0,0,,Click Response,Option A,4,object-245,1i-3,_,01,1i-3_01,1,Training02,04_WHEEZES,ASK,.png,04_WHEEZES_ASK.png,FICH,WUNG,04_WHEEZES_FICH_WUNG.png,,FICH WUNG,05_AUROR_ASK.png,05_AUROR_DOTS.png,FICH WUNG,ZETH WAN,FICH WUNG,ZETH WAN,05_AUROR_ZETH_WAN.png,,ZETH WAN,,,,
20,1712401204295,06/04/2024 11:00:04,1712404804295,1,06/04/2024 13:00:04,139619,19,task-eihb,,36792385,BLIND,10848433,,complete,,661128b4c244c844edc5eac7,computer,Desktop or Laptop,Windows 10,Chrome 123.0.0.0,1366x768,1366x641,,,0,1i-3 A Training,4,,,1i-3,,,Pass,,1i-3 A Training,1i-3 A Training,4,Training02,TrainingC,1ouhhw,3,continue,,2314.2999999999884,2297.699999999997,2314.2999999999884,2314.2999999999884,2297.699999999997,2314.2999999999884,1,2314.2999999999884,0,0,,Click To Continue,Continue Button,6,object-272,1i-3,_,01,1i-3_01,1,Training02,04_WHEEZES,ASK,.png,04_WHEEZES_ASK.png,FICH,WUNG,04_WHEEZES_FICH_WUNG.png,,FICH WUNG,05_AUROR_ASK.png,05_AUROR_DOTS.png,FICH WUNG,ZETH WAN,FICH WUNG,ZETH WAN,05_AUROR_ZETH_WAN.png,,ZETH WAN,,,,
21,1712401211553,06/04/2024 11:00:11,1712404811553,1,06/04/2024 13:00:11,139619,19,task-eihb,,36792385,BLIND,10848433,,complete,,661128b4c244c844edc5eac7,computer,Desktop or Laptop,Windows 10,Chrome 123.0.0.0,1366x768,1366x641,,,0,1i-3 A Training,4,,,1i-3,,,Pass,,1i-3 A Training,1i-3 A Training,5,Training02,TrainingA,34efq7,1,response,ZETH WAN,4528.900000000009,7259.5,7276.199999999997,4528.900000000009,7259.5,7276.199999999997,1,4528.900000000009,2747.2999999999884,0,,Single Text Entry,TextResponseA,4,object-97,1i-3,_,06,1i-3_06,2,Training02,12_SKEETER,ASK,.png,12_SKEETER_ASK.png,ZETH,WAN,12_SKEETER_ZETH_WAN.png,,ZETH WAN,12_SKEETER_ASK.png,12_SKEETER_DOTS.png,FICH WUNG,ZETH WAN,ZETH WAN,FICH WUNG,12_SKEETER_FICH_WUNG.png,FICH WUNG,,,,,
22,1712401217200,06/04/2024 11:00:17,1712404817200,1,06/04/2024 13:00:17,139619,19,task-eihb,,36792385,BLIND,10848433,,complete,,661128b4c244c844edc5eac7,computer,Desktop or Laptop,Windows 10,Chrome 123.0.0.0,1366x768,1366x641,,,0,1i-3 A Training,4,,,1i-3,,,Pass,,1i-3 A Training,1i-3 A Training,5,Training02,TrainingB,2yfdu9,2,response,,5664.100000000006,5661,5664.100000000006,5664.100000000006,5661,5664.100000000006,1,5664.100000000006,0,0,,Click Response,Option B,5,object-246,1i-3,_,06,1i-3_06,2,Training02,12_SKEETER,ASK,.png,12_SKEETER_ASK.png,ZETH,WAN,12_SKEETER_ZETH_WAN.png,,ZETH WAN,12_SKEETER_ASK.png,12_SKEETER_DOTS.png,FICH WUNG,ZETH WAN,ZETH WAN,FICH WUNG,12_SKEETER_FICH_WUNG.png,FICH WUNG,,,,,
23,1712401219948,06/04/2024 11:00:19,1712404819948,1,06/04/2024 13:00:19,139619,19,task-eihb,,36792385,BLIND,10848433,,complete,,661128b4c244c844edc5eac7,computer,Desktop or Laptop,Windows 10,Chrome 123.0.0.0,1366x768,1366x641,,,0,1i-3 A Training,4,,,1i-3,,,Pass,,1i-3 A Training,1i-3 A Training,5,Training02,TrainingC,1ouhhw,3,continue,,2751.4000000000524,2747.4000000000087,2751.4000000000524,2751.4000000000524,2747.4000000000087,2751.4000000000524,1,2751.4000000000524,0,0,,Click To Continue,Continue Button,6,object-272,1i-3,_,06,1i-3_06,2,Training02,12_SKEETER,ASK,.png,12_SKEETER_ASK.png,ZETH,WAN,12_SKEETER_ZETH_WAN.png,,ZETH WAN,12_SKEETER_ASK.png,12_SKEETER_DOTS.png,FICH WUNG,ZETH WAN,ZETH WAN,FICH WUNG,12_SKEETER_FICH_WUNG.png,FICH WUNG,,,,,
24,1712401227093,06/04/2024 11:00:27,1712404827093,1,06/04/2024 13:00:27,139619,19,task-eihb,,36792385,BLIND,10848433,,complete,,661128b4c244c844edc5eac7,computer,Desktop or Laptop,Windows 10,Chrome 123.0.0.0,1366x768,1366x641,,,0,1i-3 A Training,4,,,1i-3,,,Pass,,1i-3 A Training,1i-3 A Training,6,Training02,TrainingA,34efq7,1,response,WOUX WAN,4928.399999999994,7142.800000000003,7149.000000000044,4928.399999999994,7142.800000000003,7149.000000000044,1,4928.399999999994,2220.6000000000495,0,,Single Text Entry,TextResponseA,4,object-97,1i-3,_,08,1i-3_08,2,Training02,28_GALLEONS,ASK,.png,28_GALLEONS_ASK.png,WOUX,WAN,28_GALLEONS_WOUX_WAN.png,,WOUX WAN,39_STOPHAGRID_ASK.png,39_STOPHAGRID_DOTS.png,ZETH WAN,WOUX WAN,WOUX WAN,ZETH WAN,39_STOPHAGRID_ZETH_WAN.png,ZETH WAN,,,,,
25,1712401231459,06/04/2024 11:00:31,1712404831459,1,06/04/2024 13:00:31,139619,19,task-eihb,,36792385,BLIND,10848433,,complete,,661128b4c244c844edc5eac7,computer,Desktop or Laptop,Windows 10,Chrome 123.0.0.0,1366x768,1366x641,,,0,1i-3 A Training,4,,,1i-3,,,Pass,,1i-3 A Training,1i-3 A Training,6,Training02,TrainingB,2yfdu9,2,response,,4372.200000000041,4362.399999999994,4372.200000000041,4372.200000000041,4362.399999999994,4372.200000000041,1,4372.200000000041,0,0,,Click Response,Option A,4,object-245,1i-3,_,08,1i-3_08,2,Training02,28_GALLEONS,ASK,.png,28_GALLEONS_ASK.png,WOUX,WAN,28_GALLEONS_WOUX_WAN.png,,WOUX WAN,39_STOPHAGRID_ASK.png,39_STOPHAGRID_DOTS.png,ZETH WAN,WOUX WAN,WOUX WAN,ZETH WAN,39_STOPHAGRID_ZETH_WAN.png,ZETH WAN,,,,,
26,1712401234134,06/04/2024 11:00:34,1712404834134,1,06/04/2024 13:00:34,139619,19,task-eihb,,36792385,BLIND,10848433,,complete,,661128b4c244c844edc5eac7,computer,Desktop or Laptop,Windows 10,Chrome 123.0.0.0,1366x768,1366x641,,,0,1i-3 A Training,4,,,1i-3,,,Pass,,1i-3 A Training,1i-3 A Training,6,Training02,TrainingC,1ouhhw,3,continue,,2685.0999999999767,2680.7999999999884,2685.0999999999767,2685.0999999999767,2680.7999999999884,2685.0999999999767,1,2685.0999999999767,0,0,,Click To Continue,Continue Button,6,object-272,1i-3,_,08,1i-3_08,2,Training02,28_GALLEONS,ASK,.png,28_GALLEONS_ASK.png,WOUX,WAN,28_GALLEONS_WOUX_WAN.png,,WOUX WAN,39_STOPHAGRID_ASK.png,39_STOPHAGRID_DOTS.png,ZETH WAN,WOUX WAN,WOUX WAN,ZETH WAN,39_STOPHAGRID_ZETH_WAN.png,ZETH WAN,,,,,
27,1712401247696,06/04/2024 11:00:47,1712404847696,1,06/04/2024 13:00:47,139619,19,task-eihb,,36792385,BLIND,10848433,,complete,,661128b4c244c844edc5eac7,computer,Desktop or Laptop,Windows 10,Chrome 123.0.0.0,1366x768,1366x641,,,0,1i-3 A Training,4,,,1i-3,,,Pass,,1i-3 A Training,1i-3 A Training,7,Training02,TrainingA,34efq7,1,response,FICH WUNG,11188.800000000017,13553.100000000006,13566.000000000058,11188.800000000017,13553.100000000006,13566.000000000058,1,11188.800000000017,2377.2000000000407,0,,Single Text Entry,TextResponseA,4,object-97,1i-3,_,05,1i-3_05,2,Training02,18_LIVEGODRIC,ASK,.png,18_LIVEGODRIC_ASK.png,FICH,WUNG,18_LIVEGODRIC_FICH_WUNG.png,,FICH WUNG,07_AZKABAN_ASK.png,07_AZKABAN_DOTS.png,FICH WUNG,RUSP WIM,FICH WUNG,RUSP WIM,07_AZKABAN_RUSP_WIM.png,,RUSP WIM,,,,
28,1712401250519,06/04/2024 11:00:50,1712404850519,1,06/04/2024 13:00:50,139619,19,task-eihb,,36792385,BLIND,10848433,,complete,,661128b4c244c844edc5eac7,computer,Desktop or Laptop,Windows 10,Chrome 123.0.0.0,1366x768,1366x641,,,0,1i-3 A Training,4,,,1i-3,,,Pass,,1i-3 A Training,1i-3 A Training,7,Training02,TrainingB,2yfdu9,2,response,,2836.4000000000524,2830.5,2836.4000000000524,2836.4000000000524,2830.5,2836.4000000000524,1,2836.4000000000524,0,0,,Click Response,Option B,5,object-246,1i-3,_,05,1i-3_05,2,Training02,18_LIVEGODRIC,ASK,.png,18_LIVEGODRIC_ASK.png,FICH,WUNG,18_LIVEGODRIC_FICH_WUNG.png,,FICH WUNG,07_AZKABAN_ASK.png,07_AZKABAN_DOTS.png,FICH WUNG,RUSP WIM,FICH WUNG,RUSP WIM,07_AZKABAN_RUSP_WIM.png,,RUSP WIM,,,,
29,1712401253118,06/04/2024 11:00:53,1712404853118,1,06/04/2024 13:00:53,139619,19,task-eihb,,36792385,BLIND,10848433,,complete,,661128b4c244c844edc5eac7,computer,Desktop or Laptop,Windows 10,Chrome 123.0.0.0,1366x768,1366x641,,,0,1i-3 A Training,4,,,1i-3,,,Pass,,1i-3 A Training,1i-3 A Training,7,Training02,TrainingC,1ouhhw,3,continue,,2604.9000000000524,2597.5,2604.9000000000524,2604.9000000000524,2597.5,2604.9000000000524,1,2604.9000000000524,0,0,,Click To Continue,Continue Button,6,object-272,1i-3,_,05,1i-3_05,2,Training02,18_LIVEGODRIC,ASK,.png,18_LIVEGODRIC_ASK.png,FICH,WUNG,18_LIVEGODRIC_FICH_WUNG.png,,FICH WUNG,07_AZKABAN_ASK.png,07_AZKABAN_DOTS.png,FICH WUNG,RUSP WIM,FICH WUNG,RUSP WIM,07_AZKABAN_RUSP_WIM.png,,RUSP WIM,,,,
30,1712401271699,06/04/2024 11:01:11,1712404871699,1,06/04/2024 13:01:11,139619,19,task-eihb,,36792385,BLIND,10848433,,complete,,661128b4c244c844edc5eac7,computer,Desktop or Laptop,Windows 10,Chrome 123.0.0.0,1366x768,1366x641,,,0,1i-3 A Training,4,,,1i-3,,,Pass,,1i-3 A Training,1i-3 A Training,8,Training02,TrainingA,34efq7,1,response,RUSP WIM,16117.300000000017,18581.600000000006,18587.00000000003,16117.300000000017,18581.600000000006,18587.00000000003,1,16117.300000000017,2469.7000000000116,0,,Single Text Entry,TextResponseA,4,object-97,1i-3,_,07,1i-3_07,2,Training02,34_FANLETTERS,ASK,.png,34_FANLETTERS_ASK.png,RUSP,WIM,34_FANLETTERS_RUSP_WIM.png,,RUSP WIM,34_FANLETTERS_ASK.png,34_FANLETTERS_DOTS.png,RUSP WIM,WOUX WAN,RUSP WIM,WOUX WAN,34_FANLETTERS_WOUX_WAN.png,,WOUX WAN,,,,
31,1712401281526,06/04/2024 11:01:21,1712404881526,1,06/04/2024 13:01:21,139619,19,task-eihb,,36792385,BLIND,10848433,,complete,,661128b4c244c844edc5eac7,computer,Desktop or Laptop,Windows 10,Chrome 123.0.0.0,1366x768,1366x641,,,0,1i-3 A Training,4,,,1i-3,,,Pass,,1i-3 A Training,1i-3 A Training,8,Training02,TrainingB,2yfdu9,2,response,,9832.400000000023,9823.399999999994,9832.400000000023,9832.400000000023,9823.399999999994,9832.400000000023,1,9832.400000000023,0,0,,Click Response,Option B,5,object-246,1i-3,_,07,1i-3_07,2,Training02,34_FANLETTERS,ASK,.png,34_FANLETTERS_ASK.png,RUSP,WIM,34_FANLETTERS_RUSP_WIM.png,,RUSP WIM,34_FANLETTERS_ASK.png,34_FANLETTERS_DOTS.png,RUSP WIM,WOUX WAN,RUSP WIM,WOUX WAN,34_FANLETTERS_WOUX_WAN.png,,WOUX WAN,,,,
32,1712401282891,06/04/2024 11:01:22,1712404882891,1,06/04/2024 13:01:22,139619,19,task-eihb,,36792385,BLIND,10848433,,complete,,661128b4c244c844edc5eac7,computer,Desktop or Laptop,Windows 10,Chrome 123.0.0.0,1366x768,1366x641,,,0,1i-3 A Training,4,,,1i-3,,,Pass,,1i-3 A Training,1i-3 A Training,8,Training02,TrainingC,1ouhhw,3,continue,,1373.8000000000757,1365.3999999999942,1373.8000000000757,1373.8000000000757,1365.3999999999942,1373.8000000000757,1,1373.8000000000757,0,0,,Click To Continue,Continue Button,6,object-272,1i-3,_,07,1i-3_07,2,Training02,34_FANLETTERS,ASK,.png,34_FANLETTERS_ASK.png,RUSP,WIM,34_FANLETTERS_RUSP_WIM.png,,RUSP WIM,34_FANLETTERS_ASK.png,34_FANLETTERS_DOTS.png,RUSP WIM,WOUX WAN,RUSP WIM,WOUX WAN,34_FANLETTERS_WOUX_WAN.png,,WOUX WAN,,,,
33,1712401290797,06/04/2024 11:01:30,1712404890797,1,06/04/2024 13:01:30,139619,19,task-eihb,,36792385,BLIND,10848433,,complete,,661128b4c244c844edc5eac7,computer,Desktop or Laptop,Windows 10,Chrome 123.0.0.0,1366x768,1366x641,,,0,1i-3 A Training,4,,,1i-3,,,Pass,,1i-3 A Training,1i-3 A Training,9,Training02,TrainingA,34efq7,1,response,ZETH WAN,5694.400000000023,7908.900000000023,7914.9000000000815,5694.400000000023,7908.900000000023,7914.9000000000815,1,5694.400000000023,2220.500000000058,0,,Single Text Entry,TextResponseA,4,object-97,1i-3,_,10,1i-3_10,3,Training02,19_BURYVOLDY,ASK,.png,19_BURYVOLDY_ASK.png,ZETH,WAN,19_BURYVOLDY_ZETH_WAN.png,,ZETH WAN,21_TEACHHOG_ASK.png,21_TEACHHOG_DOTS.png,ZETH WAN,RUSP WIM,ZETH WAN,RUSP WIM,21_TEACHHOG_RUSP_WIM.png,,RUSP WIM,,,,
34,1712401299200,06/04/2024 11:01:39,1712404899200,1,06/04/2024 13:01:39,139619,19,task-eihb,,36792385,BLIND,10848433,,complete,,661128b4c244c844edc5eac7,computer,Desktop or Laptop,Windows 10,Chrome 123.0.0.0,1366x768,1366x641,,,0,1i-3 A Training,4,,,1i-3,,,Pass,,1i-3 A Training,1i-3 A Training,9,Training02,TrainingB,2yfdu9,2,response,,8407.899999999965,8391.899999999994,8407.899999999965,8407.899999999965,8391.899999999994,8407.899999999965,1,8407.899999999965,0,0,,Click Response,Option A,4,object-245,1i-3,_,10,1i-3_10,3,Training02,19_BURYVOLDY,ASK,.png,19_BURYVOLDY_ASK.png,ZETH,WAN,19_BURYVOLDY_ZETH_WAN.png,,ZETH WAN,21_TEACHHOG_ASK.png,21_TEACHHOG_DOTS.png,ZETH WAN,RUSP WIM,ZETH WAN,RUSP WIM,21_TEACHHOG_RUSP_WIM.png,,RUSP WIM,,,,
35,1712401300823,06/04/2024 11:01:40,1712404900823,1,06/04/2024 13:01:40,139619,19,task-eihb,,36792385,BLIND,10848433,,complete,,661128b4c244c844edc5eac7,computer,Desktop or Laptop,Windows 10,Chrome 123.0.0.0,1366x768,1366x641,,,0,1i-3 A Training,4,,,1i-3,,,Pass,,1i-3 A Training,1i-3 A Training,9,Training02,TrainingC,1ouhhw,3,continue,,1639.3000000000175,1631.7999999999884,1639.3000000000175,1639.3000000000175,1631.7999999999884,1639.3000000000175,1,1639.3000000000175,0,0,,Click To Continue,Continue Button,6,object-272,1i-3,_,10,1i-3_10,3,Training02,19_BURYVOLDY,ASK,.png,19_BURYVOLDY_ASK.png,ZETH,WAN,19_BURYVOLDY_ZETH_WAN.png,,ZETH WAN,21_TEACHHOG_ASK.png,21_TEACHHOG_DOTS.png,ZETH WAN,RUSP WIM,ZETH WAN,RUSP WIM,21_TEACHHOG_RUSP_WIM.png,,RUSP WIM,,,,
36,1712401309087,06/04/2024 11:01:49,1712404909087,1,06/04/2024 13:01:49,139619,19,task-eihb,,36792385,BLIND,10848433,,complete,,661128b4c244c844edc5eac7,computer,Desktop or Laptop,Windows 10,Chrome 123.0.0.0,1366x768,1366x641,,,0,1i-3 A Training,4,,,1i-3,,,Pass,,1i-3 A Training,1i-3 A Training,10,Training02,TrainingA,34efq7,1,response,WOUX WAN,6260.3000000000175,8258.399999999994,8271.699999999983,6260.3000000000175,8258.399999999994,8271.699999999983,1,6260.3000000000175,2011.399999999965,0,,Single Text Entry,TextResponseA,4,object-97,1i-3,_,12,1i-3_12,3,Training02,14_MUNGOS,ASK,.png,14_MUNGOS_ASK.png,WOUX,WAN,14_MUNGOS_WOUX_WAN.png,,WOUX WAN,33_ROR_ASK.png,33_ROR_DOTS.png,FICH WUNG,WOUX WAN,WOUX WAN,FICH WUNG,33_ROR_FICH_WUNG.png,FICH WUNG,,,,,
37,1712401314241,06/04/2024 11:01:54,1712404914241,1,06/04/2024 13:01:54,139619,19,task-eihb,,36792385,BLIND,10848433,,complete,,661128b4c244c844edc5eac7,computer,Desktop or Laptop,Windows 10,Chrome 123.0.0.0,1366x768,1366x641,,,0,1i-3 A Training,4,,,1i-3,,,Pass,,1i-3 A Training,1i-3 A Training,10,Training02,TrainingB,2yfdu9,2,response,,5167.000000000058,5161.600000000006,5167.000000000058,5167.000000000058,5161.600000000006,5167.000000000058,1,5167.000000000058,0,0,,Click Response,Option A,4,object-245,1i-3,_,12,1i-3_12,3,Training02,14_MUNGOS,ASK,.png,14_MUNGOS_ASK.png,WOUX,WAN,14_MUNGOS_WOUX_WAN.png,,WOUX WAN,33_ROR_ASK.png,33_ROR_DOTS.png,FICH WUNG,WOUX WAN,WOUX WAN,FICH WUNG,33_ROR_FICH_WUNG.png,FICH WUNG,,,,,
38,1712401315330,06/04/2024 11:01:55,1712404915330,1,06/04/2024 13:01:55,139619,19,task-eihb,,36792385,BLIND,10848433,,complete,,661128b4c244c844edc5eac7,computer,Desktop or Laptop,Windows 10,Chrome 123.0.0.0,1366x768,1366x641,,,0,1i-3 A Training,4,,,1i-3,,,Pass,,1i-3 A Training,1i-3 A Training,10,Training02,TrainingC,1ouhhw,3,continue,,1095.000000000029,1082.2000000000116,1095.000000000029,1095.000000000029,1082.2000000000116,1095.000000000029,1,1095.000000000029,0,0,,Click To Continue,Continue Button,6,object-272,1i-3,_,12,1i-3_12,3,Training02,14_MUNGOS,ASK,.png,14_MUNGOS_ASK.png,WOUX,WAN,14_MUNGOS_WOUX_WAN.png,,WOUX WAN,33_ROR_ASK.png,33_ROR_DOTS.png,FICH WUNG,WOUX WAN,WOUX WAN,FICH WUNG,33_ROR_FICH_WUNG.png,FICH WUNG,,,,,
39,1712401334616,06/04/2024 11:02:14,1712404934616,1,06/04/2024 13:02:14,139619,19,task-eihb,,36792385,BLIND,10848433,,complete,,661128b4c244c844edc5eac7,computer,Desktop or Laptop,Windows 10,Chrome 123.0.0.0,1366x768,1366x641,,,0,1i-3 A Training,4,,,1i-3,,,Pass,,1i-3 A Training,1i-3 A Training,11,Training02,TrainingA,34efq7,1,response,FICH WUNG,17366.100000000006,19280.899999999994,19297.600000000006,17366.100000000006,19280.899999999994,19297.600000000006,1,17366.100000000006,1931.5,0,,Single Text Entry,TextResponseA,4,object-97,1i-3,_,09,1i-3_09,3,Training02,32_QWC,ASK,.png,32_QWC_ASK.png,FICH,WUNG,32_QWC_FICH_WUNG.png,,FICH WUNG,13_QUIBBLER_ASK.png,13_QUIBBLER_DOTS.png,FICH WUNG,WOUX WAN,FICH WUNG,WOUX WAN,13_QUIBBLER_WOUX_WAN.png,,WOUX WAN,,,,
40,1712401338569,06/04/2024 11:02:18,1712404938569,1,06/04/2024 13:02:18,139619,19,task-eihb,,36792385,BLIND,10848433,,complete,,661128b4c244c844edc5eac7,computer,Desktop or Laptop,Windows 10,Chrome 123.0.0.0,1366x768,1366x641,,,0,1i-3 A Training,4,,,1i-3,,,Pass,,1i-3 A Training,1i-3 A Training,11,Training02,TrainingB,2yfdu9,2,response,,3970.5,3962.7000000000116,3970.5,3970.5,3962.7000000000116,3970.5,1,3970.5,0,0,,Click Response,Option B,5,object-246,1i-3,_,09,1i-3_09,3,Training02,32_QWC,ASK,.png,32_QWC_ASK.png,FICH,WUNG,32_QWC_FICH_WUNG.png,,FICH WUNG,13_QUIBBLER_ASK.png,13_QUIBBLER_DOTS.png,FICH WUNG,WOUX WAN,FICH WUNG,WOUX WAN,13_QUIBBLER_WOUX_WAN.png,,WOUX WAN,,,,
41,1712401339483,06/04/2024 11:02:19,1712404939483,1,06/04/2024 13:02:19,139619,19,task-eihb,,36792385,BLIND,10848433,,complete,,661128b4c244c844edc5eac7,computer,Desktop or Laptop,Windows 10,Chrome 123.0.0.0,1366x768,1366x641,,,0,1i-3 A Training,4,,,1i-3,,,Pass,,1i-3 A Training,1i-3 A Training,11,Training02,TrainingC,1ouhhw,3,continue,,921.5000000000582,915.6999999999825,921.5000000000582,921.5000000000582,915.6999999999825,921.5000000000582,1,921.5000000000582,0,0,,Click To Continue,Continue Button,6,object-272,1i-3,_,09,1i-3_09,3,Training02,32_QWC,ASK,.png,32_QWC_ASK.png,FICH,WUNG,32_QWC_FICH_WUNG.png,,FICH WUNG,13_QUIBBLER_ASK.png,13_QUIBBLER_DOTS.png,FICH WUNG,WOUX WAN,FICH WUNG,WOUX WAN,13_QUIBBLER_WOUX_WAN.png,,WOUX WAN,,,,
42,1712401345401,06/04/2024 11:02:25,1712404945401,1,06/04/2024 13:02:25,139619,19,task-eihb,,36792385,BLIND,10848433,,complete,,661128b4c244c844edc5eac7,computer,Desktop or Laptop,Windows 10,Chrome 123.0.0.0,1366x768,1366x641,,,0,1i-3 A Training,4,,,1i-3,,,Pass,,1i-3 A Training,1i-3 A Training,12,Training02,TrainingA,34efq7,1,response,RUSP WIM,3862.899999999994,5911,5924.6999999999825,3862.899999999994,5911,5924.6999999999825,1,3862.899999999994,2061.7999999999884,0,,Single Text Entry,TextResponseA,4,object-97,1i-3,_,11,1i-3_11,3,Training02,27_BESTSELLER,ASK,.png,27_BESTSELLER_ASK.png,RUSP,WIM,27_BESTSELLER_RUSP_WIM.png,,RUSP WIM,25_PROSECUTE_ASK.png,25_PROSECUTE_DOTS.png,ZETH WAN,RUSP WIM,RUSP WIM,ZETH WAN,25_PROSECUTE_ZETH_WAN.png,ZETH WAN,,,,,
43,1712401350685,06/04/2024 11:02:30,1712404950685,1,06/04/2024 13:02:30,139619,19,task-eihb,,36792385,BLIND,10848433,,complete,,661128b4c244c844edc5eac7,computer,Desktop or Laptop,Windows 10,Chrome 123.0.0.0,1366x768,1366x641,,,0,1i-3 A Training,4,,,1i-3,,,Pass,,1i-3 A Training,1i-3 A Training,12,Training02,TrainingB,2yfdu9,2,response,,5297.300000000076,5294.600000000006,5297.300000000076,5297.300000000076,5294.600000000006,5297.300000000076,1,5297.300000000076,0,0,,Click Response,Option A,4,object-245,1i-3,_,11,1i-3_11,3,Training02,27_BESTSELLER,ASK,.png,27_BESTSELLER_ASK.png,RUSP,WIM,27_BESTSELLER_RUSP_WIM.png,,RUSP WIM,25_PROSECUTE_ASK.png,25_PROSECUTE_DOTS.png,ZETH WAN,RUSP WIM,RUSP WIM,ZETH WAN,25_PROSECUTE_ZETH_WAN.png,ZETH WAN,,,,,
44,1712401352065,06/04/2024 11:02:32,1712404952065,1,06/04/2024 13:02:32,139619,19,task-eihb,,36792385,BLIND,10848433,,complete,,661128b4c244c844edc5eac7,computer,Desktop or Laptop,Windows 10,Chrome 123.0.0.0,1366x768,1366x641,,,0,1i-3 A Training,4,,,1i-3,,,Pass,,1i-3 A Training,1i-3 A Training,12,Training02,TrainingC,1ouhhw,3,continue,,1382,1365.3999999999942,1382,1382,1365.3999999999942,1382,1,1382,0,0,,Click To Continue,Continue Button,6,object-272,1i-3,_,11,1i-3_11,3,Training02,27_BESTSELLER,ASK,.png,27_BESTSELLER_ASK.png,RUSP,WIM,27_BESTSELLER_RUSP_WIM.png,,RUSP WIM,25_PROSECUTE_ASK.png,25_PROSECUTE_DOTS.png,ZETH WAN,RUSP WIM,RUSP WIM,ZETH WAN,25_PROSECUTE_ZETH_WAN.png,ZETH WAN,,,,,
45,1712401357910,06/04/2024 11:02:37,1712404957910,1,06/04/2024 13:02:37,139619,19,task-eihb,,36792385,BLIND,10848433,,complete,,661128b4c244c844edc5eac7,computer,Desktop or Laptop,Windows 10,Chrome 123.0.0.0,1366x768,1366x641,,,0,1i-3 A Training,4,,,1i-3,,,Pass,,1i-3 A Training,1i-3 A Training,13,Training02,TrainingA,34efq7,1,response,WOUX WAN,3862.8000000000175,5860.899999999994,5862.300000000076,3862.8000000000175,5860.899999999994,5862.300000000076,1,3862.8000000000175,1999.5000000000582,0,,Single Text Entry,TextResponseA,4,object-97,1i-3,_,16,1i-3_16,4,Training02,42_ENGLAND,ASK,.png,42_ENGLAND_ASK.png,WOUX,WAN,42_ENGLAND_WOUX_WAN.png,,WOUX WAN,41_PIXIE_ASK.png,41_PIXIE_DOTS.png,RUSP WIM,WOUX WAN,WOUX WAN,RUSP WIM,41_PIXIE_RUSP_WIM.png,RUSP WIM,,,,,
46,1712401360693,06/04/2024 11:02:40,1712404960693,1,06/04/2024 13:02:40,139619,19,task-eihb,,36792385,BLIND,10848433,,complete,,661128b4c244c844edc5eac7,computer,Desktop or Laptop,Windows 10,Chrome 123.0.0.0,1366x768,1366x641,,,0,1i-3 A Training,4,,,1i-3,,,Pass,,1i-3 A Training,1i-3 A Training,13,Training02,TrainingB,2yfdu9,2,response,,2784.4000000000815,2780.5,2784.4000000000815,2784.4000000000815,2780.5,2784.4000000000815,1,2784.4000000000815,0,0,,Click Response,Option A,4,object-245,1i-3,_,16,1i-3_16,4,Training02,42_ENGLAND,ASK,.png,42_ENGLAND_ASK.png,WOUX,WAN,42_ENGLAND_WOUX_WAN.png,,WOUX WAN,41_PIXIE_ASK.png,41_PIXIE_DOTS.png,RUSP WIM,WOUX WAN,WOUX WAN,RUSP WIM,41_PIXIE_RUSP_WIM.png,RUSP WIM,,,,,
47,1712401361785,06/04/2024 11:02:41,1712404961785,1,06/04/2024 13:02:41,139619,19,task-eihb,,36792385,BLIND,10848433,,complete,,661128b4c244c844edc5eac7,computer,Desktop or Laptop,Windows 10,Chrome 123.0.0.0,1366x768,1366x641,,,0,1i-3 A Training,4,,,1i-3,,,Pass,,1i-3 A Training,1i-3 A Training,13,Training02,TrainingC,1ouhhw,3,continue,,1095.5000000000582,1082.3000000000175,1095.5000000000582,1095.5000000000582,1082.3000000000175,1095.5000000000582,1,1095.5000000000582,0,0,,Click To Continue,Continue Button,6,object-272,1i-3,_,16,1i-3_16,4,Training02,42_ENGLAND,ASK,.png,42_ENGLAND_ASK.png,WOUX,WAN,42_ENGLAND_WOUX_WAN.png,,WOUX WAN,41_PIXIE_ASK.png,41_PIXIE_DOTS.png,RUSP WIM,WOUX WAN,WOUX WAN,RUSP WIM,41_PIXIE_RUSP_WIM.png,RUSP WIM,,,,,
48,1712401366424,06/04/2024 11:02:46,1712404966424,1,06/04/2024 13:02:46,139619,19,task-eihb,,36792385,BLIND,10848433,,complete,,661128b4c244c844edc5eac7,computer,Desktop or Laptop,Windows 10,Chrome 123.0.0.0,1366x768,1366x641,,,0,1i-3 A Training,4,,,1i-3,,,Pass,,1i-3 A Training,1i-3 A Training,14,Training02,TrainingA,34efq7,1,response,FICH WUNG,2847.1999999999825,4645.3000000000175,4652.899999999994,2847.1999999999825,4645.3000000000175,4652.899999999994,1,2847.1999999999825,1805.7000000000116,0,,Single Text Entry,TextResponseA,4,object-97,1i-3,_,13,1i-3_13,4,Training02,11_RONWAND,ASK,.png,11_RONWAND_ASK.png,FICH,WUNG,11_RONWAND_FICH_WUNG.png,,FICH WUNG,06_MOM_ASK.png,06_MOM_DOTS.png,ZETH WAN,FICH WUNG,FICH WUNG,ZETH WAN,06_MOM_ZETH_WAN.png,ZETH WAN,,,,,
49,1712401373036,06/04/2024 11:02:53,1712404973036,1,06/04/2024 13:02:53,139619,19,task-eihb,,36792385,BLIND,10848433,,complete,,661128b4c244c844edc5eac7,computer,Desktop or Laptop,Windows 10,Chrome 123.0.0.0,1366x768,1366x641,,,0,1i-3 A Training,4,,,1i-3,,,Pass,,1i-3 A Training,1i-3 A Training,14,Training02,TrainingB,2yfdu9,2,response,,6618.599999999977,6610.199999999953,6618.599999999977,6618.599999999977,6610.199999999953,6618.599999999977,1,6618.599999999977,0,0,,Click Response,Option B,5,object-246,1i-3,_,13,1i-3_13,4,Training02,11_RONWAND,ASK,.png,11_RONWAND_ASK.png,FICH,WUNG,11_RONWAND_FICH_WUNG.png,,FICH WUNG,06_MOM_ASK.png,06_MOM_DOTS.png,ZETH WAN,FICH WUNG,FICH WUNG,ZETH WAN,06_MOM_ZETH_WAN.png,ZETH WAN,,,,,
50,1712401374202,06/04/2024 11:02:54,1712404974202,1,06/04/2024 13:02:54,139619,19,task-eihb,,36792385,BLIND,10848433,,complete,,661128b4c244c844edc5eac7,computer,Desktop or Laptop,Windows 10,Chrome 123.0.0.0,1366x768,1366x641,,,0,1i-3 A Training,4,,,1i-3,,,Pass,,1i-3 A Training,1i-3 A Training,14,Training02,TrainingC,1ouhhw,3,continue,,1175.4000000000233,1165.5,1175.4000000000233,1175.4000000000233,1165.5,1175.4000000000233,1,1175.4000000000233,0,0,,Click To Continue,Continue Button,6,object-272,1i-3,_,13,1i-3_13,4,Training02,11_RONWAND,ASK,.png,11_RONWAND_ASK.png,FICH,WUNG,11_RONWAND_FICH_WUNG.png,,FICH WUNG,06_MOM_ASK.png,06_MOM_DOTS.png,ZETH WAN,FICH WUNG,FICH WUNG,ZETH WAN,06_MOM_ZETH_WAN.png,ZETH WAN,,,,,
51,1712401380047,06/04/2024 11:03:00,1712404980047,1,06/04/2024 13:03:00,139619,19,task-eihb,,36792385,BLIND,10848433,,complete,,661128b4c244c844edc5eac7,computer,Desktop or Laptop,Windows 10,Chrome 123.0.0.0,1366x768,1366x641,,,0,1i-3 A Training,4,,,1i-3,,,Pass,,1i-3 A Training,1i-3 A Training,15,Training02,TrainingA,34efq7,1,response,ZETH WAN,2281.100000000035,5844.200000000012,5855,2281.100000000035,5844.200000000012,5855,1,2281.100000000035,3573.899999999965,0,,Single Text Entry,TextResponseA,4,object-97,1i-3,_,14,1i-3_14,4,Training02,33_ROR,ASK,.png,33_ROR_ASK.png,ZETH,WAN,33_ROR_ZETH_WAN.png,,ZETH WAN,19_BURYVOLDY_ASK.png,19_BURYVOLDY_DOTS.png,ZETH WAN,WOUX WAN,ZETH WAN,WOUX WAN,19_BURYVOLDY_WOUX_WAN.png,,WOUX WAN,,,,
52,1712401382374,06/04/2024 11:03:02,1712404982374,1,06/04/2024 13:03:02,139619,19,task-eihb,,36792385,BLIND,10848433,,complete,,661128b4c244c844edc5eac7,computer,Desktop or Laptop,Windows 10,Chrome 123.0.0.0,1366x768,1366x641,,,0,1i-3 A Training,4,,,1i-3,,,Pass,,1i-3 A Training,1i-3 A Training,15,Training02,TrainingB,2yfdu9,2,response,,2336.9000000000815,2331,2336.9000000000815,2336.9000000000815,2331,2336.9000000000815,1,2336.9000000000815,0,0,,Click Response,Option A,4,object-245,1i-3,_,14,1i-3_14,4,Training02,33_ROR,ASK,.png,33_ROR_ASK.png,ZETH,WAN,33_ROR_ZETH_WAN.png,,ZETH WAN,19_BURYVOLDY_ASK.png,19_BURYVOLDY_DOTS.png,ZETH WAN,WOUX WAN,ZETH WAN,WOUX WAN,19_BURYVOLDY_WOUX_WAN.png,,WOUX WAN,,,,
53,1712401383684,06/04/2024 11:03:03,1712404983684,1,06/04/2024 13:03:03,139619,19,task-eihb,,36792385,BLIND,10848433,,complete,,661128b4c244c844edc5eac7,computer,Desktop or Laptop,Windows 10,Chrome 123.0.0.0,1366x768,1366x641,,,0,1i-3 A Training,4,,,1i-3,,,Pass,,1i-3 A Training,1i-3 A Training,15,Training02,TrainingC,1ouhhw,3,continue,,1315.4000000000233,1298.7000000000116,1315.4000000000233,1315.4000000000233,1298.7000000000116,1315.4000000000233,1,1315.4000000000233,0,0,,Click To Continue,Continue Button,6,object-272,1i-3,_,14,1i-3_14,4,Training02,33_ROR,ASK,.png,33_ROR_ASK.png,ZETH,WAN,33_ROR_ZETH_WAN.png,,ZETH WAN,19_BURYVOLDY_ASK.png,19_BURYVOLDY_DOTS.png,ZETH WAN,WOUX WAN,ZETH WAN,WOUX WAN,19_BURYVOLDY_WOUX_WAN.png,,WOUX WAN,,,,
54,1712401387526,06/04/2024 11:03:07,1712404987526,1,06/04/2024 13:03:07,139619,19,task-eihb,,36792385,BLIND,10848433,,complete,,661128b4c244c844edc5eac7,computer,Desktop or Laptop,Windows 10,Chrome 123.0.0.0,1366x768,1366x641,,,0,1i-3 A Training,4,,,1i-3,,,Pass,,1i-3 A Training,1i-3 A Training,16,Training02,TrainingA,34efq7,1,response,RUSP WIM,2064.7000000000116,3846.2000000000116,3859.4000000000233,2064.7000000000116,3846.2000000000116,3859.4000000000233,1,2064.7000000000116,1794.7000000000116,0,,Single Text Entry,TextResponseA,4,object-97,1i-3,_,15,1i-3_15,4,Training02,06_MOM,ASK,.png,06_MOM_ASK.png,RUSP,WIM,06_MOM_RUSP_WIM.png,,RUSP WIM,26_ERISED_ASK.png,26_ERISED_DOTS.png,RUSP WIM,FICH WUNG,RUSP WIM,FICH WUNG,26_ERISED_FICH_WUNG.png,,FICH WUNG,,,,
55,1712401392419,06/04/2024 11:03:12,1712404992419,1,06/04/2024 13:03:12,139619,19,task-eihb,,36792385,BLIND,10848433,,complete,,661128b4c244c844edc5eac7,computer,Desktop or Laptop,Windows 10,Chrome 123.0.0.0,1366x768,1366x641,,,0,1i-3 A Training,4,,,1i-3,,,Pass,,1i-3 A Training,1i-3 A Training,16,Training02,TrainingB,2yfdu9,2,response,,4906.300000000105,4895.200000000012,4906.300000000105,4906.300000000105,4895.200000000012,4906.300000000105,1,4906.300000000105,0,0,,Click Response,Option A,4,object-245,1i-3,_,15,1i-3_15,4,Training02,06_MOM,ASK,.png,06_MOM_ASK.png,RUSP,WIM,06_MOM_RUSP_WIM.png,,RUSP WIM,26_ERISED_ASK.png,26_ERISED_DOTS.png,RUSP WIM,FICH WUNG,RUSP WIM,FICH WUNG,26_ERISED_FICH_WUNG.png,,FICH WUNG,,,,
56,1712401393741,06/04/2024 11:03:13,1712404993741,1,06/04/2024 13:03:13,139619,19,task-eihb,,36792385,BLIND,10848433,,complete,,661128b4c244c844edc5eac7,computer,Desktop or Laptop,Windows 10,Chrome 123.0.0.0,1366x768,1366x641,,,0,1i-3 A Training,4,,,1i-3,,,Pass,,1i-3 A Training,1i-3 A Training,16,Training02,TrainingC,1ouhhw,3,continue,,1333.6999999999534,1331.899999999965,1333.6999999999534,1333.6999999999534,1331.899999999965,1333.6999999999534,1,1333.6999999999534,0,0,,Click To Continue,Continue Button,6,object-272,1i-3,_,15,1i-3_15,4,Training02,06_MOM,ASK,.png,06_MOM_ASK.png,RUSP,WIM,06_MOM_RUSP_WIM.png,,RUSP WIM,26_ERISED_ASK.png,26_ERISED_DOTS.png,RUSP WIM,FICH WUNG,RUSP WIM,FICH WUNG,26_ERISED_FICH_WUNG.png,,FICH WUNG,,,,
57,1712401398836,06/04/2024 11:03:18,1712404998836,1,06/04/2024 13:03:18,139619,19,task-eihb,,36792385,BLIND,10848433,,complete,,661128b4c244c844edc5eac7,computer,Desktop or Laptop,Windows 10,Chrome 123.0.0.0,1366x768,1366x641,,,0,1i-3 A Training,4,,,1i-3,,,Pass,,1i-3 A Training,1i-3 A Training,17,Training02,TrainingA,34efq7,1,response,FICH WUNG,3330.2999999999884,5095.100000000035,5096.799999999988,3330.2999999999884,5095.100000000035,5096.799999999988,1,3330.2999999999884,1766.5,0,,Single Text Entry,TextResponseA,4,object-97,1i-3,_,17,1i-3_17,5,Training02,25_PROSECUTE,ASK,.png,25_PROSECUTE_ASK.png,FICH,WUNG,25_PROSECUTE_FICH_WUNG.png,,FICH WUNG,04_WHEEZES_ASK.png,04_WHEEZES_DOTS.png,RUSP WIM,FICH WUNG,FICH WUNG,RUSP WIM,04_WHEEZES_RUSP_WIM.png,RUSP WIM,,,,,
58,1712401401803,06/04/2024 11:03:21,1712405001803,1,06/04/2024 13:03:21,139619,19,task-eihb,,36792385,BLIND,10848433,,complete,,661128b4c244c844edc5eac7,computer,Desktop or Laptop,Windows 10,Chrome 123.0.0.0,1366x768,1366x641,,,0,1i-3 A Training,4,,,1i-3,,,Pass,,1i-3 A Training,1i-3 A Training,17,Training02,TrainingB,2yfdu9,2,response,,2968.1999999999534,2963.6999999999534,2968.1999999999534,2968.1999999999534,2963.6999999999534,2968.1999999999534,1,2968.1999999999534,0,0,,Click Response,Option B,5,object-246,1i-3,_,17,1i-3_17,5,Training02,25_PROSECUTE,ASK,.png,25_PROSECUTE_ASK.png,FICH,WUNG,25_PROSECUTE_FICH_WUNG.png,,FICH WUNG,04_WHEEZES_ASK.png,04_WHEEZES_DOTS.png,RUSP WIM,FICH WUNG,FICH WUNG,RUSP WIM,04_WHEEZES_RUSP_WIM.png,RUSP WIM,,,,,
59,1712401402985,06/04/2024 11:03:22,1712405002985,1,06/04/2024 13:03:22,139619,19,task-eihb,,36792385,BLIND,10848433,,complete,,661128b4c244c844edc5eac7,computer,Desktop or Laptop,Windows 10,Chrome 123.0.0.0,1366x768,1366x641,,,0,1i-3 A Training,4,,,1i-3,,,Pass,,1i-3 A Training,1i-3 A Training,17,Training02,TrainingC,1ouhhw,3,continue,,1187,1182.2000000000116,1187,1187,1182.2000000000116,1187,1,1187,0,0,,Click To Continue,Continue Button,6,object-272,1i-3,_,17,1i-3_17,5,Training02,25_PROSECUTE,ASK,.png,25_PROSECUTE_ASK.png,FICH,WUNG,25_PROSECUTE_FICH_WUNG.png,,FICH WUNG,04_WHEEZES_ASK.png,04_WHEEZES_DOTS.png,RUSP WIM,FICH WUNG,FICH WUNG,RUSP WIM,04_WHEEZES_RUSP_WIM.png,RUSP WIM,,,,,
60,1712401407500,06/04/2024 11:03:27,1712405007500,1,06/04/2024 13:03:27,139619,19,task-eihb,,36792385,BLIND,10848433,,complete,,661128b4c244c844edc5eac7,computer,Desktop or Laptop,Windows 10,Chrome 123.0.0.0,1366x768,1366x641,,,0,1i-3 A Training,4,,,1i-3,,,Pass,,1i-3 A Training,1i-3 A Training,18,Training02,TrainingA,34efq7,1,response,WOUX WAN,2147.7999999999884,4512.100000000035,4519.4000000000815,2147.7999999999884,4512.100000000035,4519.4000000000815,1,2147.7999999999884,2371.600000000093,0,,Single Text Entry,TextResponseA,4,object-97,1i-3,_,20,1i-3_20,5,Training02,21_TEACHHOG,ASK,.png,21_TEACHHOG_ASK.png,WOUX,WAN,21_TEACHHOG_WOUX_WAN.png,,WOUX WAN,42_ENGLAND_ASK.png,42_ENGLAND_DOTS.png,WOUX WAN,ZETH WAN,WOUX WAN,ZETH WAN,42_ENGLAND_ZETH_WAN.png,,ZETH WAN,,,,
61,1712401409916,06/04/2024 11:03:29,1712405009916,1,06/04/2024 13:03:29,139619,19,task-eihb,,36792385,BLIND,10848433,,complete,,661128b4c244c844edc5eac7,computer,Desktop or Laptop,Windows 10,Chrome 123.0.0.0,1366x768,1366x641,,,0,1i-3 A Training,4,,,1i-3,,,Pass,,1i-3 A Training,1i-3 A Training,18,Training02,TrainingB,2yfdu9,2,response,,2422.6999999999534,2414.2999999999884,2422.6999999999534,2422.6999999999534,2414.2999999999884,2422.6999999999534,1,2422.6999999999534,0,0,,Click Response,Option B,5,object-246,1i-3,_,20,1i-3_20,5,Training02,21_TEACHHOG,ASK,.png,21_TEACHHOG_ASK.png,WOUX,WAN,21_TEACHHOG_WOUX_WAN.png,,WOUX WAN,42_ENGLAND_ASK.png,42_ENGLAND_DOTS.png,WOUX WAN,ZETH WAN,WOUX WAN,ZETH WAN,42_ENGLAND_ZETH_WAN.png,,ZETH WAN,,,,
62,1712401411055,06/04/2024 11:03:31,1712405011055,1,06/04/2024 13:03:31,139619,19,task-eihb,,36792385,BLIND,10848433,,complete,,661128b4c244c844edc5eac7,computer,Desktop or Laptop,Windows 10,Chrome 123.0.0.0,1366x768,1366x641,,,0,1i-3 A Training,4,,,1i-3,,,Pass,,1i-3 A Training,1i-3 A Training,18,Training02,TrainingC,1ouhhw,3,continue,,1148.5000000000582,1132.2000000000116,1148.5000000000582,1148.5000000000582,1132.2000000000116,1148.5000000000582,1,1148.5000000000582,0,0,,Click To Continue,Continue Button,6,object-272,1i-3,_,20,1i-3_20,5,Training02,21_TEACHHOG,ASK,.png,21_TEACHHOG_ASK.png,WOUX,WAN,21_TEACHHOG_WOUX_WAN.png,,WOUX WAN,42_ENGLAND_ASK.png,42_ENGLAND_DOTS.png,WOUX WAN,ZETH WAN,WOUX WAN,ZETH WAN,42_ENGLAND_ZETH_WAN.png,,ZETH WAN,,,,
63,1712401415392,06/04/2024 11:03:35,1712405015392,1,06/04/2024 13:03:35,139619,19,task-eihb,,36792385,BLIND,10848433,,complete,,661128b4c244c844edc5eac7,computer,Desktop or Laptop,Windows 10,Chrome 123.0.0.0,1366x768,1366x641,,,0,1i-3 A Training,4,,,1i-3,,,Pass,,1i-3 A Training,1i-3 A Training,19,Training02,TrainingA,34efq7,1,response,ZETH WAN,2514.399999999965,4345.899999999965,4353.100000000093,2514.399999999965,4345.899999999965,4353.100000000093,1,2514.399999999965,1838.700000000128,0,,Single Text Entry,TextResponseA,4,object-97,1i-3,_,18,1i-3_18,5,Training02,05_AUROR,ASK,.png,05_AUROR_ASK.png,ZETH,WAN,05_AUROR_ZETH_WAN.png,,ZETH WAN,11_RONWAND_ASK.png,11_RONWAND_DOTS.png,ZETH WAN,FICH WUNG,ZETH WAN,FICH WUNG,11_RONWAND_FICH_WUNG.png,,FICH WUNG,,,,
64,1712401418823,06/04/2024 11:03:38,1712405018823,1,06/04/2024 13:03:38,139619,19,task-eihb,,36792385,BLIND,10848433,,complete,,661128b4c244c844edc5eac7,computer,Desktop or Laptop,Windows 10,Chrome 123.0.0.0,1366x768,1366x641,,,0,1i-3 A Training,4,,,1i-3,,,Pass,,1i-3 A Training,1i-3 A Training,19,Training02,TrainingB,2yfdu9,2,response,,3437.700000000128,3429.7000000000116,3437.700000000128,3437.700000000128,3429.7000000000116,3437.700000000128,1,3437.700000000128,0,0,,Click Response,Option A,4,object-245,1i-3,_,18,1i-3_18,5,Training02,05_AUROR,ASK,.png,05_AUROR_ASK.png,ZETH,WAN,05_AUROR_ZETH_WAN.png,,ZETH WAN,11_RONWAND_ASK.png,11_RONWAND_DOTS.png,ZETH WAN,FICH WUNG,ZETH WAN,FICH WUNG,11_RONWAND_FICH_WUNG.png,,FICH WUNG,,,,
65,1712401419851,06/04/2024 11:03:39,1712405019851,1,06/04/2024 13:03:39,139619,19,task-eihb,,36792385,BLIND,10848433,,complete,,661128b4c244c844edc5eac7,computer,Desktop or Laptop,Windows 10,Chrome 123.0.0.0,1366x768,1366x641,,,0,1i-3 A Training,4,,,1i-3,,,Pass,,1i-3 A Training,1i-3 A Training,19,Training02,TrainingC,1ouhhw,3,continue,,1036.0000000001164,1032.4000000000233,1036.0000000001164,1036.0000000001164,1032.4000000000233,1036.0000000001164,1,1036.0000000001164,0,0,,Click To Continue,Continue Button,6,object-272,1i-3,_,18,1i-3_18,5,Training02,05_AUROR,ASK,.png,05_AUROR_ASK.png,ZETH,WAN,05_AUROR_ZETH_WAN.png,,ZETH WAN,11_RONWAND_ASK.png,11_RONWAND_DOTS.png,ZETH WAN,FICH WUNG,ZETH WAN,FICH WUNG,11_RONWAND_FICH_WUNG.png,,FICH WUNG,,,,
66,1712401424145,06/04/2024 11:03:44,1712405024145,1,06/04/2024 13:03:44,139619,19,task-eihb,,36792385,BLIND,10848433,,complete,,661128b4c244c844edc5eac7,computer,Desktop or Laptop,Windows 10,Chrome 123.0.0.0,1366x768,1366x641,,,0,1i-3 A Training,4,,,1i-3,,,Pass,,1i-3 A Training,1i-3 A Training,20,Training02,TrainingA,34efq7,1,response,RUSP WIM,2247.6999999999534,4295.799999999988,4297.399999999907,2247.6999999999534,4295.799999999988,4297.399999999907,1,2247.6999999999534,2049.6999999999534,0,,Single Text Entry,TextResponseA,4,object-97,1i-3,_,19,1i-3_19,5,Training02,41_PIXIE,ASK,.png,41_PIXIE_ASK.png,RUSP,WIM,41_PIXIE_RUSP_WIM.png,,RUSP WIM,35_PROPHET_ASK.png,35_PROPHET_DOTS.png,WOUX WAN,RUSP WIM,RUSP WIM,WOUX WAN,35_PROPHET_WOUX_WAN.png,WOUX WAN,,,,,
67,1712401426979,06/04/2024 11:03:46,1712405026979,1,06/04/2024 13:03:46,139619,19,task-eihb,,36792385,BLIND,10848433,,complete,,661128b4c244c844edc5eac7,computer,Desktop or Laptop,Windows 10,Chrome 123.0.0.0,1366x768,1366x641,,,0,1i-3 A Training,4,,,1i-3,,,Pass,,1i-3 A Training,1i-3 A Training,20,Training02,TrainingB,2yfdu9,2,response,,2836.0999999999185,2830.5,2836.0999999999185,2836.0999999999185,2830.5,2836.0999999999185,1,2836.0999999999185,0,0,,Click Response,Option A,4,object-245,1i-3,_,19,1i-3_19,5,Training02,41_PIXIE,ASK,.png,41_PIXIE_ASK.png,RUSP,WIM,41_PIXIE_RUSP_WIM.png,,RUSP WIM,35_PROPHET_ASK.png,35_PROPHET_DOTS.png,WOUX WAN,RUSP WIM,RUSP WIM,WOUX WAN,35_PROPHET_WOUX_WAN.png,WOUX WAN,,,,,
68,1712401427725,06/04/2024 11:03:47,1712405027725,1,06/04/2024 13:03:47,139619,19,task-eihb,,36792385,BLIND,10848433,,complete,,661128b4c244c844edc5eac7,computer,Desktop or Laptop,Windows 10,Chrome 123.0.0.0,1366x768,1366x641,,,0,1i-3 A Training,4,,,1i-3,,,Pass,,1i-3 A Training,1i-3 A Training,20,Training02,TrainingC,1ouhhw,3,continue,,750.1000000000349,733,750.1000000000349,750.1000000000349,733,750.1000000000349,1,750.1000000000349,0,0,,Click To Continue,Continue Button,6,object-272,1i-3,_,19,1i-3_19,5,Training02,41_PIXIE,ASK,.png,41_PIXIE_ASK.png,RUSP,WIM,41_PIXIE_RUSP_WIM.png,,RUSP WIM,35_PROPHET_ASK.png,35_PROPHET_DOTS.png,WOUX WAN,RUSP WIM,RUSP WIM,WOUX WAN,35_PROPHET_WOUX_WAN.png,WOUX WAN,,,,,
69,1712401432140,06/04/2024 11:03:52,1712405032140,1,06/04/2024 13:03:52,139619,19,task-eihb,,36792385,BLIND,10848433,,complete,,661128b4c244c844edc5eac7,computer,Desktop or Laptop,Windows 10,Chrome 123.0.0.0,1366x768,1366x641,,,0,1i-3 A Training,4,,,1i-3,,,Pass,,1i-3 A Training,1i-3 A Training,21,Training02,TrainingA,34efq7,1,response,ZETH WAN,2097.5999999999767,4428.399999999965,4433.200000000012,2097.5999999999767,4428.399999999965,4433.200000000012,1,2097.5999999999767,2335.600000000035,0,,Single Text Entry,TextResponseA,4,object-97,1i-3,_,22,1i-3_22,6,Training02,26_ERISED,ASK,.png,26_ERISED_ASK.png,ZETH,WAN,26_ERISED_ZETH_WAN.png,,ZETH WAN,18_LIVEGODRIC_ASK.png,18_LIVEGODRIC_DOTS.png,RUSP WIM,ZETH WAN,ZETH WAN,RUSP WIM,18_LIVEGODRIC_RUSP_WIM.png,RUSP WIM,,,,,
70,1712401448547,06/04/2024 11:04:08,1712405048547,1,06/04/2024 13:04:08,139619,19,task-eihb,,36792385,BLIND,10848433,,complete,,661128b4c244c844edc5eac7,computer,Desktop or Laptop,Windows 10,Chrome 123.0.0.0,1366x768,1366x641,,,0,1i-3 A Training,4,,,1i-3,,,Pass,,1i-3 A Training,1i-3 A Training,21,Training02,TrainingB,2yfdu9,2,response,,16412.100000000093,16400.5,16412.100000000093,16412.100000000093,16400.5,16412.100000000093,1,16412.100000000093,0,0,,Click Response,Option A,4,object-245,1i-3,_,22,1i-3_22,6,Training02,26_ERISED,ASK,.png,26_ERISED_ASK.png,ZETH,WAN,26_ERISED_ZETH_WAN.png,,ZETH WAN,18_LIVEGODRIC_ASK.png,18_LIVEGODRIC_DOTS.png,RUSP WIM,ZETH WAN,ZETH WAN,RUSP WIM,18_LIVEGODRIC_RUSP_WIM.png,RUSP WIM,,,,,
71,1712401450639,06/04/2024 11:04:10,1712405050639,1,06/04/2024 13:04:10,139619,19,task-eihb,,36792385,BLIND,10848433,,complete,,661128b4c244c844edc5eac7,computer,Desktop or Laptop,Windows 10,Chrome 123.0.0.0,1366x768,1366x641,,,0,1i-3 A Training,4,,,1i-3,,,Pass,,1i-3 A Training,1i-3 A Training,21,Training02,TrainingC,1ouhhw,3,continue,,2103.4000000001397,2097.9000000000233,2103.4000000001397,2103.4000000001397,2097.9000000000233,2103.4000000001397,1,2103.4000000001397,0,0,,Click To Continue,Continue Button,6,object-272,1i-3,_,22,1i-3_22,6,Training02,26_ERISED,ASK,.png,26_ERISED_ASK.png,ZETH,WAN,26_ERISED_ZETH_WAN.png,,ZETH WAN,18_LIVEGODRIC_ASK.png,18_LIVEGODRIC_DOTS.png,RUSP WIM,ZETH WAN,ZETH WAN,RUSP WIM,18_LIVEGODRIC_RUSP_WIM.png,RUSP WIM,,,,,
72,1712401462057,06/04/2024 11:04:22,1712405062057,1,06/04/2024 13:04:22,139619,19,task-eihb,,36792385,BLIND,10848433,,complete,,661128b4c244c844edc5eac7,computer,Desktop or Laptop,Windows 10,Chrome 123.0.0.0,1366x768,1366x641,,,0,1i-3 A Training,4,,,1i-3,,,Pass,,1i-3 A Training,1i-3 A Training,22,Training02,TrainingA,34efq7,1,response,WOUX WAN,9540.599999999977,11422,11423.500000000116,9540.599999999977,11422,11423.500000000116,1,9540.599999999977,1882.9000000001397,0,,Single Text Entry,TextResponseA,4,object-97,1i-3,_,24,1i-3_24,6,Training02,07_AZKABAN,ASK,.png,07_AZKABAN_ASK.png,WOUX,WAN,07_AZKABAN_WOUX_WAN.png,,WOUX WAN,32_QWC_ASK.png,32_QWC_DOTS.png,WOUX WAN,FICH WUNG,WOUX WAN,FICH WUNG,32_QWC_FICH_WUNG.png,,FICH WUNG,,,,
73,1712401472025,06/04/2024 11:04:32,1712405072025,1,06/04/2024 13:04:32,139619,19,task-eihb,,36792385,BLIND,10848433,,complete,,661128b4c244c844edc5eac7,computer,Desktop or Laptop,Windows 10,Chrome 123.0.0.0,1366x768,1366x641,,,0,1i-3 A Training,4,,,1i-3,,,Pass,,1i-3 A Training,1i-3 A Training,22,Training02,TrainingB,2yfdu9,2,response,,9969.29999999993,9956.799999999988,9969.29999999993,9969.29999999993,9956.799999999988,9969.29999999993,1,9969.29999999993,0,0,,Click Response,Option B,5,object-246,1i-3,_,24,1i-3_24,6,Training02,07_AZKABAN,ASK,.png,07_AZKABAN_ASK.png,WOUX,WAN,07_AZKABAN_WOUX_WAN.png,,WOUX WAN,32_QWC_ASK.png,32_QWC_DOTS.png,WOUX WAN,FICH WUNG,WOUX WAN,FICH WUNG,32_QWC_FICH_WUNG.png,,FICH WUNG,,,,
74,1712401472943,06/04/2024 11:04:32,1712405072943,1,06/04/2024 13:04:32,139619,19,task-eihb,,36792385,BLIND,10848433,,complete,,661128b4c244c844edc5eac7,computer,Desktop or Laptop,Windows 10,Chrome 123.0.0.0,1366x768,1366x641,,,0,1i-3 A Training,4,,,1i-3,,,Pass,,1i-3 A Training,1i-3 A Training,22,Training02,TrainingC,1ouhhw,3,continue,,930.4000000000815,915.7000000000116,930.4000000000815,930.4000000000815,915.7000000000116,930.4000000000815,1,930.4000000000815,0,0,,Click To Continue,Continue Button,6,object-272,1i-3,_,24,1i-3_24,6,Training02,07_AZKABAN,ASK,.png,07_AZKABAN_ASK.png,WOUX,WAN,07_AZKABAN_WOUX_WAN.png,,WOUX WAN,32_QWC_ASK.png,32_QWC_DOTS.png,WOUX WAN,FICH WUNG,WOUX WAN,FICH WUNG,32_QWC_FICH_WUNG.png,,FICH WUNG,,,,
75,1712401479024,06/04/2024 11:04:39,1712405079024,1,06/04/2024 13:04:39,139619,19,task-eihb,,36792385,BLIND,10848433,,complete,,661128b4c244c844edc5eac7,computer,Desktop or Laptop,Windows 10,Chrome 123.0.0.0,1366x768,1366x641,,,0,1i-3 A Training,4,,,1i-3,,,Pass,,1i-3 A Training,1i-3 A Training,23,Training02,TrainingA,34efq7,1,response,RUSP WIM,4112.799999999988,6094,6096.099999999977,4112.799999999988,6094,6096.099999999977,1,4112.799999999988,1983.2999999999884,0,,Single Text Entry,TextResponseA,4,object-97,1i-3,_,23,1i-3_23,6,Training02,20_PULLSWORD,ASK,.png,20_PULLSWORD_ASK.png,RUSP,WIM,20_PULLSWORD_RUSP_WIM.png,,RUSP WIM,28_GALLEONS_ASK.png,28_GALLEONS_DOTS.png,RUSP WIM,ZETH WAN,RUSP WIM,ZETH WAN,28_GALLEONS_ZETH_WAN.png,,ZETH WAN,,,,
76,1712401491041,06/04/2024 11:04:51,1712405091041,1,06/04/2024 13:04:51,139619,19,task-eihb,,36792385,BLIND,10848433,,complete,,661128b4c244c844edc5eac7,computer,Desktop or Laptop,Windows 10,Chrome 123.0.0.0,1366x768,1366x641,,,0,1i-3 A Training,4,,,1i-3,,,Pass,,1i-3 A Training,1i-3 A Training,23,Training02,TrainingB,2yfdu9,2,response,,12018.79999999993,12004.900000000023,12018.79999999993,12018.79999999993,12004.900000000023,12018.79999999993,1,12018.79999999993,0,0,,Click Response,Option B,5,object-246,1i-3,_,23,1i-3_23,6,Training02,20_PULLSWORD,ASK,.png,20_PULLSWORD_ASK.png,RUSP,WIM,20_PULLSWORD_RUSP_WIM.png,,RUSP WIM,28_GALLEONS_ASK.png,28_GALLEONS_DOTS.png,RUSP WIM,ZETH WAN,RUSP WIM,ZETH WAN,28_GALLEONS_ZETH_WAN.png,,ZETH WAN,,,,
77,1712401491968,06/04/2024 11:04:51,1712405091968,1,06/04/2024 13:04:51,139619,19,task-eihb,,36792385,BLIND,10848433,,complete,,661128b4c244c844edc5eac7,computer,Desktop or Laptop,Windows 10,Chrome 123.0.0.0,1366x768,1366x641,,,0,1i-3 A Training,4,,,1i-3,,,Pass,,1i-3 A Training,1i-3 A Training,23,Training02,TrainingC,1ouhhw,3,continue,,941.3000000000466,932.3999999999651,941.3000000000466,941.3000000000466,932.3999999999651,941.3000000000466,1,941.3000000000466,0,0,,Click To Continue,Continue Button,6,object-272,1i-3,_,23,1i-3_23,6,Training02,20_PULLSWORD,ASK,.png,20_PULLSWORD_ASK.png,RUSP,WIM,20_PULLSWORD_RUSP_WIM.png,,RUSP WIM,28_GALLEONS_ASK.png,28_GALLEONS_DOTS.png,RUSP WIM,ZETH WAN,RUSP WIM,ZETH WAN,28_GALLEONS_ZETH_WAN.png,,ZETH WAN,,,,
78,1712401495740,06/04/2024 11:04:55,1712405095740,1,06/04/2024 13:04:55,139619,19,task-eihb,,36792385,BLIND,10848433,,complete,,661128b4c244c844edc5eac7,computer,Desktop or Laptop,Windows 10,Chrome 123.0.0.0,1366x768,1366x641,,,0,1i-3 A Training,4,,,1i-3,,,Pass,,1i-3 A Training,1i-3 A Training,24,Training02,TrainingA,34efq7,1,response,FICH WUNG,2047.9000000000233,3762.9000000000233,3779.600000000035,2047.9000000000233,3762.9000000000233,3779.600000000035,1,2047.9000000000233,1731.7000000000116,0,,Single Text Entry,TextResponseA,4,object-97,1i-3,_,21,1i-3_21,6,Training02,39_STOPHAGRID,ASK,.png,39_STOPHAGRID_ASK.png,FICH,WUNG,39_STOPHAGRID_FICH_WUNG.png,,FICH WUNG,14_MUNGOS_ASK.png,14_MUNGOS_DOTS.png,WOUX WAN,FICH WUNG,FICH WUNG,WOUX WAN,14_MUNGOS_WOUX_WAN.png,WOUX WAN,,,,,
79,1712401502315,06/04/2024 11:05:02,1712405102315,1,06/04/2024 13:05:02,139619,19,task-eihb,,36792385,BLIND,10848433,,complete,,661128b4c244c844edc5eac7,computer,Desktop or Laptop,Windows 10,Chrome 123.0.0.0,1366x768,1366x641,,,0,1i-3 A Training,4,,,1i-3,,,Pass,,1i-3 A Training,1i-3 A Training,24,Training02,TrainingB,2yfdu9,2,response,,6593.0999999999185,6576.899999999965,6593.0999999999185,6593.0999999999185,6576.899999999965,6593.0999999999185,1,6593.0999999999185,0,0,,Click Response,Option B,5,object-246,1i-3,_,21,1i-3_21,6,Training02,39_STOPHAGRID,ASK,.png,39_STOPHAGRID_ASK.png,FICH,WUNG,39_STOPHAGRID_FICH_WUNG.png,,FICH WUNG,14_MUNGOS_ASK.png,14_MUNGOS_DOTS.png,WOUX WAN,FICH WUNG,FICH WUNG,WOUX WAN,14_MUNGOS_WOUX_WAN.png,WOUX WAN,,,,,
80,1712401503209,06/04/2024 11:05:03,1712405103209,1,06/04/2024 13:05:03,139619,19,task-eihb,,36792385,BLIND,10848433,,complete,,661128b4c244c844edc5eac7,computer,Desktop or Laptop,Windows 10,Chrome 123.0.0.0,1366x768,1366x641,,,0,1i-3 A Training,4,,,1i-3,,,Pass,,1i-3 A Training,1i-3 A Training,24,Training02,TrainingC,1ouhhw,3,continue,,909.4000000001397,899,909.4000000001397,909.4000000001397,899,909.4000000001397,1,909.4000000001397,0,0,,Click To Continue,Continue Button,6,object-272,1i-3,_,21,1i-3_21,6,Training02,39_STOPHAGRID,ASK,.png,39_STOPHAGRID_ASK.png,FICH,WUNG,39_STOPHAGRID_FICH_WUNG.png,,FICH WUNG,14_MUNGOS_ASK.png,14_MUNGOS_DOTS.png,WOUX WAN,FICH WUNG,FICH WUNG,WOUX WAN,14_MUNGOS_WOUX_WAN.png,WOUX WAN,,,,,
81,1712401503220,06/04/2024 11:05:03,1712405103220,1,06/04/2024 13:05:03,139619,19,task-eihb,,36792385,BLIND,10848433,,complete,,661128b4c244c844edc5eac7,computer,Desktop or Laptop,Windows 10,Chrome 123.0.0.0,1366x768,1366x641,,,0,1i-3 A Training,4,,,1i-3,,,Pass,,1i-3 A Training,1i-3 A Training,,,,,,5,END,,,,,,,0,,,,,,,,,,,,,,,,,,,,,,,,,,,,,,,,,,,,
1,1712401415500,06/04/2024 11:03:35,1712405015500,1,06/04/2024 13:03:35,139619,19,task-eihb,,36792468,BLIND,10848458,,complete,,66112a73422e0ff35144df5f,computer,Desktop or Laptop,Mac OS 10.15.7,Chrome 123.0.0.0,1512x982,1512x771,,,0,1i-3 A Training,4,,,1i-3,,,Pass,,1i-3 A Training,1i-3 A Training,,,,,,5,BEGIN,,,,,,,0,,,,,,,,,,,,,,,,,,,,,,,,,,,,,,,,,,,,
2,1712401418742,06/04/2024 11:03:38,1712405018742,1,06/04/2024 13:03:38,139619,19,task-eihb,,36792468,BLIND,10848458,,complete,,66112a73422e0ff35144df5f,computer,Desktop or Laptop,Mac OS 10.15.7,Chrome 123.0.0.0,1512x982,1512x771,,,0,1i-3 A Training,4,,,1i-3,,,Pass,,1i-3 A Training,1i-3 A Training,1,Instructions,Attention Check 5,4xnmv6,1,continue,,3116.3000000059606,3108.3,3116.3000000059606,3116.3000000059606,3108.3,3116.3000000059606,1,3116.3000000059606,0,0,,Click To Continue,Continue Button,4,object-285,,,,,,Instructions,,,,,,,,,,,,,,,,,,,,,,
3,1712401418743,06/04/2024 11:03:38,1712405018743,1,06/04/2024 13:03:38,139619,19,task-eihb,,36792468,BLIND,10848458,,complete,,66112a73422e0ff35144df5f,computer,Desktop or Laptop,Mac OS 10.15.7,Chrome 123.0.0.0,1512x982,1512x771,,,0,1i-3 A Training,4,,,1i-3,,,Pass,,1i-3 A Training,1i-3 A Training,1,Instructions,Attention Check 5,4xnmv6,1,response,Accio!,2866.6,3108.3,3116.6000000000004,2866.6,3108.3,3116.6000000000004,1,2866.6,250.00000000000045,0,,Dropdown,Dropdown5,3,object-284,,,,,,Instructions,,,,,,,,,,,,,,,,,,,,,,
4,1712401423045,06/04/2024 11:03:43,1712405023045,1,06/04/2024 13:03:43,139619,19,task-eihb,,36792468,BLIND,10848458,,complete,,66112a73422e0ff35144df5f,computer,Desktop or Laptop,Mac OS 10.15.7,Chrome 123.0.0.0,1512x982,1512x771,,,0,1i-3 A Training,4,,,1i-3,,,Pass,,1i-3 A Training,1i-3 A Training,1,Instructions,Attention Check 6,wf497f,2,continue,,4311.000000005961,4308.300000000001,4311.000000005961,4311.000000005961,4308.300000000001,4311.000000005961,1,4311.000000005961,0,0,,Click To Continue,Continue Button,4,object-292,,,,,,Instructions,,,,,,,,,,,,,,,,,,,,,,
5,1712401423045,06/04/2024 11:03:43,1712405023045,1,06/04/2024 13:03:43,139619,19,task-eihb,,36792468,BLIND,10848458,,complete,,66112a73422e0ff35144df5f,computer,Desktop or Laptop,Mac OS 10.15.7,Chrome 123.0.0.0,1512x982,1512x771,,,0,1i-3 A Training,4,,,1i-3,,,Pass,,1i-3 A Training,1i-3 A Training,1,Instructions,Attention Check 6,wf497f,2,response,The Invisibility Cloak,4016.6,4308.300000000001,4311.6,4016.6,4308.300000000001,4311.6,1,4016.6,295.00000000000045,0,,Dropdown,Dropdown6,3,object-291,,,,,,Instructions,,,,,,,,,,,,,,,,,,,,,,
6,1712401425841,06/04/2024 11:03:45,1712405025841,1,06/04/2024 13:03:45,139619,19,task-eihb,,36792468,BLIND,10848458,,complete,,66112a73422e0ff35144df5f,computer,Desktop or Laptop,Mac OS 10.15.7,Chrome 123.0.0.0,1512x982,1512x771,,,0,1i-3 A Training,4,,,1i-3,,,Pass,,1i-3 A Training,1i-3 A Training,1,Instructions,Screen 22,3y4guk,3,continue,,2798.5000000029795,2791.5999999999985,2798.5000000029795,2798.5000000029795,2791.5999999999985,2798.5000000029795,1,2798.5000000029795,0,0,,Click To Continue,Continue Button,3,object-297,,,,,,Instructions,,,,,,,,,,,,,,,,,,,,,,
7,1712401439549,06/04/2024 11:03:59,1712405039549,1,06/04/2024 13:03:59,139619,19,task-eihb,,36792468,BLIND,10848458,,complete,,66112a73422e0ff35144df5f,computer,Desktop or Laptop,Mac OS 10.15.7,Chrome 123.0.0.0,1512x982,1512x771,,,0,1i-3 A Training,4,,,1i-3,,,Pass,,1i-3 A Training,1i-3 A Training,1,Instructions,Instructions 02,q3gk2e,4,continue,,13715,13707.5,13715,13715,13707.5,13715,1,13715,0,0,,Click To Continue,Continue Button,2,object-75,,,,,,Instructions,,,,,,,,,,,,,,,,,,,,,,
8,1712401441185,06/04/2024 11:04:01,1712405041185,1,06/04/2024 13:04:01,139619,19,task-eihb,,36792468,BLIND,10848458,,complete,,66112a73422e0ff35144df5f,computer,Desktop or Laptop,Mac OS 10.15.7,Chrome 123.0.0.0,1512x982,1512x771,,,0,1i-3 A Training,4,,,1i-3,,,Pass,,1i-3 A Training,1i-3 A Training,1,Instructions,Instructions 03,gxa3vr,5,continue,,1644.000000004471,1642.5,1644.000000004471,1644.000000004471,1642.5,1644.000000004471,1,1644.000000004471,0,0,,Click To Continue,Continue Button,1,object-165,,,,,,Instructions,,,,,,,,,,,,,,,,,,,,,,
9,1712401453906,06/04/2024 11:04:13,1712405053906,1,06/04/2024 13:04:13,139619,19,task-eihb,,36792468,BLIND,10848458,,complete,,66112a73422e0ff35144df5f,computer,Desktop or Laptop,Mac OS 10.15.7,Chrome 123.0.0.0,1512x982,1512x771,,,0,1i-3 A Training,4,,,1i-3,,,Pass,,1i-3 A Training,1i-3 A Training,1,Training02,TrainingA,34efq7,1,response,RUSP WIM,7449.899999999998,12716.500000000004,12722.600000005961,7449.899999999998,12716.500000000004,12722.600000005961,1,7449.899999999998,5272.700000005963,0,,Single Text Entry,TextResponseA,4,object-97,1i-3,_,03,1i-3_03,1,Training02,13_QUIBBLER,ASK,.png,13_QUIBBLER_ASK.png,RUSP,WIM,13_QUIBBLER_RUSP_WIM.png,,RUSP WIM,27_BESTSELLER_ASK.png,27_BESTSELLER_DOTS.png,FICH WUNG,RUSP WIM,RUSP WIM,FICH WUNG,27_BESTSELLER_FICH_WUNG.png,FICH WUNG,,,,,
10,1712401459352,06/04/2024 11:04:19,1712405059352,1,06/04/2024 13:04:19,139619,19,task-eihb,,36792468,BLIND,10848458,,complete,,66112a73422e0ff35144df5f,computer,Desktop or Laptop,Mac OS 10.15.7,Chrome 123.0.0.0,1512x982,1512x771,,,0,1i-3 A Training,4,,,1i-3,,,Pass,,1i-3 A Training,1i-3 A Training,1,Training02,TrainingB,2yfdu9,2,response,,5451.800000001487,5449.699999999997,5451.800000001487,5451.800000001487,5449.699999999997,5451.800000001487,1,5451.800000001487,0,0,,Click Response,Option A,4,object-245,1i-3,_,03,1i-3_03,1,Training02,13_QUIBBLER,ASK,.png,13_QUIBBLER_ASK.png,RUSP,WIM,13_QUIBBLER_RUSP_WIM.png,,RUSP WIM,27_BESTSELLER_ASK.png,27_BESTSELLER_DOTS.png,FICH WUNG,RUSP WIM,RUSP WIM,FICH WUNG,27_BESTSELLER_FICH_WUNG.png,FICH WUNG,,,,,
11,1712401463329,06/04/2024 11:04:23,1712405063329,1,06/04/2024 13:04:23,139619,19,task-eihb,,36792468,BLIND,10848458,,complete,,66112a73422e0ff35144df5f,computer,Desktop or Laptop,Mac OS 10.15.7,Chrome 123.0.0.0,1512x982,1512x771,,,0,1i-3 A Training,4,,,1i-3,,,Pass,,1i-3 A Training,1i-3 A Training,1,Training02,TrainingC,1ouhhw,3,continue,,3979,3975,3979,3979,3975,3979,1,3979,0,0,,Click To Continue,Continue Button,6,object-272,1i-3,_,03,1i-3_03,1,Training02,13_QUIBBLER,ASK,.png,13_QUIBBLER_ASK.png,RUSP,WIM,13_QUIBBLER_RUSP_WIM.png,,RUSP WIM,27_BESTSELLER_ASK.png,27_BESTSELLER_DOTS.png,FICH WUNG,RUSP WIM,RUSP WIM,FICH WUNG,27_BESTSELLER_FICH_WUNG.png,FICH WUNG,,,,,
12,1712401473008,06/04/2024 11:04:33,1712405073008,1,06/04/2024 13:04:33,139619,19,task-eihb,,36792468,BLIND,10848458,,complete,,66112a73422e0ff35144df5f,computer,Desktop or Laptop,Mac OS 10.15.7,Chrome 123.0.0.0,1512x982,1512x771,,,0,1i-3 A Training,4,,,1i-3,,,Pass,,1i-3 A Training,1i-3 A Training,2,Training02,TrainingA,34efq7,1,response,ZETH WAN,6850.199999999997,9675.199999999997,9683.399999999994,6850.199999999997,9675.199999999997,9683.399999999994,1,6850.199999999997,2833.199999999997,0,,Single Text Entry,TextResponseA,4,object-97,1i-3,_,02,1i-3_02,1,Training02,40_BURYSNAPE,ASK,.png,40_BURYSNAPE_ASK.png,ZETH,WAN,40_BURYSNAPE_ZETH_WAN.png,,ZETH WAN,20_PULLSWORD_ASK.png,20_PULLSWORD_DOTS.png,WOUX WAN,ZETH WAN,ZETH WAN,WOUX WAN,20_PULLSWORD_WOUX_WAN.png,WOUX WAN,,,,,
13,1712401482548,06/04/2024 11:04:42,1712405082548,1,06/04/2024 13:04:42,139619,19,task-eihb,,36792468,BLIND,10848458,,complete,,66112a73422e0ff35144df5f,computer,Desktop or Laptop,Mac OS 10.15.7,Chrome 123.0.0.0,1512x982,1512x771,,,0,1i-3 A Training,4,,,1i-3,,,Pass,,1i-3 A Training,1i-3 A Training,2,Training02,TrainingB,2yfdu9,2,response,,9548.100000004473,9542.5,9548.100000004473,9548.100000004473,9542.5,9548.100000004473,1,9548.100000004473,0,0,,Click Response,Option A,4,object-245,1i-3,_,02,1i-3_02,1,Training02,40_BURYSNAPE,ASK,.png,40_BURYSNAPE_ASK.png,ZETH,WAN,40_BURYSNAPE_ZETH_WAN.png,,ZETH WAN,20_PULLSWORD_ASK.png,20_PULLSWORD_DOTS.png,WOUX WAN,ZETH WAN,ZETH WAN,WOUX WAN,20_PULLSWORD_WOUX_WAN.png,WOUX WAN,,,,,
14,1712401484719,06/04/2024 11:04:44,1712405084719,1,06/04/2024 13:04:44,139619,19,task-eihb,,36792468,BLIND,10848458,,complete,,66112a73422e0ff35144df5f,computer,Desktop or Laptop,Mac OS 10.15.7,Chrome 123.0.0.0,1512x982,1512x771,,,0,1i-3 A Training,4,,,1i-3,,,Pass,,1i-3 A Training,1i-3 A Training,2,Training02,TrainingC,1ouhhw,3,continue,,2176.800000000003,2169.800000000003,2176.800000000003,2176.800000000003,2169.800000000003,2176.800000000003,1,2176.800000000003,0,0,,Click To Continue,Continue Button,6,object-272,1i-3,_,02,1i-3_02,1,Training02,40_BURYSNAPE,ASK,.png,40_BURYSNAPE_ASK.png,ZETH,WAN,40_BURYSNAPE_ZETH_WAN.png,,ZETH WAN,20_PULLSWORD_ASK.png,20_PULLSWORD_DOTS.png,WOUX WAN,ZETH WAN,ZETH WAN,WOUX WAN,20_PULLSWORD_WOUX_WAN.png,WOUX WAN,,,,,
15,1712401494042,06/04/2024 11:04:54,1712405094042,1,06/04/2024 13:04:54,139619,19,task-eihb,,36792468,BLIND,10848458,,complete,,66112a73422e0ff35144df5f,computer,Desktop or Laptop,Mac OS 10.15.7,Chrome 123.0.0.0,1512x982,1512x771,,,0,1i-3 A Training,4,,,1i-3,,,Pass,,1i-3 A Training,1i-3 A Training,3,Training02,TrainingA,34efq7,1,response,FICH WUNG,5246.199999999997,9321.100000000006,9329.500000000015,5246.199999999997,9321.100000000006,9329.500000000015,1,5246.199999999997,4083.3000000000175,0,,Single Text Entry,TextResponseA,4,object-97,1i-3,_,01,1i-3_01,1,Training02,04_WHEEZES,ASK,.png,04_WHEEZES_ASK.png,FICH,WUNG,04_WHEEZES_FICH_WUNG.png,,FICH WUNG,05_AUROR_ASK.png,05_AUROR_DOTS.png,FICH WUNG,ZETH WAN,FICH WUNG,ZETH WAN,05_AUROR_ZETH_WAN.png,,ZETH WAN,,,,
16,1712401496885,06/04/2024 11:04:56,1712405096885,1,06/04/2024 13:04:56,139619,19,task-eihb,,36792468,BLIND,10848458,,complete,,66112a73422e0ff35144df5f,computer,Desktop or Laptop,Mac OS 10.15.7,Chrome 123.0.0.0,1512x982,1512x771,,,0,1i-3 A Training,4,,,1i-3,,,Pass,,1i-3 A Training,1i-3 A Training,3,Training02,TrainingB,2yfdu9,2,response,,2851.300000000003,2843,2851.300000000003,2851.300000000003,2843,2851.300000000003,1,2851.300000000003,0,0,,Click Response,Option B,5,object-246,1i-3,_,01,1i-3_01,1,Training02,04_WHEEZES,ASK,.png,04_WHEEZES_ASK.png,FICH,WUNG,04_WHEEZES_FICH_WUNG.png,,FICH WUNG,05_AUROR_ASK.png,05_AUROR_DOTS.png,FICH WUNG,ZETH WAN,FICH WUNG,ZETH WAN,05_AUROR_ZETH_WAN.png,,ZETH WAN,,,,
17,1712401499065,06/04/2024 11:04:59,1712405099065,1,06/04/2024 13:04:59,139619,19,task-eihb,,36792468,BLIND,10848458,,complete,,66112a73422e0ff35144df5f,computer,Desktop or Laptop,Mac OS 10.15.7,Chrome 123.0.0.0,1512x982,1512x771,,,0,1i-3 A Training,4,,,1i-3,,,Pass,,1i-3 A Training,1i-3 A Training,3,Training02,TrainingC,1ouhhw,3,continue,,2188.5000000014843,2183.399999999994,2188.5000000014843,2188.5000000014843,2183.399999999994,2188.5000000014843,1,2188.5000000014843,0,0,,Click To Continue,Continue Button,6,object-272,1i-3,_,01,1i-3_01,1,Training02,04_WHEEZES,ASK,.png,04_WHEEZES_ASK.png,FICH,WUNG,04_WHEEZES_FICH_WUNG.png,,FICH WUNG,05_AUROR_ASK.png,05_AUROR_DOTS.png,FICH WUNG,ZETH WAN,FICH WUNG,ZETH WAN,05_AUROR_ZETH_WAN.png,,ZETH WAN,,,,
18,1712401505991,06/04/2024 11:05:05,1712405105991,1,06/04/2024 13:05:05,139619,19,task-eihb,,36792468,BLIND,10848458,,complete,,66112a73422e0ff35144df5f,computer,Desktop or Laptop,Mac OS 10.15.7,Chrome 123.0.0.0,1512x982,1512x771,,,0,1i-3 A Training,4,,,1i-3,,,Pass,,1i-3 A Training,1i-3 A Training,4,Training02,TrainingA,34efq7,1,response,WOUX WAN,2907,6924.800000000003,6931.10000000149,2907,6924.800000000003,6931.10000000149,1,2907,4024.10000000149,0,,Single Text Entry,TextResponseA,4,object-97,1i-3,_,04,1i-3_04,1,Training02,35_PROPHET,ASK,.png,35_PROPHET_ASK.png,WOUX,WAN,35_PROPHET_WOUX_WAN.png,,WOUX WAN,40_BURYSNAPE_ASK.png,40_BURYSNAPE_DOTS.png,WOUX WAN,RUSP WIM,WOUX WAN,RUSP WIM,40_BURYSNAPE_RUSP_WIM.png,,RUSP WIM,,,,
19,1712401511081,06/04/2024 11:05:11,1712405111081,1,06/04/2024 13:05:11,139619,19,task-eihb,,36792468,BLIND,10848458,,complete,,66112a73422e0ff35144df5f,computer,Desktop or Laptop,Mac OS 10.15.7,Chrome 123.0.0.0,1512x982,1512x771,,,0,1i-3 A Training,4,,,1i-3,,,Pass,,1i-3 A Training,1i-3 A Training,4,Training02,TrainingB,2yfdu9,2,response,,5096.300000001487,5089.599999999991,5096.300000001487,5096.300000001487,5089.599999999991,5096.300000001487,1,5096.300000001487,0,0,,Click Response,Option B,5,object-246,1i-3,_,04,1i-3_04,1,Training02,35_PROPHET,ASK,.png,35_PROPHET_ASK.png,WOUX,WAN,35_PROPHET_WOUX_WAN.png,,WOUX WAN,40_BURYSNAPE_ASK.png,40_BURYSNAPE_DOTS.png,WOUX WAN,RUSP WIM,WOUX WAN,RUSP WIM,40_BURYSNAPE_RUSP_WIM.png,,RUSP WIM,,,,
20,1712401512837,06/04/2024 11:05:12,1712405112837,1,06/04/2024 13:05:12,139619,19,task-eihb,,36792468,BLIND,10848458,,complete,,66112a73422e0ff35144df5f,computer,Desktop or Laptop,Mac OS 10.15.7,Chrome 123.0.0.0,1512x982,1512x771,,,0,1i-3 A Training,4,,,1i-3,,,Pass,,1i-3 A Training,1i-3 A Training,4,Training02,TrainingC,1ouhhw,3,continue,,1762.9000000044762,1758.800000000003,1762.9000000044762,1762.9000000044762,1758.800000000003,1762.9000000044762,1,1762.9000000044762,0,0,,Click To Continue,Continue Button,6,object-272,1i-3,_,04,1i-3_04,1,Training02,35_PROPHET,ASK,.png,35_PROPHET_ASK.png,WOUX,WAN,35_PROPHET_WOUX_WAN.png,,WOUX WAN,40_BURYSNAPE_ASK.png,40_BURYSNAPE_DOTS.png,WOUX WAN,RUSP WIM,WOUX WAN,RUSP WIM,40_BURYSNAPE_RUSP_WIM.png,,RUSP WIM,,,,
21,1712401526004,06/04/2024 11:05:26,1712405126004,1,06/04/2024 13:05:26,139619,19,task-eihb,,36792468,BLIND,10848458,,complete,,66112a73422e0ff35144df5f,computer,Desktop or Laptop,Mac OS 10.15.7,Chrome 123.0.0.0,1512x982,1512x771,,,0,1i-3 A Training,4,,,1i-3,,,Pass,,1i-3 A Training,1i-3 A Training,5,Training02,TrainingA,34efq7,1,response,FICH WUNG,3609.300000000003,13167.600000000006,13171.400000001493,3609.300000000003,13167.600000000006,13171.400000001493,1,3609.300000000003,9562.10000000149,0,,Single Text Entry,TextResponseA,4,object-97,1i-3,_,05,1i-3_05,2,Training02,18_LIVEGODRIC,ASK,.png,18_LIVEGODRIC_ASK.png,FICH,WUNG,18_LIVEGODRIC_FICH_WUNG.png,,FICH WUNG,07_AZKABAN_ASK.png,07_AZKABAN_DOTS.png,FICH WUNG,RUSP WIM,FICH WUNG,RUSP WIM,07_AZKABAN_RUSP_WIM.png,,RUSP WIM,,,,
22,1712401533642,06/04/2024 11:05:33,1712405133642,1,06/04/2024 13:05:33,139619,19,task-eihb,,36792468,BLIND,10848458,,complete,,66112a73422e0ff35144df5f,computer,Desktop or Laptop,Mac OS 10.15.7,Chrome 123.0.0.0,1512x982,1512x771,,,0,1i-3 A Training,4,,,1i-3,,,Pass,,1i-3 A Training,1i-3 A Training,5,Training02,TrainingB,2yfdu9,2,response,,7641.300000001487,7639.199999999997,7641.300000001487,7641.300000001487,7639.199999999997,7641.300000001487,1,7641.300000001487,0,0,,Click Response,Option B,5,object-246,1i-3,_,05,1i-3_05,2,Training02,18_LIVEGODRIC,ASK,.png,18_LIVEGODRIC_ASK.png,FICH,WUNG,18_LIVEGODRIC_FICH_WUNG.png,,FICH WUNG,07_AZKABAN_ASK.png,07_AZKABAN_DOTS.png,FICH WUNG,RUSP WIM,FICH WUNG,RUSP WIM,07_AZKABAN_RUSP_WIM.png,,RUSP WIM,,,,
23,1712401536301,06/04/2024 11:05:36,1712405136301,1,06/04/2024 13:05:36,139619,19,task-eihb,,36792468,BLIND,10848458,,complete,,66112a73422e0ff35144df5f,computer,Desktop or Laptop,Mac OS 10.15.7,Chrome 123.0.0.0,1512x982,1512x771,,,0,1i-3 A Training,4,,,1i-3,,,Pass,,1i-3 A Training,1i-3 A Training,5,Training02,TrainingC,1ouhhw,3,continue,,2661.2000000029802,2660.199999999997,2661.2000000029802,2661.2000000029802,2660.199999999997,2661.2000000029802,1,2661.2000000029802,0,0,,Click To Continue,Continue Button,6,object-272,1i-3,_,05,1i-3_05,2,Training02,18_LIVEGODRIC,ASK,.png,18_LIVEGODRIC_ASK.png,FICH,WUNG,18_LIVEGODRIC_FICH_WUNG.png,,FICH WUNG,07_AZKABAN_ASK.png,07_AZKABAN_DOTS.png,FICH WUNG,RUSP WIM,FICH WUNG,RUSP WIM,07_AZKABAN_RUSP_WIM.png,,RUSP WIM,,,,
24,1712401548095,06/04/2024 11:05:48,1712405148095,1,06/04/2024 13:05:48,139619,19,task-eihb,,36792468,BLIND,10848458,,complete,,66112a73422e0ff35144df5f,computer,Desktop or Laptop,Mac OS 10.15.7,Chrome 123.0.0.0,1512x982,1512x771,,,0,1i-3 A Training,4,,,1i-3,,,Pass,,1i-3 A Training,1i-3 A Training,6,Training02,TrainingA,34efq7,1,response,RUSP WIM,7258,11791.500000000015,11795.400000001493,7258,11791.500000000015,11795.400000001493,1,7258,4537.400000001493,0,,Single Text Entry,TextResponseA,4,object-97,1i-3,_,07,1i-3_07,2,Training02,34_FANLETTERS,ASK,.png,34_FANLETTERS_ASK.png,RUSP,WIM,34_FANLETTERS_RUSP_WIM.png,,RUSP WIM,34_FANLETTERS_ASK.png,34_FANLETTERS_DOTS.png,RUSP WIM,WOUX WAN,RUSP WIM,WOUX WAN,34_FANLETTERS_WOUX_WAN.png,,WOUX WAN,,,,
25,1712401552489,06/04/2024 11:05:52,1712405152489,1,06/04/2024 13:05:52,139619,19,task-eihb,,36792468,BLIND,10848458,,complete,,66112a73422e0ff35144df5f,computer,Desktop or Laptop,Mac OS 10.15.7,Chrome 123.0.0.0,1512x982,1512x771,,,0,1i-3 A Training,4,,,1i-3,,,Pass,,1i-3 A Training,1i-3 A Training,6,Training02,TrainingB,2yfdu9,2,response,,4397.600000004459,4394.299999999988,4397.600000004459,4397.600000004459,4394.299999999988,4397.600000004459,1,4397.600000004459,0,0,,Click Response,Option A,4,object-245,1i-3,_,07,1i-3_07,2,Training02,34_FANLETTERS,ASK,.png,34_FANLETTERS_ASK.png,RUSP,WIM,34_FANLETTERS_RUSP_WIM.png,,RUSP WIM,34_FANLETTERS_ASK.png,34_FANLETTERS_DOTS.png,RUSP WIM,WOUX WAN,RUSP WIM,WOUX WAN,34_FANLETTERS_WOUX_WAN.png,,WOUX WAN,,,,
26,1712401559530,06/04/2024 11:05:59,1712405159530,1,06/04/2024 13:05:59,139619,19,task-eihb,,36792468,BLIND,10848458,,complete,,66112a73422e0ff35144df5f,computer,Desktop or Laptop,Mac OS 10.15.7,Chrome 123.0.0.0,1512x982,1512x771,,,0,1i-3 A Training,4,,,1i-3,,,Pass,,1i-3 A Training,1i-3 A Training,6,Training02,TrainingC,1ouhhw,3,continue,,7044.9000000059605,7041.299999999988,7044.9000000059605,7044.9000000059605,7041.299999999988,7044.9000000059605,1,7044.9000000059605,0,0,,Click To Continue,Continue Button,6,object-272,1i-3,_,07,1i-3_07,2,Training02,34_FANLETTERS,ASK,.png,34_FANLETTERS_ASK.png,RUSP,WIM,34_FANLETTERS_RUSP_WIM.png,,RUSP WIM,34_FANLETTERS_ASK.png,34_FANLETTERS_DOTS.png,RUSP WIM,WOUX WAN,RUSP WIM,WOUX WAN,34_FANLETTERS_WOUX_WAN.png,,WOUX WAN,,,,
27,1712401568862,06/04/2024 11:06:08,1712405168862,1,06/04/2024 13:06:08,139619,19,task-eihb,,36792468,BLIND,10848458,,complete,,66112a73422e0ff35144df5f,computer,Desktop or Laptop,Mac OS 10.15.7,Chrome 123.0.0.0,1512x982,1512x771,,,0,1i-3 A Training,4,,,1i-3,,,Pass,,1i-3 A Training,1i-3 A Training,7,Training02,TrainingA,34efq7,1,response,ZETH WAN,5930.8000000000175,9333.100000000006,9335.300000001502,5930.8000000000175,9333.100000000006,9335.300000001502,1,5930.8000000000175,3404.5000000014843,0,,Single Text Entry,TextResponseA,4,object-97,1i-3,_,06,1i-3_06,2,Training02,12_SKEETER,ASK,.png,12_SKEETER_ASK.png,ZETH,WAN,12_SKEETER_ZETH_WAN.png,,ZETH WAN,12_SKEETER_ASK.png,12_SKEETER_DOTS.png,FICH WUNG,ZETH WAN,ZETH WAN,FICH WUNG,12_SKEETER_FICH_WUNG.png,FICH WUNG,,,,,
28,1712401572566,06/04/2024 11:06:12,1712405172566,1,06/04/2024 13:06:12,139619,19,task-eihb,,36792468,BLIND,10848458,,complete,,66112a73422e0ff35144df5f,computer,Desktop or Laptop,Mac OS 10.15.7,Chrome 123.0.0.0,1512x982,1512x771,,,0,1i-3 A Training,4,,,1i-3,,,Pass,,1i-3 A Training,1i-3 A Training,7,Training02,TrainingB,2yfdu9,2,response,,3705.1999999999825,3697.5,3705.1999999999825,3705.1999999999825,3697.5,3705.1999999999825,1,3705.1999999999825,0,0,,Click Response,Option B,5,object-246,1i-3,_,06,1i-3_06,2,Training02,12_SKEETER,ASK,.png,12_SKEETER_ASK.png,ZETH,WAN,12_SKEETER_ZETH_WAN.png,,ZETH WAN,12_SKEETER_ASK.png,12_SKEETER_DOTS.png,FICH WUNG,ZETH WAN,ZETH WAN,FICH WUNG,12_SKEETER_FICH_WUNG.png,FICH WUNG,,,,,
29,1712401581589,06/04/2024 11:06:21,1712405181589,1,06/04/2024 13:06:21,139619,19,task-eihb,,36792468,BLIND,10848458,,complete,,66112a73422e0ff35144df5f,computer,Desktop or Laptop,Mac OS 10.15.7,Chrome 123.0.0.0,1512x982,1512x771,,,0,1i-3 A Training,4,,,1i-3,,,Pass,,1i-3 A Training,1i-3 A Training,7,Training02,TrainingC,1ouhhw,3,continue,,9031.900000004476,9029.800000000017,9031.900000004476,9031.900000004476,9029.800000000017,9031.900000004476,1,9031.900000004476,0,0,,Click To Continue,Continue Button,6,object-272,1i-3,_,06,1i-3_06,2,Training02,12_SKEETER,ASK,.png,12_SKEETER_ASK.png,ZETH,WAN,12_SKEETER_ZETH_WAN.png,,ZETH WAN,12_SKEETER_ASK.png,12_SKEETER_DOTS.png,FICH WUNG,ZETH WAN,ZETH WAN,FICH WUNG,12_SKEETER_FICH_WUNG.png,FICH WUNG,,,,,
30,1712401592765,06/04/2024 11:06:32,1712405192765,1,06/04/2024 13:06:32,139619,19,task-eihb,,36792468,BLIND,10848458,,complete,,66112a73422e0ff35144df5f,computer,Desktop or Laptop,Mac OS 10.15.7,Chrome 123.0.0.0,1512x982,1512x771,,,0,1i-3 A Training,4,,,1i-3,,,Pass,,1i-3 A Training,1i-3 A Training,8,Training02,TrainingA,34efq7,1,response,WOUX WAN,7373.399999999994,11175,11177.299999999988,7373.399999999994,11175,11177.299999999988,1,7373.399999999994,3803.899999999994,0,,Single Text Entry,TextResponseA,4,object-97,1i-3,_,08,1i-3_08,2,Training02,28_GALLEONS,ASK,.png,28_GALLEONS_ASK.png,WOUX,WAN,28_GALLEONS_WOUX_WAN.png,,WOUX WAN,39_STOPHAGRID_ASK.png,39_STOPHAGRID_DOTS.png,ZETH WAN,WOUX WAN,WOUX WAN,ZETH WAN,39_STOPHAGRID_ZETH_WAN.png,ZETH WAN,,,,,
31,1712401600040,06/04/2024 11:06:40,1712405200040,1,06/04/2024 13:06:40,139619,19,task-eihb,,36792468,BLIND,10848458,,complete,,66112a73422e0ff35144df5f,computer,Desktop or Laptop,Mac OS 10.15.7,Chrome 123.0.0.0,1512x982,1512x771,,,0,1i-3 A Training,4,,,1i-3,,,Pass,,1i-3 A Training,1i-3 A Training,8,Training02,TrainingB,2yfdu9,2,response,,7277.799999999988,7271.1999999999825,7277.799999999988,7277.799999999988,7271.1999999999825,7277.799999999988,1,7277.799999999988,0,0,,Click Response,Option A,4,object-245,1i-3,_,08,1i-3_08,2,Training02,28_GALLEONS,ASK,.png,28_GALLEONS_ASK.png,WOUX,WAN,28_GALLEONS_WOUX_WAN.png,,WOUX WAN,39_STOPHAGRID_ASK.png,39_STOPHAGRID_DOTS.png,ZETH WAN,WOUX WAN,WOUX WAN,ZETH WAN,39_STOPHAGRID_ZETH_WAN.png,ZETH WAN,,,,,
32,1712401605597,06/04/2024 11:06:45,1712405205597,1,06/04/2024 13:06:45,139619,19,task-eihb,,36792468,BLIND,10848458,,complete,,66112a73422e0ff35144df5f,computer,Desktop or Laptop,Mac OS 10.15.7,Chrome 123.0.0.0,1512x982,1512x771,,,0,1i-3 A Training,4,,,1i-3,,,Pass,,1i-3 A Training,1i-3 A Training,8,Training02,TrainingC,1ouhhw,3,continue,,5561.899999999994,5553.5,5561.899999999994,5561.899999999994,5553.5,5561.899999999994,1,5561.899999999994,0,0,,Click To Continue,Continue Button,6,object-272,1i-3,_,08,1i-3_08,2,Training02,28_GALLEONS,ASK,.png,28_GALLEONS_ASK.png,WOUX,WAN,28_GALLEONS_WOUX_WAN.png,,WOUX WAN,39_STOPHAGRID_ASK.png,39_STOPHAGRID_DOTS.png,ZETH WAN,WOUX WAN,WOUX WAN,ZETH WAN,39_STOPHAGRID_ZETH_WAN.png,ZETH WAN,,,,,
33,1712401613532,06/04/2024 11:06:53,1712405213532,1,06/04/2024 13:06:53,139619,19,task-eihb,,36792468,BLIND,10848458,,complete,,66112a73422e0ff35144df5f,computer,Desktop or Laptop,Mac OS 10.15.7,Chrome 123.0.0.0,1512x982,1512x771,,,0,1i-3 A Training,4,,,1i-3,,,Pass,,1i-3 A Training,1i-3 A Training,9,Training02,TrainingA,34efq7,1,response,ZETH WAN,3981.7000000000116,7938.399999999994,7945.200000001496,3981.7000000000116,7938.399999999994,7945.200000001496,1,3981.7000000000116,3963.5000000014843,0,,Single Text Entry,TextResponseA,4,object-97,1i-3,_,10,1i-3_10,3,Training02,19_BURYVOLDY,ASK,.png,19_BURYVOLDY_ASK.png,ZETH,WAN,19_BURYVOLDY_ZETH_WAN.png,,ZETH WAN,21_TEACHHOG_ASK.png,21_TEACHHOG_DOTS.png,ZETH WAN,RUSP WIM,ZETH WAN,RUSP WIM,21_TEACHHOG_RUSP_WIM.png,,RUSP WIM,,,,
34,1712401616360,06/04/2024 11:06:56,1712405216360,1,06/04/2024 13:06:56,139619,19,task-eihb,,36792468,BLIND,10848458,,complete,,66112a73422e0ff35144df5f,computer,Desktop or Laptop,Mac OS 10.15.7,Chrome 123.0.0.0,1512x982,1512x771,,,0,1i-3 A Training,4,,,1i-3,,,Pass,,1i-3 A Training,1i-3 A Training,9,Training02,TrainingB,2yfdu9,2,response,,2834.3000000015018,2827.4000000000233,2834.3000000015018,2834.3000000015018,2827.4000000000233,2834.3000000015018,1,2834.3000000015018,0,0,,Click Response,Option B,5,object-246,1i-3,_,10,1i-3_10,3,Training02,19_BURYVOLDY,ASK,.png,19_BURYVOLDY_ASK.png,ZETH,WAN,19_BURYVOLDY_ZETH_WAN.png,,ZETH WAN,21_TEACHHOG_ASK.png,21_TEACHHOG_DOTS.png,ZETH WAN,RUSP WIM,ZETH WAN,RUSP WIM,21_TEACHHOG_RUSP_WIM.png,,RUSP WIM,,,,
35,1712401620544,06/04/2024 11:07:00,1712405220544,1,06/04/2024 13:07:00,139619,19,task-eihb,,36792468,BLIND,10848458,,complete,,66112a73422e0ff35144df5f,computer,Desktop or Laptop,Mac OS 10.15.7,Chrome 123.0.0.0,1512x982,1512x771,,,0,1i-3 A Training,4,,,1i-3,,,Pass,,1i-3 A Training,1i-3 A Training,9,Training02,TrainingC,1ouhhw,3,continue,,4191.700000005949,4187.099999999977,4191.700000005949,4191.700000005949,4187.099999999977,4191.700000005949,1,4191.700000005949,0,0,,Click To Continue,Continue Button,6,object-272,1i-3,_,10,1i-3_10,3,Training02,19_BURYVOLDY,ASK,.png,19_BURYVOLDY_ASK.png,ZETH,WAN,19_BURYVOLDY_ZETH_WAN.png,,ZETH WAN,21_TEACHHOG_ASK.png,21_TEACHHOG_DOTS.png,ZETH WAN,RUSP WIM,ZETH WAN,RUSP WIM,21_TEACHHOG_RUSP_WIM.png,,RUSP WIM,,,,
36,1712401631629,06/04/2024 11:07:11,1712405231629,1,06/04/2024 13:07:11,139619,19,task-eihb,,36792468,BLIND,10848458,,complete,,66112a73422e0ff35144df5f,computer,Desktop or Laptop,Mac OS 10.15.7,Chrome 123.0.0.0,1512x982,1512x771,,,0,1i-3 A Training,4,,,1i-3,,,Pass,,1i-3 A Training,1i-3 A Training,10,Training02,TrainingA,34efq7,1,response,FICH WUNG,3711.2000000000116,11086.200000000012,11089.300000001502,3711.2000000000116,11086.200000000012,11089.300000001502,1,3711.2000000000116,7378.10000000149,0,,Single Text Entry,TextResponseA,4,object-97,1i-3,_,09,1i-3_09,3,Training02,32_QWC,ASK,.png,32_QWC_ASK.png,FICH,WUNG,32_QWC_FICH_WUNG.png,,FICH WUNG,13_QUIBBLER_ASK.png,13_QUIBBLER_DOTS.png,FICH WUNG,WOUX WAN,FICH WUNG,WOUX WAN,13_QUIBBLER_WOUX_WAN.png,,WOUX WAN,,,,
37,1712401637776,06/04/2024 11:07:17,1712405237776,1,06/04/2024 13:07:17,139619,19,task-eihb,,36792468,BLIND,10848458,,complete,,66112a73422e0ff35144df5f,computer,Desktop or Laptop,Mac OS 10.15.7,Chrome 123.0.0.0,1512x982,1512x771,,,0,1i-3 A Training,4,,,1i-3,,,Pass,,1i-3 A Training,1i-3 A Training,10,Training02,TrainingB,2yfdu9,2,response,,6150.20000000298,6149.899999999994,6150.20000000298,6150.20000000298,6149.899999999994,6150.20000000298,1,6150.20000000298,0,0,,Click Response,Option B,5,object-246,1i-3,_,09,1i-3_09,3,Training02,32_QWC,ASK,.png,32_QWC_ASK.png,FICH,WUNG,32_QWC_FICH_WUNG.png,,FICH WUNG,13_QUIBBLER_ASK.png,13_QUIBBLER_DOTS.png,FICH WUNG,WOUX WAN,FICH WUNG,WOUX WAN,13_QUIBBLER_WOUX_WAN.png,,WOUX WAN,,,,
38,1712401644149,06/04/2024 11:07:24,1712405244149,1,06/04/2024 13:07:24,139619,19,task-eihb,,36792468,BLIND,10848458,,complete,,66112a73422e0ff35144df5f,computer,Desktop or Laptop,Mac OS 10.15.7,Chrome 123.0.0.0,1512x982,1512x771,,,0,1i-3 A Training,4,,,1i-3,,,Pass,,1i-3 A Training,1i-3 A Training,10,Training02,TrainingC,1ouhhw,3,continue,,6373.800000002986,6371.5,6373.800000002986,6373.800000002986,6371.5,6373.800000002986,1,6373.800000002986,0,0,,Click To Continue,Continue Button,6,object-272,1i-3,_,09,1i-3_09,3,Training02,32_QWC,ASK,.png,32_QWC_ASK.png,FICH,WUNG,32_QWC_FICH_WUNG.png,,FICH WUNG,13_QUIBBLER_ASK.png,13_QUIBBLER_DOTS.png,FICH WUNG,WOUX WAN,FICH WUNG,WOUX WAN,13_QUIBBLER_WOUX_WAN.png,,WOUX WAN,,,,
39,1712401655901,06/04/2024 11:07:35,1712405255901,1,06/04/2024 13:07:35,139619,19,task-eihb,,36792468,BLIND,10848458,,complete,,66112a73422e0ff35144df5f,computer,Desktop or Laptop,Mac OS 10.15.7,Chrome 123.0.0.0,1512x982,1512x771,,,0,1i-3 A Training,4,,,1i-3,,,Pass,,1i-3 A Training,1i-3 A Training,11,Training02,TrainingA,34efq7,1,response,WOUX WAN,8277.100000000006,11743.899999999994,11751.799999999988,8277.100000000006,11743.899999999994,11751.799999999988,1,8277.100000000006,3474.6999999999825,0,,Single Text Entry,TextResponseA,4,object-97,1i-3,_,12,1i-3_12,3,Training02,14_MUNGOS,ASK,.png,14_MUNGOS_ASK.png,WOUX,WAN,14_MUNGOS_WOUX_WAN.png,,WOUX WAN,33_ROR_ASK.png,33_ROR_DOTS.png,FICH WUNG,WOUX WAN,WOUX WAN,FICH WUNG,33_ROR_FICH_WUNG.png,FICH WUNG,,,,,
40,1712401661258,06/04/2024 11:07:41,1712405261258,1,06/04/2024 13:07:41,139619,19,task-eihb,,36792468,BLIND,10848458,,complete,,66112a73422e0ff35144df5f,computer,Desktop or Laptop,Mac OS 10.15.7,Chrome 123.0.0.0,1512x982,1512x771,,,0,1i-3 A Training,4,,,1i-3,,,Pass,,1i-3 A Training,1i-3 A Training,11,Training02,TrainingB,2yfdu9,2,response,,5366.900000002992,5364.400000000023,5366.900000002992,5366.900000002992,5364.400000000023,5366.900000002992,1,5366.900000002992,0,0,,Click Response,Option A,4,object-245,1i-3,_,12,1i-3_12,3,Training02,14_MUNGOS,ASK,.png,14_MUNGOS_ASK.png,WOUX,WAN,14_MUNGOS_WOUX_WAN.png,,WOUX WAN,33_ROR_ASK.png,33_ROR_DOTS.png,FICH WUNG,WOUX WAN,WOUX WAN,FICH WUNG,33_ROR_FICH_WUNG.png,FICH WUNG,,,,,
41,1712401664236,06/04/2024 11:07:44,1712405264236,1,06/04/2024 13:07:44,139619,19,task-eihb,,36792468,BLIND,10848458,,complete,,66112a73422e0ff35144df5f,computer,Desktop or Laptop,Mac OS 10.15.7,Chrome 123.0.0.0,1512x982,1512x771,,,0,1i-3 A Training,4,,,1i-3,,,Pass,,1i-3 A Training,1i-3 A Training,11,Training02,TrainingC,1ouhhw,3,continue,,2981.0000000029686,2978.2999999999884,2981.0000000029686,2981.0000000029686,2978.2999999999884,2981.0000000029686,1,2981.0000000029686,0,0,,Click To Continue,Continue Button,6,object-272,1i-3,_,12,1i-3_12,3,Training02,14_MUNGOS,ASK,.png,14_MUNGOS_ASK.png,WOUX,WAN,14_MUNGOS_WOUX_WAN.png,,WOUX WAN,33_ROR_ASK.png,33_ROR_DOTS.png,FICH WUNG,WOUX WAN,WOUX WAN,FICH WUNG,33_ROR_FICH_WUNG.png,FICH WUNG,,,,,
42,1712401675959,06/04/2024 11:07:55,1712405275959,1,06/04/2024 13:07:55,139619,19,task-eihb,,36792468,BLIND,10848458,,complete,,66112a73422e0ff35144df5f,computer,Desktop or Laptop,Mac OS 10.15.7,Chrome 123.0.0.0,1512x982,1512x771,,,0,1i-3 A Training,4,,,1i-3,,,Pass,,1i-3 A Training,1i-3 A Training,12,Training02,TrainingA,34efq7,1,response,RUSP WIM,5423.399999999994,11715.399999999994,11723.699999999983,5423.399999999994,11715.399999999994,11723.699999999983,1,5423.399999999994,6300.299999999988,0,,Single Text Entry,TextResponseA,4,object-97,1i-3,_,11,1i-3_11,3,Training02,27_BESTSELLER,ASK,.png,27_BESTSELLER_ASK.png,RUSP,WIM,27_BESTSELLER_RUSP_WIM.png,,RUSP WIM,25_PROSECUTE_ASK.png,25_PROSECUTE_DOTS.png,ZETH WAN,RUSP WIM,RUSP WIM,ZETH WAN,25_PROSECUTE_ZETH_WAN.png,ZETH WAN,,,,,
43,1712401679928,06/04/2024 11:07:59,1712405279928,1,06/04/2024 13:07:59,139619,19,task-eihb,,36792468,BLIND,10848458,,complete,,66112a73422e0ff35144df5f,computer,Desktop or Laptop,Mac OS 10.15.7,Chrome 123.0.0.0,1512x982,1512x771,,,0,1i-3 A Training,4,,,1i-3,,,Pass,,1i-3 A Training,1i-3 A Training,12,Training02,TrainingB,2yfdu9,2,response,,3979.0000000059663,3972.600000000006,3979.0000000059663,3979.0000000059663,3972.600000000006,3979.0000000059663,1,3979.0000000059663,0,0,,Click Response,Option A,4,object-245,1i-3,_,11,1i-3_11,3,Training02,27_BESTSELLER,ASK,.png,27_BESTSELLER_ASK.png,RUSP,WIM,27_BESTSELLER_RUSP_WIM.png,,RUSP WIM,25_PROSECUTE_ASK.png,25_PROSECUTE_DOTS.png,ZETH WAN,RUSP WIM,RUSP WIM,ZETH WAN,25_PROSECUTE_ZETH_WAN.png,ZETH WAN,,,,,
44,1712401683887,06/04/2024 11:08:03,1712405283887,1,06/04/2024 13:08:03,139619,19,task-eihb,,36792468,BLIND,10848458,,complete,,66112a73422e0ff35144df5f,computer,Desktop or Laptop,Mac OS 10.15.7,Chrome 123.0.0.0,1512x982,1512x771,,,0,1i-3 A Training,4,,,1i-3,,,Pass,,1i-3 A Training,1i-3 A Training,12,Training02,TrainingC,1ouhhw,3,continue,,3965.7000000029802,3962.5,3965.7000000029802,3965.7000000029802,3962.5,3965.7000000029802,1,3965.7000000029802,0,0,,Click To Continue,Continue Button,6,object-272,1i-3,_,11,1i-3_11,3,Training02,27_BESTSELLER,ASK,.png,27_BESTSELLER_ASK.png,RUSP,WIM,27_BESTSELLER_RUSP_WIM.png,,RUSP WIM,25_PROSECUTE_ASK.png,25_PROSECUTE_DOTS.png,ZETH WAN,RUSP WIM,RUSP WIM,ZETH WAN,25_PROSECUTE_ZETH_WAN.png,ZETH WAN,,,,,
45,1712401692175,06/04/2024 11:08:12,1712405292175,1,06/04/2024 13:08:12,139619,19,task-eihb,,36792468,BLIND,10848458,,complete,,66112a73422e0ff35144df5f,computer,Desktop or Laptop,Mac OS 10.15.7,Chrome 123.0.0.0,1512x982,1512x771,,,0,1i-3 A Training,4,,,1i-3,,,Pass,,1i-3 A Training,1i-3 A Training,13,Training02,TrainingA,34efq7,1,response,ZETH WAN,3656,8289.5,8291,3656,8289.5,8291,1,3656,4635,0,,Single Text Entry,TextResponseA,4,object-97,1i-3,_,14,1i-3_14,4,Training02,33_ROR,ASK,.png,33_ROR_ASK.png,ZETH,WAN,33_ROR_ZETH_WAN.png,,ZETH WAN,19_BURYVOLDY_ASK.png,19_BURYVOLDY_DOTS.png,ZETH WAN,WOUX WAN,ZETH WAN,WOUX WAN,19_BURYVOLDY_WOUX_WAN.png,,WOUX WAN,,,,
46,1712401698911,06/04/2024 11:08:18,1712405298911,1,06/04/2024 13:08:18,139619,19,task-eihb,,36792468,BLIND,10848458,,complete,,66112a73422e0ff35144df5f,computer,Desktop or Laptop,Mac OS 10.15.7,Chrome 123.0.0.0,1512x982,1512x771,,,0,1i-3 A Training,4,,,1i-3,,,Pass,,1i-3 A Training,1i-3 A Training,13,Training02,TrainingB,2yfdu9,2,response,,6737,6732.700000000012,6737,6737,6732.700000000012,6737,1,6737,0,0,,Click Response,Option B,5,object-246,1i-3,_,14,1i-3_14,4,Training02,33_ROR,ASK,.png,33_ROR_ASK.png,ZETH,WAN,33_ROR_ZETH_WAN.png,,ZETH WAN,19_BURYVOLDY_ASK.png,19_BURYVOLDY_DOTS.png,ZETH WAN,WOUX WAN,ZETH WAN,WOUX WAN,19_BURYVOLDY_WOUX_WAN.png,,WOUX WAN,,,,
47,1712401700276,06/04/2024 11:08:20,1712405300276,1,06/04/2024 13:08:20,139619,19,task-eihb,,36792468,BLIND,10848458,,complete,,66112a73422e0ff35144df5f,computer,Desktop or Laptop,Mac OS 10.15.7,Chrome 123.0.0.0,1512x982,1512x771,,,0,1i-3 A Training,4,,,1i-3,,,Pass,,1i-3 A Training,1i-3 A Training,13,Training02,TrainingC,1ouhhw,3,continue,,1369.6000000044587,1368.5,1369.6000000044587,1369.6000000044587,1368.5,1369.6000000044587,1,1369.6000000044587,0,0,,Click To Continue,Continue Button,6,object-272,1i-3,_,14,1i-3_14,4,Training02,33_ROR,ASK,.png,33_ROR_ASK.png,ZETH,WAN,33_ROR_ZETH_WAN.png,,ZETH WAN,19_BURYVOLDY_ASK.png,19_BURYVOLDY_DOTS.png,ZETH WAN,WOUX WAN,ZETH WAN,WOUX WAN,19_BURYVOLDY_WOUX_WAN.png,,WOUX WAN,,,,
48,1712401711602,06/04/2024 11:08:31,1712405311602,1,06/04/2024 13:08:31,139619,19,task-eihb,,36792468,BLIND,10848458,,complete,,66112a73422e0ff35144df5f,computer,Desktop or Laptop,Mac OS 10.15.7,Chrome 123.0.0.0,1512x982,1512x771,,,0,1i-3 A Training,4,,,1i-3,,,Pass,,1i-3 A Training,1i-3 A Training,14,Training02,TrainingA,34efq7,1,response,RUSP WIM,6356.899999999965,11323.5,11327.500000002969,6356.899999999965,11323.5,11327.500000002969,1,6356.899999999965,4970.6000000030035,0,,Single Text Entry,TextResponseA,4,object-97,1i-3,_,15,1i-3_15,4,Training02,06_MOM,ASK,.png,06_MOM_ASK.png,RUSP,WIM,06_MOM_RUSP_WIM.png,,RUSP WIM,26_ERISED_ASK.png,26_ERISED_DOTS.png,RUSP WIM,FICH WUNG,RUSP WIM,FICH WUNG,26_ERISED_FICH_WUNG.png,,FICH WUNG,,,,
49,1712401723682,06/04/2024 11:08:43,1712405323682,1,06/04/2024 13:08:43,139619,19,task-eihb,,36792468,BLIND,10848458,,complete,,66112a73422e0ff35144df5f,computer,Desktop or Laptop,Mac OS 10.15.7,Chrome 123.0.0.0,1512x982,1512x771,,,0,1i-3 A Training,4,,,1i-3,,,Pass,,1i-3 A Training,1i-3 A Training,14,Training02,TrainingB,2yfdu9,2,response,,12083.600000004459,12078.700000000012,12083.600000004459,12083.600000004459,12078.700000000012,12083.600000004459,1,12083.600000004459,0,0,,Click Response,Option A,4,object-245,1i-3,_,15,1i-3_15,4,Training02,06_MOM,ASK,.png,06_MOM_ASK.png,RUSP,WIM,06_MOM_RUSP_WIM.png,,RUSP WIM,26_ERISED_ASK.png,26_ERISED_DOTS.png,RUSP WIM,FICH WUNG,RUSP WIM,FICH WUNG,26_ERISED_FICH_WUNG.png,,FICH WUNG,,,,
50,1712401728825,06/04/2024 11:08:48,1712405328825,1,06/04/2024 13:08:48,139619,19,task-eihb,,36792468,BLIND,10848458,,complete,,66112a73422e0ff35144df5f,computer,Desktop or Laptop,Mac OS 10.15.7,Chrome 123.0.0.0,1512x982,1512x771,,,0,1i-3 A Training,4,,,1i-3,,,Pass,,1i-3 A Training,1i-3 A Training,14,Training02,TrainingC,1ouhhw,3,continue,,5147.800000002957,5142.099999999977,5147.800000002957,5147.800000002957,5142.099999999977,5147.800000002957,1,5147.800000002957,0,0,,Click To Continue,Continue Button,6,object-272,1i-3,_,15,1i-3_15,4,Training02,06_MOM,ASK,.png,06_MOM_ASK.png,RUSP,WIM,06_MOM_RUSP_WIM.png,,RUSP WIM,26_ERISED_ASK.png,26_ERISED_DOTS.png,RUSP WIM,FICH WUNG,RUSP WIM,FICH WUNG,26_ERISED_FICH_WUNG.png,,FICH WUNG,,,,
51,1712401738426,06/04/2024 11:08:58,1712405338426,1,06/04/2024 13:08:58,139619,19,task-eihb,,36792468,BLIND,10848458,,complete,,66112a73422e0ff35144df5f,computer,Desktop or Laptop,Mac OS 10.15.7,Chrome 123.0.0.0,1512x982,1512x771,,,0,1i-3 A Training,4,,,1i-3,,,Pass,,1i-3 A Training,1i-3 A Training,15,Training02,TrainingA,34efq7,1,response,WOUX WAN,5287.400000000023,9604,9607.20000000298,5287.400000000023,9604,9607.20000000298,1,5287.400000000023,4319.800000002957,0,,Single Text Entry,TextResponseA,4,object-97,1i-3,_,16,1i-3_16,4,Training02,42_ENGLAND,ASK,.png,42_ENGLAND_ASK.png,WOUX,WAN,42_ENGLAND_WOUX_WAN.png,,WOUX WAN,41_PIXIE_ASK.png,41_PIXIE_DOTS.png,RUSP WIM,WOUX WAN,WOUX WAN,RUSP WIM,41_PIXIE_RUSP_WIM.png,RUSP WIM,,,,,
52,1712401744536,06/04/2024 11:09:04,1712405344536,1,06/04/2024 13:09:04,139619,19,task-eihb,,36792468,BLIND,10848458,,complete,,66112a73422e0ff35144df5f,computer,Desktop or Laptop,Mac OS 10.15.7,Chrome 123.0.0.0,1512x982,1512x771,,,0,1i-3 A Training,4,,,1i-3,,,Pass,,1i-3 A Training,1i-3 A Training,15,Training02,TrainingB,2yfdu9,2,response,,6113.4000000059605,6111.299999999988,6113.4000000059605,6113.4000000059605,6111.299999999988,6113.4000000059605,1,6113.4000000059605,0,0,,Click Response,Option A,4,object-245,1i-3,_,16,1i-3_16,4,Training02,42_ENGLAND,ASK,.png,42_ENGLAND_ASK.png,WOUX,WAN,42_ENGLAND_WOUX_WAN.png,,WOUX WAN,41_PIXIE_ASK.png,41_PIXIE_DOTS.png,RUSP WIM,WOUX WAN,WOUX WAN,RUSP WIM,41_PIXIE_RUSP_WIM.png,RUSP WIM,,,,,
53,1712401747842,06/04/2024 11:09:07,1712405347842,1,06/04/2024 13:09:07,139619,19,task-eihb,,36792468,BLIND,10848458,,complete,,66112a73422e0ff35144df5f,computer,Desktop or Laptop,Mac OS 10.15.7,Chrome 123.0.0.0,1512x982,1512x771,,,0,1i-3 A Training,4,,,1i-3,,,Pass,,1i-3 A Training,1i-3 A Training,15,Training02,TrainingC,1ouhhw,3,continue,,3307.7000000000116,3305.100000000035,3307.7000000000116,3307.7000000000116,3305.100000000035,3307.7000000000116,1,3307.7000000000116,0,0,,Click To Continue,Continue Button,6,object-272,1i-3,_,16,1i-3_16,4,Training02,42_ENGLAND,ASK,.png,42_ENGLAND_ASK.png,WOUX,WAN,42_ENGLAND_WOUX_WAN.png,,WOUX WAN,41_PIXIE_ASK.png,41_PIXIE_DOTS.png,RUSP WIM,WOUX WAN,WOUX WAN,RUSP WIM,41_PIXIE_RUSP_WIM.png,RUSP WIM,,,,,
54,1712401757089,06/04/2024 11:09:17,1712405357089,1,06/04/2024 13:09:17,139619,19,task-eihb,,36792468,BLIND,10848458,,complete,,66112a73422e0ff35144df5f,computer,Desktop or Laptop,Mac OS 10.15.7,Chrome 123.0.0.0,1512x982,1512x771,,,0,1i-3 A Training,4,,,1i-3,,,Pass,,1i-3 A Training,1i-3 A Training,16,Training02,TrainingA,34efq7,1,response,FICH WUNG,5550,9241.699999999953,9250.099999999919,5550,9241.699999999953,9250.099999999919,1,5550,3700.0999999999185,0,,Single Text Entry,TextResponseA,4,object-97,1i-3,_,13,1i-3_13,4,Training02,11_RONWAND,ASK,.png,11_RONWAND_ASK.png,FICH,WUNG,11_RONWAND_FICH_WUNG.png,,FICH WUNG,06_MOM_ASK.png,06_MOM_DOTS.png,ZETH WAN,FICH WUNG,FICH WUNG,ZETH WAN,06_MOM_ZETH_WAN.png,ZETH WAN,,,,,
55,1712401762300,06/04/2024 11:09:22,1712405362300,1,06/04/2024 13:09:22,139619,19,task-eihb,,36792468,BLIND,10848458,,complete,,66112a73422e0ff35144df5f,computer,Desktop or Laptop,Mac OS 10.15.7,Chrome 123.0.0.0,1512x982,1512x771,,,0,1i-3 A Training,4,,,1i-3,,,Pass,,1i-3 A Training,1i-3 A Training,16,Training02,TrainingB,2yfdu9,2,response,,5218.900000000023,5216.400000000023,5218.900000000023,5218.900000000023,5216.400000000023,5218.900000000023,1,5218.900000000023,0,0,,Click Response,Option A,4,object-245,1i-3,_,13,1i-3_13,4,Training02,11_RONWAND,ASK,.png,11_RONWAND_ASK.png,FICH,WUNG,11_RONWAND_FICH_WUNG.png,,FICH WUNG,06_MOM_ASK.png,06_MOM_DOTS.png,ZETH WAN,FICH WUNG,FICH WUNG,ZETH WAN,06_MOM_ZETH_WAN.png,ZETH WAN,,,,,
56,1712401764511,06/04/2024 11:09:24,1712405364511,1,06/04/2024 13:09:24,139619,19,task-eihb,,36792468,BLIND,10848458,,complete,,66112a73422e0ff35144df5f,computer,Desktop or Laptop,Mac OS 10.15.7,Chrome 123.0.0.0,1512x982,1512x771,,,0,1i-3 A Training,4,,,1i-3,,,Pass,,1i-3 A Training,1i-3 A Training,16,Training02,TrainingC,1ouhhw,3,continue,,2214,2208.4000000000233,2214,2214,2208.4000000000233,2214,1,2214,0,0,,Click To Continue,Continue Button,6,object-272,1i-3,_,13,1i-3_13,4,Training02,11_RONWAND,ASK,.png,11_RONWAND_ASK.png,FICH,WUNG,11_RONWAND_FICH_WUNG.png,,FICH WUNG,06_MOM_ASK.png,06_MOM_DOTS.png,ZETH WAN,FICH WUNG,FICH WUNG,ZETH WAN,06_MOM_ZETH_WAN.png,ZETH WAN,,,,,
57,1712401770283,06/04/2024 11:09:30,1712405370283,1,06/04/2024 13:09:30,139619,19,task-eihb,,36792468,BLIND,10848458,,complete,,66112a73422e0ff35144df5f,computer,Desktop or Laptop,Mac OS 10.15.7,Chrome 123.0.0.0,1512x982,1512x771,,,0,1i-3 A Training,4,,,1i-3,,,Pass,,1i-3 A Training,1i-3 A Training,17,Training02,TrainingA,34efq7,1,response,FICH WUNG,3532.5999999999767,5776.299999999988,5777.200000001467,3532.5999999999767,5776.299999999988,5777.200000001467,1,3532.5999999999767,2244.60000000149,0,,Single Text Entry,TextResponseA,4,object-97,1i-3,_,17,1i-3_17,5,Training02,25_PROSECUTE,ASK,.png,25_PROSECUTE_ASK.png,FICH,WUNG,25_PROSECUTE_FICH_WUNG.png,,FICH WUNG,04_WHEEZES_ASK.png,04_WHEEZES_DOTS.png,RUSP WIM,FICH WUNG,FICH WUNG,RUSP WIM,04_WHEEZES_RUSP_WIM.png,RUSP WIM,,,,,
58,1712401778232,06/04/2024 11:09:38,1712405378232,1,06/04/2024 13:09:38,139619,19,task-eihb,,36792468,BLIND,10848458,,complete,,66112a73422e0ff35144df5f,computer,Desktop or Laptop,Mac OS 10.15.7,Chrome 123.0.0.0,1512x982,1512x771,,,0,1i-3 A Training,4,,,1i-3,,,Pass,,1i-3 A Training,1i-3 A Training,17,Training02,TrainingB,2yfdu9,2,response,,7949.600000000035,7941.200000000012,7949.600000000035,7949.600000000035,7941.200000000012,7949.600000000035,1,7949.600000000035,0,0,,Click Response,Option A,4,object-245,1i-3,_,17,1i-3_17,5,Training02,25_PROSECUTE,ASK,.png,25_PROSECUTE_ASK.png,FICH,WUNG,25_PROSECUTE_FICH_WUNG.png,,FICH WUNG,04_WHEEZES_ASK.png,04_WHEEZES_DOTS.png,RUSP WIM,FICH WUNG,FICH WUNG,RUSP WIM,04_WHEEZES_RUSP_WIM.png,RUSP WIM,,,,,
59,1712401780007,06/04/2024 11:09:40,1712405380007,1,06/04/2024 13:09:40,139619,19,task-eihb,,36792468,BLIND,10848458,,complete,,66112a73422e0ff35144df5f,computer,Desktop or Laptop,Mac OS 10.15.7,Chrome 123.0.0.0,1512x982,1512x771,,,0,1i-3 A Training,4,,,1i-3,,,Pass,,1i-3 A Training,1i-3 A Training,17,Training02,TrainingC,1ouhhw,3,continue,,1783.2000000014668,1780.6999999999534,1783.2000000014668,1783.2000000014668,1780.6999999999534,1783.2000000014668,1,1783.2000000014668,0,0,,Click To Continue,Continue Button,6,object-272,1i-3,_,17,1i-3_17,5,Training02,25_PROSECUTE,ASK,.png,25_PROSECUTE_ASK.png,FICH,WUNG,25_PROSECUTE_FICH_WUNG.png,,FICH WUNG,04_WHEEZES_ASK.png,04_WHEEZES_DOTS.png,RUSP WIM,FICH WUNG,FICH WUNG,RUSP WIM,04_WHEEZES_RUSP_WIM.png,RUSP WIM,,,,,
60,1712401785451,06/04/2024 11:09:45,1712405385451,1,06/04/2024 13:09:45,139619,19,task-eihb,,36792468,BLIND,10848458,,complete,,66112a73422e0ff35144df5f,computer,Desktop or Laptop,Mac OS 10.15.7,Chrome 123.0.0.0,1512x982,1512x771,,,0,1i-3 A Training,4,,,1i-3,,,Pass,,1i-3 A Training,1i-3 A Training,18,Training02,TrainingA,34efq7,1,response,ZETH WAN,2570.5,5445.600000000035,5446.800000005984,2570.5,5445.600000000035,5446.800000005984,1,2570.5,2876.3000000059837,0,,Single Text Entry,TextResponseA,4,object-97,1i-3,_,18,1i-3_18,5,Training02,05_AUROR,ASK,.png,05_AUROR_ASK.png,ZETH,WAN,05_AUROR_ZETH_WAN.png,,ZETH WAN,11_RONWAND_ASK.png,11_RONWAND_DOTS.png,ZETH WAN,FICH WUNG,ZETH WAN,FICH WUNG,11_RONWAND_FICH_WUNG.png,,FICH WUNG,,,,
61,1712401789844,06/04/2024 11:09:49,1712405389844,1,06/04/2024 13:09:49,139619,19,task-eihb,,36792468,BLIND,10848458,,complete,,66112a73422e0ff35144df5f,computer,Desktop or Laptop,Mac OS 10.15.7,Chrome 123.0.0.0,1512x982,1512x771,,,0,1i-3 A Training,4,,,1i-3,,,Pass,,1i-3 A Training,1i-3 A Training,18,Training02,TrainingB,2yfdu9,2,response,,4394.500000002969,4386.899999999965,4394.500000002969,4394.500000002969,4386.899999999965,4394.500000002969,1,4394.500000002969,0,0,,Click Response,Option B,5,object-246,1i-3,_,18,1i-3_18,5,Training02,05_AUROR,ASK,.png,05_AUROR_ASK.png,ZETH,WAN,05_AUROR_ZETH_WAN.png,,ZETH WAN,11_RONWAND_ASK.png,11_RONWAND_DOTS.png,ZETH WAN,FICH WUNG,ZETH WAN,FICH WUNG,11_RONWAND_FICH_WUNG.png,,FICH WUNG,,,,
62,1712401791903,06/04/2024 11:09:51,1712405391903,1,06/04/2024 13:09:51,139619,19,task-eihb,,36792468,BLIND,10848458,,complete,,66112a73422e0ff35144df5f,computer,Desktop or Laptop,Mac OS 10.15.7,Chrome 123.0.0.0,1512x982,1512x771,,,0,1i-3 A Training,4,,,1i-3,,,Pass,,1i-3 A Training,1i-3 A Training,18,Training02,TrainingC,1ouhhw,3,continue,,2066.500000000058,2058.600000000035,2066.500000000058,2066.500000000058,2058.600000000035,2066.500000000058,1,2066.500000000058,0,0,,Click To Continue,Continue Button,6,object-272,1i-3,_,18,1i-3_18,5,Training02,05_AUROR,ASK,.png,05_AUROR_ASK.png,ZETH,WAN,05_AUROR_ZETH_WAN.png,,ZETH WAN,11_RONWAND_ASK.png,11_RONWAND_DOTS.png,ZETH WAN,FICH WUNG,ZETH WAN,FICH WUNG,11_RONWAND_FICH_WUNG.png,,FICH WUNG,,,,
63,1712401797253,06/04/2024 11:09:57,1712405397253,1,06/04/2024 13:09:57,139619,19,task-eihb,,36792468,BLIND,10848458,,complete,,66112a73422e0ff35144df5f,computer,Desktop or Laptop,Mac OS 10.15.7,Chrome 123.0.0.0,1512x982,1512x771,,,0,1i-3 A Training,4,,,1i-3,,,Pass,,1i-3 A Training,1i-3 A Training,19,Training02,TrainingA,34efq7,1,response,WOUX WAN,2936.0999999999767,5352.5,5357.700000005949,2936.0999999999767,5352.5,5357.700000005949,1,2936.0999999999767,2421.600000005972,0,,Single Text Entry,TextResponseA,4,object-97,1i-3,_,20,1i-3_20,5,Training02,21_TEACHHOG,ASK,.png,21_TEACHHOG_ASK.png,WOUX,WAN,21_TEACHHOG_WOUX_WAN.png,,WOUX WAN,42_ENGLAND_ASK.png,42_ENGLAND_DOTS.png,WOUX WAN,ZETH WAN,WOUX WAN,ZETH WAN,42_ENGLAND_ZETH_WAN.png,,ZETH WAN,,,,
64,1712401800553,06/04/2024 11:10:00,1712405400553,1,06/04/2024 13:10:00,139619,19,task-eihb,,36792468,BLIND,10848458,,complete,,66112a73422e0ff35144df5f,computer,Desktop or Laptop,Mac OS 10.15.7,Chrome 123.0.0.0,1512x982,1512x771,,,0,1i-3 A Training,4,,,1i-3,,,Pass,,1i-3 A Training,1i-3 A Training,19,Training02,TrainingB,2yfdu9,2,response,,3304.9000000014785,3300.399999999965,3304.9000000014785,3304.9000000014785,3300.399999999965,3304.9000000014785,1,3304.9000000014785,0,0,,Click Response,Option A,4,object-245,1i-3,_,20,1i-3_20,5,Training02,21_TEACHHOG,ASK,.png,21_TEACHHOG_ASK.png,WOUX,WAN,21_TEACHHOG_WOUX_WAN.png,,WOUX WAN,42_ENGLAND_ASK.png,42_ENGLAND_DOTS.png,WOUX WAN,ZETH WAN,WOUX WAN,ZETH WAN,42_ENGLAND_ZETH_WAN.png,,ZETH WAN,,,,
65,1712401810406,06/04/2024 11:10:10,1712405410406,1,06/04/2024 13:10:10,139619,19,task-eihb,,36792468,BLIND,10848458,,complete,,66112a73422e0ff35144df5f,computer,Desktop or Laptop,Mac OS 10.15.7,Chrome 123.0.0.0,1512x982,1512x771,,,0,1i-3 A Training,4,,,1i-3,,,Pass,,1i-3 A Training,1i-3 A Training,19,Training02,TrainingC,1ouhhw,3,continue,,9858.600000003004,9854.200000000012,9858.600000003004,9858.600000003004,9854.200000000012,9858.600000003004,1,9858.600000003004,0,0,,Click To Continue,Continue Button,6,object-272,1i-3,_,20,1i-3_20,5,Training02,21_TEACHHOG,ASK,.png,21_TEACHHOG_ASK.png,WOUX,WAN,21_TEACHHOG_WOUX_WAN.png,,WOUX WAN,42_ENGLAND_ASK.png,42_ENGLAND_DOTS.png,WOUX WAN,ZETH WAN,WOUX WAN,ZETH WAN,42_ENGLAND_ZETH_WAN.png,,ZETH WAN,,,,
66,1712401819779,06/04/2024 11:10:19,1712405419779,1,06/04/2024 13:10:19,139619,19,task-eihb,,36792468,BLIND,10848458,,complete,,66112a73422e0ff35144df5f,computer,Desktop or Laptop,Mac OS 10.15.7,Chrome 123.0.0.0,1512x982,1512x771,,,0,1i-3 A Training,4,,,1i-3,,,Pass,,1i-3 A Training,1i-3 A Training,20,Training02,TrainingA,34efq7,1,response,RUSP WIM,3695.2000000000116,9370.299999999988,9376.900000002992,3695.2000000000116,9370.299999999988,9376.900000002992,1,3695.2000000000116,5681.70000000298,0,,Single Text Entry,TextResponseA,4,object-97,1i-3,_,19,1i-3_19,5,Training02,41_PIXIE,ASK,.png,41_PIXIE_ASK.png,RUSP,WIM,41_PIXIE_RUSP_WIM.png,,RUSP WIM,35_PROPHET_ASK.png,35_PROPHET_DOTS.png,WOUX WAN,RUSP WIM,RUSP WIM,WOUX WAN,35_PROPHET_WOUX_WAN.png,WOUX WAN,,,,,
67,1712401828932,06/04/2024 11:10:28,1712405428932,1,06/04/2024 13:10:28,139619,19,task-eihb,,36792468,BLIND,10848458,,complete,,66112a73422e0ff35144df5f,computer,Desktop or Laptop,Mac OS 10.15.7,Chrome 123.0.0.0,1512x982,1512x771,,,0,1i-3 A Training,4,,,1i-3,,,Pass,,1i-3 A Training,1i-3 A Training,20,Training02,TrainingB,2yfdu9,2,response,,9159.400000000023,9155.600000000035,9159.400000000023,9159.400000000023,9155.600000000035,9159.400000000023,1,9159.400000000023,0,0,,Click Response,Option A,4,object-245,1i-3,_,19,1i-3_19,5,Training02,41_PIXIE,ASK,.png,41_PIXIE_ASK.png,RUSP,WIM,41_PIXIE_RUSP_WIM.png,,RUSP WIM,35_PROPHET_ASK.png,35_PROPHET_DOTS.png,WOUX WAN,RUSP WIM,RUSP WIM,WOUX WAN,35_PROPHET_WOUX_WAN.png,WOUX WAN,,,,,
68,1712401829961,06/04/2024 11:10:29,1712405429961,1,06/04/2024 13:10:29,139619,19,task-eihb,,36792468,BLIND,10848458,,complete,,66112a73422e0ff35144df5f,computer,Desktop or Laptop,Mac OS 10.15.7,Chrome 123.0.0.0,1512x982,1512x771,,,0,1i-3 A Training,4,,,1i-3,,,Pass,,1i-3 A Training,1i-3 A Training,20,Training02,TrainingC,1ouhhw,3,continue,,1032.7000000059488,1027.7000000000116,1032.7000000059488,1032.7000000059488,1027.7000000000116,1032.7000000059488,1,1032.7000000059488,0,0,,Click To Continue,Continue Button,6,object-272,1i-3,_,19,1i-3_19,5,Training02,41_PIXIE,ASK,.png,41_PIXIE_ASK.png,RUSP,WIM,41_PIXIE_RUSP_WIM.png,,RUSP WIM,35_PROPHET_ASK.png,35_PROPHET_DOTS.png,WOUX WAN,RUSP WIM,RUSP WIM,WOUX WAN,35_PROPHET_WOUX_WAN.png,WOUX WAN,,,,,
69,1712401836659,06/04/2024 11:10:36,1712405436659,1,06/04/2024 13:10:36,139619,19,task-eihb,,36792468,BLIND,10848458,,complete,,66112a73422e0ff35144df5f,computer,Desktop or Laptop,Mac OS 10.15.7,Chrome 123.0.0.0,1512x982,1512x771,,,0,1i-3 A Training,4,,,1i-3,,,Pass,,1i-3 A Training,1i-3 A Training,21,Training02,TrainingA,34efq7,1,response,RUSPP WIM,2783.1999999999534,6701.5,6703.800000002957,2783.1999999999534,6701.5,6703.800000002957,0,2783.1999999999534,3920.6000000030035,0,,Single Text Entry,TextResponseA,4,object-97,1i-3,_,23,1i-3_23,6,Training02,20_PULLSWORD,ASK,.png,20_PULLSWORD_ASK.png,RUSP,WIM,20_PULLSWORD_RUSP_WIM.png,,RUSP WIM,28_GALLEONS_ASK.png,28_GALLEONS_DOTS.png,RUSP WIM,ZETH WAN,RUSP WIM,ZETH WAN,28_GALLEONS_ZETH_WAN.png,,ZETH WAN,,,,
70,1712401840331,06/04/2024 11:10:40,1712405440331,1,06/04/2024 13:10:40,139619,19,task-eihb,,36792468,BLIND,10848458,,complete,,66112a73422e0ff35144df5f,computer,Desktop or Laptop,Mac OS 10.15.7,Chrome 123.0.0.0,1512x982,1512x771,,,0,1i-3 A Training,4,,,1i-3,,,Pass,,1i-3 A Training,1i-3 A Training,21,Training02,TrainingA,34efq7,1,response,RUSP WIM,9534.899999999965,10367.399999999965,10375.599999999977,9534.899999999965,10367.399999999965,10375.599999999977,1,9534.899999999965,840.7000000000116,0,,Single Text Entry,TextResponseA,4,object-97,1i-3,_,23,1i-3_23,6,Training02,20_PULLSWORD,ASK,.png,20_PULLSWORD_ASK.png,RUSP,WIM,20_PULLSWORD_RUSP_WIM.png,,RUSP WIM,28_GALLEONS_ASK.png,28_GALLEONS_DOTS.png,RUSP WIM,ZETH WAN,RUSP WIM,ZETH WAN,28_GALLEONS_ZETH_WAN.png,,ZETH WAN,,,,
71,1712401847238,06/04/2024 11:10:47,1712405447238,1,06/04/2024 13:10:47,139619,19,task-eihb,,36792468,BLIND,10848458,,complete,,66112a73422e0ff35144df5f,computer,Desktop or Laptop,Mac OS 10.15.7,Chrome 123.0.0.0,1512x982,1512x771,,,0,1i-3 A Training,4,,,1i-3,,,Pass,,1i-3 A Training,1i-3 A Training,21,Training02,TrainingB,2yfdu9,2,response,,6915.100000005972,6912.100000000035,6915.100000005972,6915.100000005972,6912.100000000035,6915.100000005972,1,6915.100000005972,0,0,,Click Response,Option B,5,object-246,1i-3,_,23,1i-3_23,6,Training02,20_PULLSWORD,ASK,.png,20_PULLSWORD_ASK.png,RUSP,WIM,20_PULLSWORD_RUSP_WIM.png,,RUSP WIM,28_GALLEONS_ASK.png,28_GALLEONS_DOTS.png,RUSP WIM,ZETH WAN,RUSP WIM,ZETH WAN,28_GALLEONS_ZETH_WAN.png,,ZETH WAN,,,,
72,1712401848244,06/04/2024 11:10:48,1712405448244,1,06/04/2024 13:10:48,139619,19,task-eihb,,36792468,BLIND,10848458,,complete,,66112a73422e0ff35144df5f,computer,Desktop or Laptop,Mac OS 10.15.7,Chrome 123.0.0.0,1512x982,1512x771,,,0,1i-3 A Training,4,,,1i-3,,,Pass,,1i-3 A Training,1i-3 A Training,21,Training02,TrainingC,1ouhhw,3,continue,,1008.9000000044471,1002.5,1008.9000000044471,1008.9000000044471,1002.5,1008.9000000044471,1,1008.9000000044471,0,0,,Click To Continue,Continue Button,6,object-272,1i-3,_,23,1i-3_23,6,Training02,20_PULLSWORD,ASK,.png,20_PULLSWORD_ASK.png,RUSP,WIM,20_PULLSWORD_RUSP_WIM.png,,RUSP WIM,28_GALLEONS_ASK.png,28_GALLEONS_DOTS.png,RUSP WIM,ZETH WAN,RUSP WIM,ZETH WAN,28_GALLEONS_ZETH_WAN.png,,ZETH WAN,,,,
73,1712401855230,06/04/2024 11:10:55,1712405455230,1,06/04/2024 13:10:55,139619,19,task-eihb,,36792468,BLIND,10848458,,complete,,66112a73422e0ff35144df5f,computer,Desktop or Laptop,Mac OS 10.15.7,Chrome 123.0.0.0,1512x982,1512x771,,,0,1i-3 A Training,4,,,1i-3,,,Pass,,1i-3 A Training,1i-3 A Training,22,Training02,TrainingA,34efq7,1,response,WOUX WAN,2311.1999999999534,6985.299999999988,6992.800000002957,2311.1999999999534,6985.299999999988,6992.800000002957,1,2311.1999999999534,4681.6000000030035,0,,Single Text Entry,TextResponseA,4,object-97,1i-3,_,24,1i-3_24,6,Training02,07_AZKABAN,ASK,.png,07_AZKABAN_ASK.png,WOUX,WAN,07_AZKABAN_WOUX_WAN.png,,WOUX WAN,32_QWC_ASK.png,32_QWC_DOTS.png,WOUX WAN,FICH WUNG,WOUX WAN,FICH WUNG,32_QWC_FICH_WUNG.png,,FICH WUNG,,,,
74,1712401858044,06/04/2024 11:10:58,1712405458044,1,06/04/2024 13:10:58,139619,19,task-eihb,,36792468,BLIND,10848458,,complete,,66112a73422e0ff35144df5f,computer,Desktop or Laptop,Mac OS 10.15.7,Chrome 123.0.0.0,1512x982,1512x771,,,0,1i-3 A Training,4,,,1i-3,,,Pass,,1i-3 A Training,1i-3 A Training,22,Training02,TrainingB,2yfdu9,2,response,,2821.0000000029686,2818.5,2821.0000000029686,2821.0000000029686,2818.5,2821.0000000029686,1,2821.0000000029686,0,0,,Click Response,Option B,5,object-246,1i-3,_,24,1i-3_24,6,Training02,07_AZKABAN,ASK,.png,07_AZKABAN_ASK.png,WOUX,WAN,07_AZKABAN_WOUX_WAN.png,,WOUX WAN,32_QWC_ASK.png,32_QWC_DOTS.png,WOUX WAN,FICH WUNG,WOUX WAN,FICH WUNG,32_QWC_FICH_WUNG.png,,FICH WUNG,,,,
75,1712401859920,06/04/2024 11:10:59,1712405459920,1,06/04/2024 13:10:59,139619,19,task-eihb,,36792468,BLIND,10848458,,complete,,66112a73422e0ff35144df5f,computer,Desktop or Laptop,Mac OS 10.15.7,Chrome 123.0.0.0,1512x982,1512x771,,,0,1i-3 A Training,4,,,1i-3,,,Pass,,1i-3 A Training,1i-3 A Training,22,Training02,TrainingC,1ouhhw,3,continue,,1879.1000000044587,1871.7999999999884,1879.1000000044587,1879.1000000044587,1871.7999999999884,1879.1000000044587,1,1879.1000000044587,0,0,,Click To Continue,Continue Button,6,object-272,1i-3,_,24,1i-3_24,6,Training02,07_AZKABAN,ASK,.png,07_AZKABAN_ASK.png,WOUX,WAN,07_AZKABAN_WOUX_WAN.png,,WOUX WAN,32_QWC_ASK.png,32_QWC_DOTS.png,WOUX WAN,FICH WUNG,WOUX WAN,FICH WUNG,32_QWC_FICH_WUNG.png,,FICH WUNG,,,,
76,1712401865931,06/04/2024 11:11:05,1712405465931,1,06/04/2024 13:11:05,139619,19,task-eihb,,36792468,BLIND,10848458,,complete,,66112a73422e0ff35144df5f,computer,Desktop or Laptop,Mac OS 10.15.7,Chrome 123.0.0.0,1512x982,1512x771,,,0,1i-3 A Training,4,,,1i-3,,,Pass,,1i-3 A Training,1i-3 A Training,23,Training02,TrainingA,34efq7,1,response,ZETH WAN,2559.2999999999884,6017,6017.9000000059605,2559.2999999999884,6017,6017.9000000059605,1,2559.2999999999884,3458.600000005972,0,,Single Text Entry,TextResponseA,4,object-97,1i-3,_,22,1i-3_22,6,Training02,26_ERISED,ASK,.png,26_ERISED_ASK.png,ZETH,WAN,26_ERISED_ZETH_WAN.png,,ZETH WAN,18_LIVEGODRIC_ASK.png,18_LIVEGODRIC_DOTS.png,RUSP WIM,ZETH WAN,ZETH WAN,RUSP WIM,18_LIVEGODRIC_RUSP_WIM.png,RUSP WIM,,,,,
77,1712401871387,06/04/2024 11:11:11,1712405471387,1,06/04/2024 13:11:11,139619,19,task-eihb,,36792468,BLIND,10848458,,complete,,66112a73422e0ff35144df5f,computer,Desktop or Laptop,Mac OS 10.15.7,Chrome 123.0.0.0,1512x982,1512x771,,,0,1i-3 A Training,4,,,1i-3,,,Pass,,1i-3 A Training,1i-3 A Training,23,Training02,TrainingB,2yfdu9,2,response,,5456.5,5449.900000000023,5456.5,5456.5,5449.900000000023,5456.5,1,5456.5,0,0,,Click Response,Option A,4,object-245,1i-3,_,22,1i-3_22,6,Training02,26_ERISED,ASK,.png,26_ERISED_ASK.png,ZETH,WAN,26_ERISED_ZETH_WAN.png,,ZETH WAN,18_LIVEGODRIC_ASK.png,18_LIVEGODRIC_DOTS.png,RUSP WIM,ZETH WAN,ZETH WAN,RUSP WIM,18_LIVEGODRIC_RUSP_WIM.png,RUSP WIM,,,,,
78,1712401874180,06/04/2024 11:11:14,1712405474180,1,06/04/2024 13:11:14,139619,19,task-eihb,,36792468,BLIND,10848458,,complete,,66112a73422e0ff35144df5f,computer,Desktop or Laptop,Mac OS 10.15.7,Chrome 123.0.0.0,1512x982,1512x771,,,0,1i-3 A Training,4,,,1i-3,,,Pass,,1i-3 A Training,1i-3 A Training,23,Training02,TrainingC,1ouhhw,3,continue,,2800.200000001467,2792,2800.200000001467,2800.200000001467,2792,2800.200000001467,1,2800.200000001467,0,0,,Click To Continue,Continue Button,6,object-272,1i-3,_,22,1i-3_22,6,Training02,26_ERISED,ASK,.png,26_ERISED_ASK.png,ZETH,WAN,26_ERISED_ZETH_WAN.png,,ZETH WAN,18_LIVEGODRIC_ASK.png,18_LIVEGODRIC_DOTS.png,RUSP WIM,ZETH WAN,ZETH WAN,RUSP WIM,18_LIVEGODRIC_RUSP_WIM.png,RUSP WIM,,,,,
79,1712401880485,06/04/2024 11:11:20,1712405480485,1,06/04/2024 13:11:20,139619,19,task-eihb,,36792468,BLIND,10848458,,complete,,66112a73422e0ff35144df5f,computer,Desktop or Laptop,Mac OS 10.15.7,Chrome 123.0.0.0,1512x982,1512x771,,,0,1i-3 A Training,4,,,1i-3,,,Pass,,1i-3 A Training,1i-3 A Training,24,Training02,TrainingA,34efq7,1,response,FICH WUNG,3083.0999999999767,6308.099999999977,6313.599999999977,3083.0999999999767,6308.099999999977,6313.599999999977,1,3083.0999999999767,3230.5,0,,Single Text Entry,TextResponseA,4,object-97,1i-3,_,21,1i-3_21,6,Training02,39_STOPHAGRID,ASK,.png,39_STOPHAGRID_ASK.png,FICH,WUNG,39_STOPHAGRID_FICH_WUNG.png,,FICH WUNG,14_MUNGOS_ASK.png,14_MUNGOS_DOTS.png,WOUX WAN,FICH WUNG,FICH WUNG,WOUX WAN,14_MUNGOS_WOUX_WAN.png,WOUX WAN,,,,,
80,1712401886541,06/04/2024 11:11:26,1712405486541,1,06/04/2024 13:11:26,139619,19,task-eihb,,36792468,BLIND,10848458,,complete,,66112a73422e0ff35144df5f,computer,Desktop or Laptop,Mac OS 10.15.7,Chrome 123.0.0.0,1512x982,1512x771,,,0,1i-3 A Training,4,,,1i-3,,,Pass,,1i-3 A Training,1i-3 A Training,24,Training02,TrainingB,2yfdu9,2,response,,6061.20000000298,6058.5,6061.20000000298,6061.20000000298,6058.5,6061.20000000298,1,6061.20000000298,0,0,,Click Response,Option A,4,object-245,1i-3,_,21,1i-3_21,6,Training02,39_STOPHAGRID,ASK,.png,39_STOPHAGRID_ASK.png,FICH,WUNG,39_STOPHAGRID_FICH_WUNG.png,,FICH WUNG,14_MUNGOS_ASK.png,14_MUNGOS_DOTS.png,WOUX WAN,FICH WUNG,FICH WUNG,WOUX WAN,14_MUNGOS_WOUX_WAN.png,WOUX WAN,,,,,
81,1712401887491,06/04/2024 11:11:27,1712405487491,1,06/04/2024 13:11:27,139619,19,task-eihb,,36792468,BLIND,10848458,,complete,,66112a73422e0ff35144df5f,computer,Desktop or Laptop,Mac OS 10.15.7,Chrome 123.0.0.0,1512x982,1512x771,,,0,1i-3 A Training,4,,,1i-3,,,Pass,,1i-3 A Training,1i-3 A Training,24,Training02,TrainingC,1ouhhw,3,continue,,952.6000000014901,949.7999999999884,952.6000000014901,952.6000000014901,949.7999999999884,952.6000000014901,1,952.6000000014901,0,0,,Click To Continue,Continue Button,6,object-272,1i-3,_,21,1i-3_21,6,Training02,39_STOPHAGRID,ASK,.png,39_STOPHAGRID_ASK.png,FICH,WUNG,39_STOPHAGRID_FICH_WUNG.png,,FICH WUNG,14_MUNGOS_ASK.png,14_MUNGOS_DOTS.png,WOUX WAN,FICH WUNG,FICH WUNG,WOUX WAN,14_MUNGOS_WOUX_WAN.png,WOUX WAN,,,,,
82,1712401887495,06/04/2024 11:11:27,1712405487495,1,06/04/2024 13:11:27,139619,19,task-eihb,,36792468,BLIND,10848458,,complete,,66112a73422e0ff35144df5f,computer,Desktop or Laptop,Mac OS 10.15.7,Chrome 123.0.0.0,1512x982,1512x771,,,0,1i-3 A Training,4,,,1i-3,,,Pass,,1i-3 A Training,1i-3 A Training,,,,,,5,END,,,,,,,0,,,,,,,,,,,,,,,,,,,,,,,,,,,,,,,,,,,,
1,1712402490779,06/04/2024 11:21:30,1712406090779,1,06/04/2024 13:21:30,139619,19,task-eihb,,36792837,BLIND,10848541,,complete,,66112dfbbec84a4029f609b2,computer,Desktop or Laptop,Mac OS 10.15.7,Chrome 123.0.0.0,1280x800,1280x713,,,0,1i-3 A Training,4,,,1i-3,,,Pass,,1i-3 A Training,1i-3 A Training,,,,,,5,BEGIN,,,,,,,0,,,,,,,,,,,,,,,,,,,,,,,,,,,,,,,,,,,,
2,1712402494546,06/04/2024 11:21:34,1712406094546,1,06/04/2024 13:21:34,139619,19,task-eihb,,36792837,BLIND,10848541,,complete,,66112dfbbec84a4029f609b2,computer,Desktop or Laptop,Mac OS 10.15.7,Chrome 123.0.0.0,1280x800,1280x713,,,0,1i-3 A Training,4,,,1i-3,,,Pass,,1i-3 A Training,1i-3 A Training,1,Instructions,Attention Check 5,4xnmv6,1,continue,,3465.7999999970198,3459.3999999999996,3465.7999999970198,3465.7999999970198,3459.3999999999996,3465.7999999970198,1,3465.7999999970198,0,0,,Click To Continue,Continue Button,4,object-285,,,,,,Instructions,,,,,,,,,,,,,,,,,,,,,,
3,1712402494547,06/04/2024 11:21:34,1712406094547,1,06/04/2024 13:21:34,139619,19,task-eihb,,36792837,BLIND,10848541,,complete,,66112dfbbec84a4029f609b2,computer,Desktop or Laptop,Mac OS 10.15.7,Chrome 123.0.0.0,1280x800,1280x713,,,0,1i-3 A Training,4,,,1i-3,,,Pass,,1i-3 A Training,1i-3 A Training,1,Instructions,Attention Check 5,4xnmv6,1,response,Accio!,3092.8999999999996,3459.3999999999996,3467.0999999940395,3092.8999999999996,3459.3999999999996,3467.0999999940395,1,3092.8999999999996,374.1999999940399,0,,Dropdown,Dropdown5,3,object-284,,,,,,Instructions,,,,,,,,,,,,,,,,,,,,,,
4,1712402498399,06/04/2024 11:21:38,1712406098399,1,06/04/2024 13:21:38,139619,19,task-eihb,,36792837,BLIND,10848541,,complete,,66112dfbbec84a4029f609b2,computer,Desktop or Laptop,Mac OS 10.15.7,Chrome 123.0.0.0,1280x800,1280x713,,,0,1i-3 A Training,4,,,1i-3,,,Pass,,1i-3 A Training,1i-3 A Training,1,Instructions,Attention Check 6,wf497f,2,continue,,3860.6000000000004,3857.3999999999996,3860.6000000000004,3860.6000000000004,3857.3999999999996,3860.6000000000004,1,3860.6000000000004,0,0,,Click To Continue,Continue Button,4,object-292,,,,,,Instructions,,,,,,,,,,,,,,,,,,,,,,
5,1712402498400,06/04/2024 11:21:38,1712406098400,1,06/04/2024 13:21:38,139619,19,task-eihb,,36792837,BLIND,10848541,,complete,,66112dfbbec84a4029f609b2,computer,Desktop or Laptop,Mac OS 10.15.7,Chrome 123.0.0.0,1280x800,1280x713,,,0,1i-3 A Training,4,,,1i-3,,,Pass,,1i-3 A Training,1i-3 A Training,1,Instructions,Attention Check 6,wf497f,2,response,The Invisibility Cloak,3574.800000000001,3857.3999999999996,3861.39999999702,3574.800000000001,3857.3999999999996,3861.39999999702,1,3574.800000000001,286.59999999701904,0,,Dropdown,Dropdown6,3,object-291,,,,,,Instructions,,,,,,,,,,,,,,,,,,,,,,
6,1712402499939,06/04/2024 11:21:39,1712406099939,1,06/04/2024 13:21:39,139619,19,task-eihb,,36792837,BLIND,10848541,,complete,,66112dfbbec84a4029f609b2,computer,Desktop or Laptop,Mac OS 10.15.7,Chrome 123.0.0.0,1280x800,1280x713,,,0,1i-3 A Training,4,,,1i-3,,,Pass,,1i-3 A Training,1i-3 A Training,1,Instructions,Screen 22,3y4guk,3,continue,,1543.09999999106,1530,1543.09999999106,1543.09999999106,1530,1543.09999999106,1,1543.09999999106,0,0,,Click To Continue,Continue Button,3,object-297,,,,,,Instructions,,,,,,,,,,,,,,,,,,,,,,
7,1712402553410,06/04/2024 11:22:33,1712406153410,1,06/04/2024 13:22:33,139619,19,task-eihb,,36792837,BLIND,10848541,,complete,,66112dfbbec84a4029f609b2,computer,Desktop or Laptop,Mac OS 10.15.7,Chrome 123.0.0.0,1280x800,1280x713,,,0,1i-3 A Training,4,,,1i-3,,,Pass,,1i-3 A Training,1i-3 A Training,1,Instructions,Instructions 02,q3gk2e,4,continue,,53486.79999999404,53473.8,53486.79999999404,53486.79999999404,53473.8,53486.79999999404,1,53486.79999999404,0,0,,Click To Continue,Continue Button,2,object-75,,,,,,Instructions,,,,,,,,,,,,,,,,,,,,,,
8,1712402556261,06/04/2024 11:22:36,1712406156261,1,06/04/2024 13:22:36,139619,19,task-eihb,,36792837,BLIND,10848541,,complete,,66112dfbbec84a4029f609b2,computer,Desktop or Laptop,Mac OS 10.15.7,Chrome 123.0.0.0,1280x800,1280x713,,,0,1i-3 A Training,4,,,1i-3,,,Pass,,1i-3 A Training,1i-3 A Training,1,Instructions,Instructions 03,gxa3vr,5,continue,,2864.1000000029817,2860.0000000000073,2864.1000000029817,2864.1000000029817,2860.0000000000073,2864.1000000029817,1,2864.1000000029817,0,0,,Click To Continue,Continue Button,1,object-165,,,,,,Instructions,,,,,,,,,,,,,,,,,,,,,,
9,1712402567379,06/04/2024 11:22:47,1712406167379,1,06/04/2024 13:22:47,139619,19,task-eihb,,36792837,BLIND,10848541,,complete,,66112dfbbec84a4029f609b2,computer,Desktop or Laptop,Mac OS 10.15.7,Chrome 123.0.0.0,1280x800,1280x713,,,0,1i-3 A Training,4,,,1i-3,,,Pass,,1i-3 A Training,1i-3 A Training,1,Training02,TrainingA,34efq7,1,response,WOUX WAN,3208.199999999997,11107.099999999991,11122.699999997014,3208.199999999997,11107.099999999991,11122.699999997014,1,3208.199999999997,7914.499999997017,0,,Single Text Entry,TextResponseA,4,object-97,1i-3,_,04,1i-3_04,1,Training02,35_PROPHET,ASK,.png,35_PROPHET_ASK.png,WOUX,WAN,35_PROPHET_WOUX_WAN.png,,WOUX WAN,40_BURYSNAPE_ASK.png,40_BURYSNAPE_DOTS.png,WOUX WAN,RUSP WIM,WOUX WAN,RUSP WIM,40_BURYSNAPE_RUSP_WIM.png,,RUSP WIM,,,,
10,1712402580081,06/04/2024 11:23:00,1712406180081,1,06/04/2024 13:23:00,139619,19,task-eihb,,36792837,BLIND,10848541,,complete,,66112dfbbec84a4029f609b2,computer,Desktop or Laptop,Mac OS 10.15.7,Chrome 123.0.0.0,1280x800,1280x713,,,0,1i-3 A Training,4,,,1i-3,,,Pass,,1i-3 A Training,1i-3 A Training,1,Training02,TrainingB,2yfdu9,2,response,,12717.500000002983,12702.600000000006,12717.500000002983,12717.500000002983,12702.600000000006,12717.500000002983,1,12717.500000002983,0,0,,Click Response,Option B,5,object-246,1i-3,_,04,1i-3_04,1,Training02,35_PROPHET,ASK,.png,35_PROPHET_ASK.png,WOUX,WAN,35_PROPHET_WOUX_WAN.png,,WOUX WAN,40_BURYSNAPE_ASK.png,40_BURYSNAPE_DOTS.png,WOUX WAN,RUSP WIM,WOUX WAN,RUSP WIM,40_BURYSNAPE_RUSP_WIM.png,,RUSP WIM,,,,
11,1712402603235,06/04/2024 11:23:23,1712406203235,1,06/04/2024 13:23:23,139619,19,task-eihb,,36792837,BLIND,10848541,,complete,,66112dfbbec84a4029f609b2,computer,Desktop or Laptop,Mac OS 10.15.7,Chrome 123.0.0.0,1280x800,1280x713,,,0,1i-3 A Training,4,,,1i-3,,,Pass,,1i-3 A Training,1i-3 A Training,1,Training02,TrainingC,1ouhhw,3,continue,,23170.599999991056,23161.899999999994,23170.599999991056,23170.599999991056,23161.899999999994,23170.599999991056,1,23170.599999991056,0,0,,Click To Continue,Continue Button,6,object-272,1i-3,_,04,1i-3_04,1,Training02,35_PROPHET,ASK,.png,35_PROPHET_ASK.png,WOUX,WAN,35_PROPHET_WOUX_WAN.png,,WOUX WAN,40_BURYSNAPE_ASK.png,40_BURYSNAPE_DOTS.png,WOUX WAN,RUSP WIM,WOUX WAN,RUSP WIM,40_BURYSNAPE_RUSP_WIM.png,,RUSP WIM,,,,
12,1712402610766,06/04/2024 11:23:30,1712406210766,1,06/04/2024 13:23:30,139619,19,task-eihb,,36792837,BLIND,10848541,,complete,,66112dfbbec84a4029f609b2,computer,Desktop or Laptop,Mac OS 10.15.7,Chrome 123.0.0.0,1280x800,1280x713,,,0,1i-3 A Training,4,,,1i-3,,,Pass,,1i-3 A Training,1i-3 A Training,2,Training02,TrainingA,34efq7,1,response,RUSP WIM,5288,7533.300000000003,7539.199999991062,5288,7533.300000000003,7539.199999991062,1,5288,2251.199999991062,0,,Single Text Entry,TextResponseA,4,object-97,1i-3,_,03,1i-3_03,1,Training02,13_QUIBBLER,ASK,.png,13_QUIBBLER_ASK.png,RUSP,WIM,13_QUIBBLER_RUSP_WIM.png,,RUSP WIM,27_BESTSELLER_ASK.png,27_BESTSELLER_DOTS.png,FICH WUNG,RUSP WIM,RUSP WIM,FICH WUNG,27_BESTSELLER_FICH_WUNG.png,FICH WUNG,,,,,
13,1712402618238,06/04/2024 11:23:38,1712406218238,1,06/04/2024 13:23:38,139619,19,task-eihb,,36792837,BLIND,10848541,,complete,,66112dfbbec84a4029f609b2,computer,Desktop or Laptop,Mac OS 10.15.7,Chrome 123.0.0.0,1280x800,1280x713,,,0,1i-3 A Training,4,,,1i-3,,,Pass,,1i-3 A Training,1i-3 A Training,2,Training02,TrainingB,2yfdu9,2,response,,7479,7465.600000000006,7479,7479,7465.600000000006,7479,1,7479,0,0,,Click Response,Option A,4,object-245,1i-3,_,03,1i-3_03,1,Training02,13_QUIBBLER,ASK,.png,13_QUIBBLER_ASK.png,RUSP,WIM,13_QUIBBLER_RUSP_WIM.png,,RUSP WIM,27_BESTSELLER_ASK.png,27_BESTSELLER_DOTS.png,FICH WUNG,RUSP WIM,RUSP WIM,FICH WUNG,27_BESTSELLER_FICH_WUNG.png,FICH WUNG,,,,,
14,1712402646303,06/04/2024 11:24:06,1712406246303,1,06/04/2024 13:24:06,139619,19,task-eihb,,36792837,BLIND,10848541,,complete,,66112dfbbec84a4029f609b2,computer,Desktop or Laptop,Mac OS 10.15.7,Chrome 123.0.0.0,1280x800,1280x713,,,0,1i-3 A Training,4,,,1i-3,,,Pass,,1i-3 A Training,1i-3 A Training,2,Training02,TrainingC,1ouhhw,3,continue,,28079.600000002974,28067.29999999999,28079.600000002974,28079.600000002974,28067.29999999999,28079.600000002974,1,28079.600000002974,0,0,,Click To Continue,Continue Button,6,object-272,1i-3,_,03,1i-3_03,1,Training02,13_QUIBBLER,ASK,.png,13_QUIBBLER_ASK.png,RUSP,WIM,13_QUIBBLER_RUSP_WIM.png,,RUSP WIM,27_BESTSELLER_ASK.png,27_BESTSELLER_DOTS.png,FICH WUNG,RUSP WIM,RUSP WIM,FICH WUNG,27_BESTSELLER_FICH_WUNG.png,FICH WUNG,,,,,
15,1712402658807,06/04/2024 11:24:18,1712406258807,1,06/04/2024 13:24:18,139619,19,task-eihb,,36792837,BLIND,10848541,,complete,,66112dfbbec84a4029f609b2,computer,Desktop or Laptop,Mac OS 10.15.7,Chrome 123.0.0.0,1280x800,1280x713,,,0,1i-3 A Training,4,,,1i-3,,,Pass,,1i-3 A Training,1i-3 A Training,3,Training02,TrainingA,34efq7,1,response,FICH WUNG,11006.399999999994,12503,12516.499999991065,11006.399999999994,12503,12516.499999991065,1,11006.399999999994,1510.099999991071,0,,Single Text Entry,TextResponseA,4,object-97,1i-3,_,01,1i-3_01,1,Training02,04_WHEEZES,ASK,.png,04_WHEEZES_ASK.png,FICH,WUNG,04_WHEEZES_FICH_WUNG.png,,FICH WUNG,05_AUROR_ASK.png,05_AUROR_DOTS.png,FICH WUNG,ZETH WAN,FICH WUNG,ZETH WAN,05_AUROR_ZETH_WAN.png,,ZETH WAN,,,,
16,1712402682157,06/04/2024 11:24:42,1712406282157,1,06/04/2024 13:24:42,139619,19,task-eihb,,36792837,BLIND,10848541,,complete,,66112dfbbec84a4029f609b2,computer,Desktop or Laptop,Mac OS 10.15.7,Chrome 123.0.0.0,1280x800,1280x713,,,0,1i-3 A Training,4,,,1i-3,,,Pass,,1i-3 A Training,1i-3 A Training,3,Training02,TrainingB,2yfdu9,2,response,,23364.199999994045,23361.5,23364.199999994045,23364.199999994045,23361.5,23364.199999994045,1,23364.199999994045,0,0,,Click Response,Option B,5,object-246,1i-3,_,01,1i-3_01,1,Training02,04_WHEEZES,ASK,.png,04_WHEEZES_ASK.png,FICH,WUNG,04_WHEEZES_FICH_WUNG.png,,FICH WUNG,05_AUROR_ASK.png,05_AUROR_DOTS.png,FICH WUNG,ZETH WAN,FICH WUNG,ZETH WAN,05_AUROR_ZETH_WAN.png,,ZETH WAN,,,,
17,1712402683361,06/04/2024 11:24:43,1712406283361,1,06/04/2024 13:24:43,139619,19,task-eihb,,36792837,BLIND,10848541,,complete,,66112dfbbec84a4029f609b2,computer,Desktop or Laptop,Mac OS 10.15.7,Chrome 123.0.0.0,1280x800,1280x713,,,0,1i-3 A Training,4,,,1i-3,,,Pass,,1i-3 A Training,1i-3 A Training,3,Training02,TrainingC,1ouhhw,3,continue,,1206.8999999970256,1197.1000000000058,1206.8999999970256,1206.8999999970256,1197.1000000000058,1206.8999999970256,1,1206.8999999970256,0,0,,Click To Continue,Continue Button,6,object-272,1i-3,_,01,1i-3_01,1,Training02,04_WHEEZES,ASK,.png,04_WHEEZES_ASK.png,FICH,WUNG,04_WHEEZES_FICH_WUNG.png,,FICH WUNG,05_AUROR_ASK.png,05_AUROR_DOTS.png,FICH WUNG,ZETH WAN,FICH WUNG,ZETH WAN,05_AUROR_ZETH_WAN.png,,ZETH WAN,,,,
18,1712402698565,06/04/2024 11:24:58,1712406298565,1,06/04/2024 13:24:58,139619,19,task-eihb,,36792837,BLIND,10848541,,complete,,66112dfbbec84a4029f609b2,computer,Desktop or Laptop,Mac OS 10.15.7,Chrome 123.0.0.0,1280x800,1280x713,,,0,1i-3 A Training,4,,,1i-3,,,Pass,,1i-3 A Training,1i-3 A Training,4,Training02,TrainingA,34efq7,1,response,ZETH WAN,13120.100000000006,15198.399999999994,15214.59999999404,13120.100000000006,15198.399999999994,15214.59999999404,1,13120.100000000006,2094.4999999940337,0,,Single Text Entry,TextResponseA,4,object-97,1i-3,_,02,1i-3_02,1,Training02,40_BURYSNAPE,ASK,.png,40_BURYSNAPE_ASK.png,ZETH,WAN,40_BURYSNAPE_ZETH_WAN.png,,ZETH WAN,20_PULLSWORD_ASK.png,20_PULLSWORD_DOTS.png,WOUX WAN,ZETH WAN,ZETH WAN,WOUX WAN,20_PULLSWORD_WOUX_WAN.png,WOUX WAN,,,,,
19,1712402708169,06/04/2024 11:25:08,1712406308169,1,06/04/2024 13:25:08,139619,19,task-eihb,,36792837,BLIND,10848541,,complete,,66112dfbbec84a4029f609b2,computer,Desktop or Laptop,Mac OS 10.15.7,Chrome 123.0.0.0,1280x800,1280x713,,,0,1i-3 A Training,4,,,1i-3,,,Pass,,1i-3 A Training,1i-3 A Training,4,Training02,TrainingB,2yfdu9,2,response,,9621.100000000006,9610.800000000017,9621.100000000006,9621.100000000006,9610.800000000017,9621.100000000006,1,9621.100000000006,0,0,,Click Response,Option A,4,object-245,1i-3,_,02,1i-3_02,1,Training02,40_BURYSNAPE,ASK,.png,40_BURYSNAPE_ASK.png,ZETH,WAN,40_BURYSNAPE_ZETH_WAN.png,,ZETH WAN,20_PULLSWORD_ASK.png,20_PULLSWORD_DOTS.png,WOUX WAN,ZETH WAN,ZETH WAN,WOUX WAN,20_PULLSWORD_WOUX_WAN.png,WOUX WAN,,,,,
20,1712402733392,06/04/2024 11:25:33,1712406333392,1,06/04/2024 13:25:33,139619,19,task-eihb,,36792837,BLIND,10848541,,complete,,66112dfbbec84a4029f609b2,computer,Desktop or Laptop,Mac OS 10.15.7,Chrome 123.0.0.0,1280x800,1280x713,,,0,1i-3 A Training,4,,,1i-3,,,Pass,,1i-3 A Training,1i-3 A Training,4,Training02,TrainingC,1ouhhw,3,continue,,25234.29999999999,25223.199999999983,25234.29999999999,25234.29999999999,25223.199999999983,25234.29999999999,1,25234.29999999999,0,0,,Click To Continue,Continue Button,6,object-272,1i-3,_,02,1i-3_02,1,Training02,40_BURYSNAPE,ASK,.png,40_BURYSNAPE_ASK.png,ZETH,WAN,40_BURYSNAPE_ZETH_WAN.png,,ZETH WAN,20_PULLSWORD_ASK.png,20_PULLSWORD_DOTS.png,WOUX WAN,ZETH WAN,ZETH WAN,WOUX WAN,20_PULLSWORD_WOUX_WAN.png,WOUX WAN,,,,,
21,1712402745623,06/04/2024 11:25:45,1712406345623,1,06/04/2024 13:25:45,139619,19,task-eihb,,36792837,BLIND,10848541,,complete,,66112dfbbec84a4029f609b2,computer,Desktop or Laptop,Mac OS 10.15.7,Chrome 123.0.0.0,1280x800,1280x713,,,0,1i-3 A Training,4,,,1i-3,,,Pass,,1i-3 A Training,1i-3 A Training,5,Training02,TrainingA,34efq7,1,response,WOUX WAN,9294.700000000012,12238.600000000006,12242.699999994045,9294.700000000012,12238.600000000006,12242.699999994045,1,9294.700000000012,2947.9999999940337,0,,Single Text Entry,TextResponseA,4,object-97,1i-3,_,08,1i-3_08,2,Training02,28_GALLEONS,ASK,.png,28_GALLEONS_ASK.png,WOUX,WAN,28_GALLEONS_WOUX_WAN.png,,WOUX WAN,39_STOPHAGRID_ASK.png,39_STOPHAGRID_DOTS.png,ZETH WAN,WOUX WAN,WOUX WAN,ZETH WAN,39_STOPHAGRID_ZETH_WAN.png,ZETH WAN,,,,,
22,1712402762151,06/04/2024 11:26:02,1712406362151,1,06/04/2024 13:26:02,139619,19,task-eihb,,36792837,BLIND,10848541,,complete,,66112dfbbec84a4029f609b2,computer,Desktop or Laptop,Mac OS 10.15.7,Chrome 123.0.0.0,1280x800,1280x713,,,0,1i-3 A Training,4,,,1i-3,,,Pass,,1i-3 A Training,1i-3 A Training,5,Training02,TrainingB,2yfdu9,2,response,,16532.79999999702,16527.599999999977,16532.79999999702,16532.79999999702,16527.599999999977,16532.79999999702,1,16532.79999999702,0,0,,Click Response,Option A,4,object-245,1i-3,_,08,1i-3_08,2,Training02,28_GALLEONS,ASK,.png,28_GALLEONS_ASK.png,WOUX,WAN,28_GALLEONS_WOUX_WAN.png,,WOUX WAN,39_STOPHAGRID_ASK.png,39_STOPHAGRID_DOTS.png,ZETH WAN,WOUX WAN,WOUX WAN,ZETH WAN,39_STOPHAGRID_ZETH_WAN.png,ZETH WAN,,,,,
23,1712402775226,06/04/2024 11:26:15,1712406375226,1,06/04/2024 13:26:15,139619,19,task-eihb,,36792837,BLIND,10848541,,complete,,66112dfbbec84a4029f609b2,computer,Desktop or Laptop,Mac OS 10.15.7,Chrome 123.0.0.0,1280x800,1280x713,,,0,1i-3 A Training,4,,,1i-3,,,Pass,,1i-3 A Training,1i-3 A Training,5,Training02,TrainingC,1ouhhw,3,continue,,13080.199999997043,13069,13080.199999997043,13080.199999997043,13069,13080.199999997043,1,13080.199999997043,0,0,,Click To Continue,Continue Button,6,object-272,1i-3,_,08,1i-3_08,2,Training02,28_GALLEONS,ASK,.png,28_GALLEONS_ASK.png,WOUX,WAN,28_GALLEONS_WOUX_WAN.png,,WOUX WAN,39_STOPHAGRID_ASK.png,39_STOPHAGRID_DOTS.png,ZETH WAN,WOUX WAN,WOUX WAN,ZETH WAN,39_STOPHAGRID_ZETH_WAN.png,ZETH WAN,,,,,
24,1712402800790,06/04/2024 11:26:40,1712406400790,1,06/04/2024 13:26:40,139619,19,task-eihb,,36792837,BLIND,10848541,,complete,,66112dfbbec84a4029f609b2,computer,Desktop or Laptop,Mac OS 10.15.7,Chrome 123.0.0.0,1280x800,1280x713,,,0,1i-3 A Training,4,,,1i-3,,,Pass,,1i-3 A Training,1i-3 A Training,6,Training02,TrainingA,34efq7,1,response,RUSP WIM,22562.70000000001,25572.400000000023,25576.499999994063,22562.70000000001,25572.400000000023,25576.499999994063,1,22562.70000000001,3013.799999994051,0,,Single Text Entry,TextResponseA,4,object-97,1i-3,_,07,1i-3_07,2,Training02,34_FANLETTERS,ASK,.png,34_FANLETTERS_ASK.png,RUSP,WIM,34_FANLETTERS_RUSP_WIM.png,,RUSP WIM,34_FANLETTERS_ASK.png,34_FANLETTERS_DOTS.png,RUSP WIM,WOUX WAN,RUSP WIM,WOUX WAN,34_FANLETTERS_WOUX_WAN.png,,WOUX WAN,,,,
25,1712402806726,06/04/2024 11:26:46,1712406406726,1,06/04/2024 13:26:46,139619,19,task-eihb,,36792837,BLIND,10848541,,complete,,66112dfbbec84a4029f609b2,computer,Desktop or Laptop,Mac OS 10.15.7,Chrome 123.0.0.0,1280x800,1280x713,,,0,1i-3 A Training,4,,,1i-3,,,Pass,,1i-3 A Training,1i-3 A Training,6,Training02,TrainingB,2yfdu9,2,response,,5940.5,5936.900000000023,5940.5,5940.5,5936.900000000023,5940.5,1,5940.5,0,0,,Click Response,Option A,4,object-245,1i-3,_,07,1i-3_07,2,Training02,34_FANLETTERS,ASK,.png,34_FANLETTERS_ASK.png,RUSP,WIM,34_FANLETTERS_RUSP_WIM.png,,RUSP WIM,34_FANLETTERS_ASK.png,34_FANLETTERS_DOTS.png,RUSP WIM,WOUX WAN,RUSP WIM,WOUX WAN,34_FANLETTERS_WOUX_WAN.png,,WOUX WAN,,,,
26,1712402811213,06/04/2024 11:26:51,1712406411213,1,06/04/2024 13:26:51,139619,19,task-eihb,,36792837,BLIND,10848541,,complete,,66112dfbbec84a4029f609b2,computer,Desktop or Laptop,Mac OS 10.15.7,Chrome 123.0.0.0,1280x800,1280x713,,,0,1i-3 A Training,4,,,1i-3,,,Pass,,1i-3 A Training,1i-3 A Training,6,Training02,TrainingC,1ouhhw,3,continue,,4490.800000002957,4488.399999999965,4490.800000002957,4490.800000002957,4488.399999999965,4490.800000002957,1,4490.800000002957,0,0,,Click To Continue,Continue Button,6,object-272,1i-3,_,07,1i-3_07,2,Training02,34_FANLETTERS,ASK,.png,34_FANLETTERS_ASK.png,RUSP,WIM,34_FANLETTERS_RUSP_WIM.png,,RUSP WIM,34_FANLETTERS_ASK.png,34_FANLETTERS_DOTS.png,RUSP WIM,WOUX WAN,RUSP WIM,WOUX WAN,34_FANLETTERS_WOUX_WAN.png,,WOUX WAN,,,,
27,1712402823263,06/04/2024 11:27:03,1712406423263,1,06/04/2024 13:27:03,139619,19,task-eihb,,36792837,BLIND,10848541,,complete,,66112dfbbec84a4029f609b2,computer,Desktop or Laptop,Mac OS 10.15.7,Chrome 123.0.0.0,1280x800,1280x713,,,0,1i-3 A Training,4,,,1i-3,,,Pass,,1i-3 A Training,1i-3 A Training,7,Training02,TrainingA,34efq7,1,response,FICH WUNG,9445.400000000023,12039.299999999988,12053.200000000012,9445.400000000023,12039.299999999988,12053.200000000012,1,9445.400000000023,2607.7999999999884,0,,Single Text Entry,TextResponseA,4,object-97,1i-3,_,05,1i-3_05,2,Training02,18_LIVEGODRIC,ASK,.png,18_LIVEGODRIC_ASK.png,FICH,WUNG,18_LIVEGODRIC_FICH_WUNG.png,,FICH WUNG,07_AZKABAN_ASK.png,07_AZKABAN_DOTS.png,FICH WUNG,RUSP WIM,FICH WUNG,RUSP WIM,07_AZKABAN_RUSP_WIM.png,,RUSP WIM,,,,
28,1712402828373,06/04/2024 11:27:08,1712406428373,1,06/04/2024 13:27:08,139619,19,task-eihb,,36792837,BLIND,10848541,,complete,,66112dfbbec84a4029f609b2,computer,Desktop or Laptop,Mac OS 10.15.7,Chrome 123.0.0.0,1280x800,1280x713,,,0,1i-3 A Training,4,,,1i-3,,,Pass,,1i-3 A Training,1i-3 A Training,7,Training02,TrainingB,2yfdu9,2,response,,5123.799999991083,5121,5123.799999991083,5123.799999991083,5121,5123.799999991083,1,5123.799999991083,0,0,,Click Response,Option B,5,object-246,1i-3,_,05,1i-3_05,2,Training02,18_LIVEGODRIC,ASK,.png,18_LIVEGODRIC_ASK.png,FICH,WUNG,18_LIVEGODRIC_FICH_WUNG.png,,FICH WUNG,07_AZKABAN_ASK.png,07_AZKABAN_DOTS.png,FICH WUNG,RUSP WIM,FICH WUNG,RUSP WIM,07_AZKABAN_RUSP_WIM.png,,RUSP WIM,,,,
29,1712402833146,06/04/2024 11:27:13,1712406433146,1,06/04/2024 13:27:13,139619,19,task-eihb,,36792837,BLIND,10848541,,complete,,66112dfbbec84a4029f609b2,computer,Desktop or Laptop,Mac OS 10.15.7,Chrome 123.0.0.0,1280x800,1280x713,,,0,1i-3 A Training,4,,,1i-3,,,Pass,,1i-3 A Training,1i-3 A Training,7,Training02,TrainingC,1ouhhw,3,continue,,4775.900000000023,4772,4775.900000000023,4775.900000000023,4772,4775.900000000023,1,4775.900000000023,0,0,,Click To Continue,Continue Button,6,object-272,1i-3,_,05,1i-3_05,2,Training02,18_LIVEGODRIC,ASK,.png,18_LIVEGODRIC_ASK.png,FICH,WUNG,18_LIVEGODRIC_FICH_WUNG.png,,FICH WUNG,07_AZKABAN_ASK.png,07_AZKABAN_DOTS.png,FICH WUNG,RUSP WIM,FICH WUNG,RUSP WIM,07_AZKABAN_RUSP_WIM.png,,RUSP WIM,,,,
30,1712402840937,06/04/2024 11:27:20,1712406440937,1,06/04/2024 13:27:20,139619,19,task-eihb,,36792837,BLIND,10848541,,complete,,66112dfbbec84a4029f609b2,computer,Desktop or Laptop,Mac OS 10.15.7,Chrome 123.0.0.0,1280x800,1280x713,,,0,1i-3 A Training,4,,,1i-3,,,Pass,,1i-3 A Training,1i-3 A Training,8,Training02,TrainingA,34efq7,1,response,ZETH WAN,4739.100000000035,7781.900000000023,7794.900000000023,4739.100000000035,7781.900000000023,7794.900000000023,1,4739.100000000035,3055.7999999999884,0,,Single Text Entry,TextResponseA,4,object-97,1i-3,_,06,1i-3_06,2,Training02,12_SKEETER,ASK,.png,12_SKEETER_ASK.png,ZETH,WAN,12_SKEETER_ZETH_WAN.png,,ZETH WAN,12_SKEETER_ASK.png,12_SKEETER_DOTS.png,FICH WUNG,ZETH WAN,ZETH WAN,FICH WUNG,12_SKEETER_FICH_WUNG.png,FICH WUNG,,,,,
31,1712402845242,06/04/2024 11:27:25,1712406445242,1,06/04/2024 13:27:25,139619,19,task-eihb,,36792837,BLIND,10848541,,complete,,66112dfbbec84a4029f609b2,computer,Desktop or Laptop,Mac OS 10.15.7,Chrome 123.0.0.0,1280x800,1280x713,,,0,1i-3 A Training,4,,,1i-3,,,Pass,,1i-3 A Training,1i-3 A Training,8,Training02,TrainingB,2yfdu9,2,response,,4318.29999999702,4306.700000000012,4318.29999999702,4318.29999999702,4306.700000000012,4318.29999999702,1,4318.29999999702,0,0,,Click Response,Option B,5,object-246,1i-3,_,06,1i-3_06,2,Training02,12_SKEETER,ASK,.png,12_SKEETER_ASK.png,ZETH,WAN,12_SKEETER_ZETH_WAN.png,,ZETH WAN,12_SKEETER_ASK.png,12_SKEETER_DOTS.png,FICH WUNG,ZETH WAN,ZETH WAN,FICH WUNG,12_SKEETER_FICH_WUNG.png,FICH WUNG,,,,,
32,1712402848930,06/04/2024 11:27:28,1712406448930,1,06/04/2024 13:27:28,139619,19,task-eihb,,36792837,BLIND,10848541,,complete,,66112dfbbec84a4029f609b2,computer,Desktop or Laptop,Mac OS 10.15.7,Chrome 123.0.0.0,1280x800,1280x713,,,0,1i-3 A Training,4,,,1i-3,,,Pass,,1i-3 A Training,1i-3 A Training,8,Training02,TrainingC,1ouhhw,3,continue,,3699.6999999910477,3690.399999999965,3699.6999999910477,3699.6999999910477,3690.399999999965,3699.6999999910477,1,3699.6999999910477,0,0,,Click To Continue,Continue Button,6,object-272,1i-3,_,06,1i-3_06,2,Training02,12_SKEETER,ASK,.png,12_SKEETER_ASK.png,ZETH,WAN,12_SKEETER_ZETH_WAN.png,,ZETH WAN,12_SKEETER_ASK.png,12_SKEETER_DOTS.png,FICH WUNG,ZETH WAN,ZETH WAN,FICH WUNG,12_SKEETER_FICH_WUNG.png,FICH WUNG,,,,,
33,1712402854202,06/04/2024 11:27:34,1712406454202,1,06/04/2024 13:27:34,139619,19,task-eihb,,36792837,BLIND,10848541,,complete,,66112dfbbec84a4029f609b2,computer,Desktop or Laptop,Mac OS 10.15.7,Chrome 123.0.0.0,1280x800,1280x713,,,0,1i-3 A Training,4,,,1i-3,,,Pass,,1i-3 A Training,1i-3 A Training,9,Training02,TrainingA,34efq7,1,response,ZETH WAN,3076.9000000000233,5270.800000000047,5281.900000000023,3076.9000000000233,5270.800000000047,5281.900000000023,1,3076.9000000000233,2205,0,,Single Text Entry,TextResponseA,4,object-97,1i-3,_,10,1i-3_10,3,Training02,19_BURYVOLDY,ASK,.png,19_BURYVOLDY_ASK.png,ZETH,WAN,19_BURYVOLDY_ZETH_WAN.png,,ZETH WAN,21_TEACHHOG_ASK.png,21_TEACHHOG_DOTS.png,ZETH WAN,RUSP WIM,ZETH WAN,RUSP WIM,21_TEACHHOG_RUSP_WIM.png,,RUSP WIM,,,,
34,1712402862658,06/04/2024 11:27:42,1712406462658,1,06/04/2024 13:27:42,139619,19,task-eihb,,36792837,BLIND,10848541,,complete,,66112dfbbec84a4029f609b2,computer,Desktop or Laptop,Mac OS 10.15.7,Chrome 123.0.0.0,1280x800,1280x713,,,0,1i-3 A Training,4,,,1i-3,,,Pass,,1i-3 A Training,1i-3 A Training,9,Training02,TrainingB,2yfdu9,2,response,,8467.099999999977,8464.099999999977,8467.099999999977,8467.099999999977,8464.099999999977,8467.099999999977,1,8467.099999999977,0,0,,Click Response,Option B,5,object-246,1i-3,_,10,1i-3_10,3,Training02,19_BURYVOLDY,ASK,.png,19_BURYVOLDY_ASK.png,ZETH,WAN,19_BURYVOLDY_ZETH_WAN.png,,ZETH WAN,21_TEACHHOG_ASK.png,21_TEACHHOG_DOTS.png,ZETH WAN,RUSP WIM,ZETH WAN,RUSP WIM,21_TEACHHOG_RUSP_WIM.png,,RUSP WIM,,,,
35,1712402865848,06/04/2024 11:27:45,1712406465848,1,06/04/2024 13:27:45,139619,19,task-eihb,,36792837,BLIND,10848541,,complete,,66112dfbbec84a4029f609b2,computer,Desktop or Laptop,Mac OS 10.15.7,Chrome 123.0.0.0,1280x800,1280x713,,,0,1i-3 A Training,4,,,1i-3,,,Pass,,1i-3 A Training,1i-3 A Training,9,Training02,TrainingC,1ouhhw,3,continue,,3193.2000000029802,3191.9000000000233,3193.2000000029802,3193.2000000029802,3191.9000000000233,3193.2000000029802,1,3193.2000000029802,0,0,,Click To Continue,Continue Button,6,object-272,1i-3,_,10,1i-3_10,3,Training02,19_BURYVOLDY,ASK,.png,19_BURYVOLDY_ASK.png,ZETH,WAN,19_BURYVOLDY_ZETH_WAN.png,,ZETH WAN,21_TEACHHOG_ASK.png,21_TEACHHOG_DOTS.png,ZETH WAN,RUSP WIM,ZETH WAN,RUSP WIM,21_TEACHHOG_RUSP_WIM.png,,RUSP WIM,,,,
36,1712402872905,06/04/2024 11:27:52,1712406472905,1,06/04/2024 13:27:52,139619,19,task-eihb,,36792837,BLIND,10848541,,complete,,66112dfbbec84a4029f609b2,computer,Desktop or Laptop,Mac OS 10.15.7,Chrome 123.0.0.0,1280x800,1280x713,,,0,1i-3 A Training,4,,,1i-3,,,Pass,,1i-3 A Training,1i-3 A Training,10,Training02,TrainingA,34efq7,1,response,RUSP WIM,2162.2999999999884,7050.099999999977,7059.3999999969965,2162.2999999999884,7050.099999999977,7059.3999999969965,1,2162.2999999999884,4897.099999997008,0,,Single Text Entry,TextResponseA,4,object-97,1i-3,_,11,1i-3_11,3,Training02,27_BESTSELLER,ASK,.png,27_BESTSELLER_ASK.png,RUSP,WIM,27_BESTSELLER_RUSP_WIM.png,,RUSP WIM,25_PROSECUTE_ASK.png,25_PROSECUTE_DOTS.png,ZETH WAN,RUSP WIM,RUSP WIM,ZETH WAN,25_PROSECUTE_ZETH_WAN.png,ZETH WAN,,,,,
37,1712402892475,06/04/2024 11:28:12,1712406492475,1,06/04/2024 13:28:12,139619,19,task-eihb,,36792837,BLIND,10848541,,complete,,66112dfbbec84a4029f609b2,computer,Desktop or Laptop,Mac OS 10.15.7,Chrome 123.0.0.0,1280x800,1280x713,,,0,1i-3 A Training,4,,,1i-3,,,Pass,,1i-3 A Training,1i-3 A Training,10,Training02,TrainingB,2yfdu9,2,response,,19579.5,19570.599999999977,19579.5,19579.5,19570.599999999977,19579.5,1,19579.5,0,0,,Click Response,Option A,4,object-245,1i-3,_,11,1i-3_11,3,Training02,27_BESTSELLER,ASK,.png,27_BESTSELLER_ASK.png,RUSP,WIM,27_BESTSELLER_RUSP_WIM.png,,RUSP WIM,25_PROSECUTE_ASK.png,25_PROSECUTE_DOTS.png,ZETH WAN,RUSP WIM,RUSP WIM,ZETH WAN,25_PROSECUTE_ZETH_WAN.png,ZETH WAN,,,,,
38,1712402904406,06/04/2024 11:28:24,1712406504406,1,06/04/2024 13:28:24,139619,19,task-eihb,,36792837,BLIND,10848541,,complete,,66112dfbbec84a4029f609b2,computer,Desktop or Laptop,Mac OS 10.15.7,Chrome 123.0.0.0,1280x800,1280x713,,,0,1i-3 A Training,4,,,1i-3,,,Pass,,1i-3 A Training,1i-3 A Training,10,Training02,TrainingC,1ouhhw,3,continue,,11940.999999994063,11938.300000000047,11940.999999994063,11940.999999994063,11938.300000000047,11940.999999994063,1,11940.999999994063,0,0,,Click To Continue,Continue Button,6,object-272,1i-3,_,11,1i-3_11,3,Training02,27_BESTSELLER,ASK,.png,27_BESTSELLER_ASK.png,RUSP,WIM,27_BESTSELLER_RUSP_WIM.png,,RUSP WIM,25_PROSECUTE_ASK.png,25_PROSECUTE_DOTS.png,ZETH WAN,RUSP WIM,RUSP WIM,ZETH WAN,25_PROSECUTE_ZETH_WAN.png,ZETH WAN,,,,,
39,1712402925267,06/04/2024 11:28:45,1712406525267,1,06/04/2024 13:28:45,139619,19,task-eihb,,36792837,BLIND,10848541,,complete,,66112dfbbec84a4029f609b2,computer,Desktop or Laptop,Mac OS 10.15.7,Chrome 123.0.0.0,1280x800,1280x713,,,0,1i-3 A Training,4,,,1i-3,,,Pass,,1i-3 A Training,1i-3 A Training,11,Training02,TrainingA,34efq7,1,response,FICH WUNG,19454.899999999965,20851.79999999999,20863.899999996996,19454.899999999965,20851.79999999999,20863.899999996996,1,19454.899999999965,1408.9999999970314,0,,Single Text Entry,TextResponseA,4,object-97,1i-3,_,09,1i-3_09,3,Training02,32_QWC,ASK,.png,32_QWC_ASK.png,FICH,WUNG,32_QWC_FICH_WUNG.png,,FICH WUNG,13_QUIBBLER_ASK.png,13_QUIBBLER_DOTS.png,FICH WUNG,WOUX WAN,FICH WUNG,WOUX WAN,13_QUIBBLER_WOUX_WAN.png,,WOUX WAN,,,,
40,1712402943850,06/04/2024 11:29:03,1712406543850,1,06/04/2024 13:29:03,139619,19,task-eihb,,36792837,BLIND,10848541,,complete,,66112dfbbec84a4029f609b2,computer,Desktop or Laptop,Mac OS 10.15.7,Chrome 123.0.0.0,1280x800,1280x713,,,0,1i-3 A Training,4,,,1i-3,,,Pass,,1i-3 A Training,1i-3 A Training,11,Training02,TrainingB,2yfdu9,2,response,,18596.29999999999,18589.399999999965,18596.29999999999,18596.29999999999,18589.399999999965,18596.29999999999,1,18596.29999999999,0,0,,Click Response,Option B,5,object-246,1i-3,_,09,1i-3_09,3,Training02,32_QWC,ASK,.png,32_QWC_ASK.png,FICH,WUNG,32_QWC_FICH_WUNG.png,,FICH WUNG,13_QUIBBLER_ASK.png,13_QUIBBLER_DOTS.png,FICH WUNG,WOUX WAN,FICH WUNG,WOUX WAN,13_QUIBBLER_WOUX_WAN.png,,WOUX WAN,,,,
41,1712402944796,06/04/2024 11:29:04,1712406544796,1,06/04/2024 13:29:04,139619,19,task-eihb,,36792837,BLIND,10848541,,complete,,66112dfbbec84a4029f609b2,computer,Desktop or Laptop,Mac OS 10.15.7,Chrome 123.0.0.0,1280x800,1280x713,,,0,1i-3 A Training,4,,,1i-3,,,Pass,,1i-3 A Training,1i-3 A Training,11,Training02,TrainingC,1ouhhw,3,continue,,952.9000000000233,947.8000000000466,952.9000000000233,952.9000000000233,947.8000000000466,952.9000000000233,1,952.9000000000233,0,0,,Click To Continue,Continue Button,6,object-272,1i-3,_,09,1i-3_09,3,Training02,32_QWC,ASK,.png,32_QWC_ASK.png,FICH,WUNG,32_QWC_FICH_WUNG.png,,FICH WUNG,13_QUIBBLER_ASK.png,13_QUIBBLER_DOTS.png,FICH WUNG,WOUX WAN,FICH WUNG,WOUX WAN,13_QUIBBLER_WOUX_WAN.png,,WOUX WAN,,,,
42,1712402967122,06/04/2024 11:29:27,1712406567122,1,06/04/2024 13:29:27,139619,19,task-eihb,,36792837,BLIND,10848541,,complete,,66112dfbbec84a4029f609b2,computer,Desktop or Laptop,Mac OS 10.15.7,Chrome 123.0.0.0,1280x800,1280x713,,,0,1i-3 A Training,4,,,1i-3,,,Pass,,1i-3 A Training,1i-3 A Training,12,Training02,TrainingA,34efq7,1,response,WOUX WAN,20368.79999999999,22314,22330.600000000035,20368.79999999999,22314,22330.600000000035,1,20368.79999999999,1961.8000000000466,0,,Single Text Entry,TextResponseA,4,object-97,1i-3,_,12,1i-3_12,3,Training02,14_MUNGOS,ASK,.png,14_MUNGOS_ASK.png,WOUX,WAN,14_MUNGOS_WOUX_WAN.png,,WOUX WAN,33_ROR_ASK.png,33_ROR_DOTS.png,FICH WUNG,WOUX WAN,WOUX WAN,FICH WUNG,33_ROR_FICH_WUNG.png,FICH WUNG,,,,,
43,1712402979178,06/04/2024 11:29:39,1712406579178,1,06/04/2024 13:29:39,139619,19,task-eihb,,36792837,BLIND,10848541,,complete,,66112dfbbec84a4029f609b2,computer,Desktop or Laptop,Mac OS 10.15.7,Chrome 123.0.0.0,1280x800,1280x713,,,0,1i-3 A Training,4,,,1i-3,,,Pass,,1i-3 A Training,1i-3 A Training,12,Training02,TrainingB,2yfdu9,2,response,,12074.899999996996,12071.599999999977,12074.899999996996,12074.899999996996,12071.599999999977,12074.899999996996,1,12074.899999996996,0,0,,Click Response,Option A,4,object-245,1i-3,_,12,1i-3_12,3,Training02,14_MUNGOS,ASK,.png,14_MUNGOS_ASK.png,WOUX,WAN,14_MUNGOS_WOUX_WAN.png,,WOUX WAN,33_ROR_ASK.png,33_ROR_DOTS.png,FICH WUNG,WOUX WAN,WOUX WAN,FICH WUNG,33_ROR_FICH_WUNG.png,FICH WUNG,,,,,
44,1712402980386,06/04/2024 11:29:40,1712406580386,1,06/04/2024 13:29:40,139619,19,task-eihb,,36792837,BLIND,10848541,,complete,,66112dfbbec84a4029f609b2,computer,Desktop or Laptop,Mac OS 10.15.7,Chrome 123.0.0.0,1280x800,1280x713,,,0,1i-3 A Training,4,,,1i-3,,,Pass,,1i-3 A Training,1i-3 A Training,12,Training02,TrainingC,1ouhhw,3,continue,,1211.3999999910593,1196.7999999999884,1211.3999999910593,1211.3999999910593,1196.7999999999884,1211.3999999910593,1,1211.3999999910593,0,0,,Click To Continue,Continue Button,6,object-272,1i-3,_,12,1i-3_12,3,Training02,14_MUNGOS,ASK,.png,14_MUNGOS_ASK.png,WOUX,WAN,14_MUNGOS_WOUX_WAN.png,,WOUX WAN,33_ROR_ASK.png,33_ROR_DOTS.png,FICH WUNG,WOUX WAN,WOUX WAN,FICH WUNG,33_ROR_FICH_WUNG.png,FICH WUNG,,,,,
45,1712402991154,06/04/2024 11:29:51,1712406591154,1,06/04/2024 13:29:51,139619,19,task-eihb,,36792837,BLIND,10848541,,complete,,66112dfbbec84a4029f609b2,computer,Desktop or Laptop,Mac OS 10.15.7,Chrome 123.0.0.0,1280x800,1280x713,,,0,1i-3 A Training,4,,,1i-3,,,Pass,,1i-3 A Training,1i-3 A Training,13,Training02,TrainingA,34efq7,1,response,WOUX WAN,6219.100000000035,10775,10783.200000000012,6219.100000000035,10775,10783.200000000012,1,6219.100000000035,4564.099999999977,0,,Single Text Entry,TextResponseA,4,object-97,1i-3,_,16,1i-3_16,4,Training02,42_ENGLAND,ASK,.png,42_ENGLAND_ASK.png,WOUX,WAN,42_ENGLAND_WOUX_WAN.png,,WOUX WAN,41_PIXIE_ASK.png,41_PIXIE_DOTS.png,RUSP WIM,WOUX WAN,WOUX WAN,RUSP WIM,41_PIXIE_RUSP_WIM.png,RUSP WIM,,,,,
46,1712402998301,06/04/2024 11:29:58,1712406598301,1,06/04/2024 13:29:58,139619,19,task-eihb,,36792837,BLIND,10848541,,complete,,66112dfbbec84a4029f609b2,computer,Desktop or Laptop,Mac OS 10.15.7,Chrome 123.0.0.0,1280x800,1280x713,,,0,1i-3 A Training,4,,,1i-3,,,Pass,,1i-3 A Training,1i-3 A Training,13,Training02,TrainingB,2yfdu9,2,response,,7154.999999997031,7149.700000000012,7154.999999997031,7154.999999997031,7149.700000000012,7154.999999997031,1,7154.999999997031,0,0,,Click Response,Option A,4,object-245,1i-3,_,16,1i-3_16,4,Training02,42_ENGLAND,ASK,.png,42_ENGLAND_ASK.png,WOUX,WAN,42_ENGLAND_WOUX_WAN.png,,WOUX WAN,41_PIXIE_ASK.png,41_PIXIE_DOTS.png,RUSP WIM,WOUX WAN,WOUX WAN,RUSP WIM,41_PIXIE_RUSP_WIM.png,RUSP WIM,,,,,
47,1712402999844,06/04/2024 11:29:59,1712406599844,1,06/04/2024 13:29:59,139619,19,task-eihb,,36792837,BLIND,10848541,,complete,,66112dfbbec84a4029f609b2,computer,Desktop or Laptop,Mac OS 10.15.7,Chrome 123.0.0.0,1280x800,1280x713,,,0,1i-3 A Training,4,,,1i-3,,,Pass,,1i-3 A Training,1i-3 A Training,13,Training02,TrainingC,1ouhhw,3,continue,,1548,1545.9000000000233,1548,1548,1545.9000000000233,1548,1,1548,0,0,,Click To Continue,Continue Button,6,object-272,1i-3,_,16,1i-3_16,4,Training02,42_ENGLAND,ASK,.png,42_ENGLAND_ASK.png,WOUX,WAN,42_ENGLAND_WOUX_WAN.png,,WOUX WAN,41_PIXIE_ASK.png,41_PIXIE_DOTS.png,RUSP WIM,WOUX WAN,WOUX WAN,RUSP WIM,41_PIXIE_RUSP_WIM.png,RUSP WIM,,,,,
48,1712403006743,06/04/2024 11:30:06,1712406606743,1,06/04/2024 13:30:06,139619,19,task-eihb,,36792837,BLIND,10848541,,complete,,66112dfbbec84a4029f609b2,computer,Desktop or Laptop,Mac OS 10.15.7,Chrome 123.0.0.0,1280x800,1280x713,,,0,1i-3 A Training,4,,,1i-3,,,Pass,,1i-3 A Training,1i-3 A Training,14,Training02,TrainingA,34efq7,1,response,RUSP WIM,4273.899999999965,6884.399999999965,6901.499999991036,4273.899999999965,6884.399999999965,6901.499999991036,1,4273.899999999965,2627.599999991071,0,,Single Text Entry,TextResponseA,4,object-97,1i-3,_,15,1i-3_15,4,Training02,06_MOM,ASK,.png,06_MOM_ASK.png,RUSP,WIM,06_MOM_RUSP_WIM.png,,RUSP WIM,26_ERISED_ASK.png,26_ERISED_DOTS.png,RUSP WIM,FICH WUNG,RUSP WIM,FICH WUNG,26_ERISED_FICH_WUNG.png,,FICH WUNG,,,,
49,1712403017211,06/04/2024 11:30:17,1712406617211,1,06/04/2024 13:30:17,139619,19,task-eihb,,36792837,BLIND,10848541,,complete,,66112dfbbec84a4029f609b2,computer,Desktop or Laptop,Mac OS 10.15.7,Chrome 123.0.0.0,1280x800,1280x713,,,0,1i-3 A Training,4,,,1i-3,,,Pass,,1i-3 A Training,1i-3 A Training,14,Training02,TrainingB,2yfdu9,2,response,,10485.400000002992,10474.399999999965,10485.400000002992,10485.400000002992,10474.399999999965,10485.400000002992,1,10485.400000002992,0,0,,Click Response,Option B,5,object-246,1i-3,_,15,1i-3_15,4,Training02,06_MOM,ASK,.png,06_MOM_ASK.png,RUSP,WIM,06_MOM_RUSP_WIM.png,,RUSP WIM,26_ERISED_ASK.png,26_ERISED_DOTS.png,RUSP WIM,FICH WUNG,RUSP WIM,FICH WUNG,26_ERISED_FICH_WUNG.png,,FICH WUNG,,,,
50,1712403018276,06/04/2024 11:30:18,1712406618276,1,06/04/2024 13:30:18,139619,19,task-eihb,,36792837,BLIND,10848541,,complete,,66112dfbbec84a4029f609b2,computer,Desktop or Laptop,Mac OS 10.15.7,Chrome 123.0.0.0,1280x800,1280x713,,,0,1i-3 A Training,4,,,1i-3,,,Pass,,1i-3 A Training,1i-3 A Training,14,Training02,TrainingC,1ouhhw,3,continue,,1076.8000000000466,1065,1076.8000000000466,1076.8000000000466,1065,1076.8000000000466,1,1076.8000000000466,0,0,,Click To Continue,Continue Button,6,object-272,1i-3,_,15,1i-3_15,4,Training02,06_MOM,ASK,.png,06_MOM_ASK.png,RUSP,WIM,06_MOM_RUSP_WIM.png,,RUSP WIM,26_ERISED_ASK.png,26_ERISED_DOTS.png,RUSP WIM,FICH WUNG,RUSP WIM,FICH WUNG,26_ERISED_FICH_WUNG.png,,FICH WUNG,,,,
51,1712403021810,06/04/2024 11:30:21,1712406621810,1,06/04/2024 13:30:21,139619,19,task-eihb,,36792837,BLIND,10848541,,complete,,66112dfbbec84a4029f609b2,computer,Desktop or Laptop,Mac OS 10.15.7,Chrome 123.0.0.0,1280x800,1280x713,,,0,1i-3 A Training,4,,,1i-3,,,Pass,,1i-3 A Training,1i-3 A Training,15,Training02,TrainingA,34efq7,1,response,FICH WUNG,1711.7000000000698,3541.70000000007,3545.899999994086,1711.7000000000698,3541.70000000007,3545.899999994086,1,1711.7000000000698,1834.1999999940163,0,,Single Text Entry,TextResponseA,4,object-97,1i-3,_,13,1i-3_13,4,Training02,11_RONWAND,ASK,.png,11_RONWAND_ASK.png,FICH,WUNG,11_RONWAND_FICH_WUNG.png,,FICH WUNG,06_MOM_ASK.png,06_MOM_DOTS.png,ZETH WAN,FICH WUNG,FICH WUNG,ZETH WAN,06_MOM_ZETH_WAN.png,ZETH WAN,,,,,
52,1712403037420,06/04/2024 11:30:37,1712406637420,1,06/04/2024 13:30:37,139619,19,task-eihb,,36792837,BLIND,10848541,,complete,,66112dfbbec84a4029f609b2,computer,Desktop or Laptop,Mac OS 10.15.7,Chrome 123.0.0.0,1280x800,1280x713,,,0,1i-3 A Training,4,,,1i-3,,,Pass,,1i-3 A Training,1i-3 A Training,15,Training02,TrainingB,2yfdu9,2,response,,15614.599999999977,15612.199999999953,15614.599999999977,15614.599999999977,15612.199999999953,15614.599999999977,1,15614.599999999977,0,0,,Click Response,Option A,4,object-245,1i-3,_,13,1i-3_13,4,Training02,11_RONWAND,ASK,.png,11_RONWAND_ASK.png,FICH,WUNG,11_RONWAND_FICH_WUNG.png,,FICH WUNG,06_MOM_ASK.png,06_MOM_DOTS.png,ZETH WAN,FICH WUNG,FICH WUNG,ZETH WAN,06_MOM_ZETH_WAN.png,ZETH WAN,,,,,
53,1712403041217,06/04/2024 11:30:41,1712406641217,1,06/04/2024 13:30:41,139619,19,task-eihb,,36792837,BLIND,10848541,,complete,,66112dfbbec84a4029f609b2,computer,Desktop or Laptop,Mac OS 10.15.7,Chrome 123.0.0.0,1280x800,1280x713,,,0,1i-3 A Training,4,,,1i-3,,,Pass,,1i-3 A Training,1i-3 A Training,15,Training02,TrainingC,1ouhhw,3,continue,,3799.7999999910826,3792,3799.7999999910826,3799.7999999910826,3792,3799.7999999910826,1,3799.7999999910826,0,0,,Click To Continue,Continue Button,6,object-272,1i-3,_,13,1i-3_13,4,Training02,11_RONWAND,ASK,.png,11_RONWAND_ASK.png,FICH,WUNG,11_RONWAND_FICH_WUNG.png,,FICH WUNG,06_MOM_ASK.png,06_MOM_DOTS.png,ZETH WAN,FICH WUNG,FICH WUNG,ZETH WAN,06_MOM_ZETH_WAN.png,ZETH WAN,,,,,
54,1712403052809,06/04/2024 11:30:52,1712406652809,1,06/04/2024 13:30:52,139619,19,task-eihb,,36792837,BLIND,10848541,,complete,,66112dfbbec84a4029f609b2,computer,Desktop or Laptop,Mac OS 10.15.7,Chrome 123.0.0.0,1280x800,1280x713,,,0,1i-3 A Training,4,,,1i-3,,,Pass,,1i-3 A Training,1i-3 A Training,16,Training02,TrainingA,34efq7,1,response,ZETH WAN,9011.300000000047,11589.20000000007,11599.699999997043,9011.300000000047,11589.20000000007,11599.699999997043,1,9011.300000000047,2588.3999999969965,0,,Single Text Entry,TextResponseA,4,object-97,1i-3,_,14,1i-3_14,4,Training02,33_ROR,ASK,.png,33_ROR_ASK.png,ZETH,WAN,33_ROR_ZETH_WAN.png,,ZETH WAN,19_BURYVOLDY_ASK.png,19_BURYVOLDY_DOTS.png,ZETH WAN,WOUX WAN,ZETH WAN,WOUX WAN,19_BURYVOLDY_WOUX_WAN.png,,WOUX WAN,,,,
55,1712403062188,06/04/2024 11:31:02,1712406662188,1,06/04/2024 13:31:02,139619,19,task-eihb,,36792837,BLIND,10848541,,complete,,66112dfbbec84a4029f609b2,computer,Desktop or Laptop,Mac OS 10.15.7,Chrome 123.0.0.0,1280x800,1280x713,,,0,1i-3 A Training,4,,,1i-3,,,Pass,,1i-3 A Training,1i-3 A Training,16,Training02,TrainingB,2yfdu9,2,response,,9390.799999993993,9378.099999999977,9390.799999993993,9390.799999993993,9378.099999999977,9390.799999993993,1,9390.799999993993,0,0,,Click Response,Option B,5,object-246,1i-3,_,14,1i-3_14,4,Training02,33_ROR,ASK,.png,33_ROR_ASK.png,ZETH,WAN,33_ROR_ZETH_WAN.png,,ZETH WAN,19_BURYVOLDY_ASK.png,19_BURYVOLDY_DOTS.png,ZETH WAN,WOUX WAN,ZETH WAN,WOUX WAN,19_BURYVOLDY_WOUX_WAN.png,,WOUX WAN,,,,
56,1712403063201,06/04/2024 11:31:03,1712406663201,1,06/04/2024 13:31:03,139619,19,task-eihb,,36792837,BLIND,10848541,,complete,,66112dfbbec84a4029f609b2,computer,Desktop or Laptop,Mac OS 10.15.7,Chrome 123.0.0.0,1280x800,1280x713,,,0,1i-3 A Training,4,,,1i-3,,,Pass,,1i-3 A Training,1i-3 A Training,16,Training02,TrainingC,1ouhhw,3,continue,,1024.800000002957,1013.6999999999534,1024.800000002957,1024.800000002957,1013.6999999999534,1024.800000002957,1,1024.800000002957,0,0,,Click To Continue,Continue Button,6,object-272,1i-3,_,14,1i-3_14,4,Training02,33_ROR,ASK,.png,33_ROR_ASK.png,ZETH,WAN,33_ROR_ZETH_WAN.png,,ZETH WAN,19_BURYVOLDY_ASK.png,19_BURYVOLDY_DOTS.png,ZETH WAN,WOUX WAN,ZETH WAN,WOUX WAN,19_BURYVOLDY_WOUX_WAN.png,,WOUX WAN,,,,
57,1712403073352,06/04/2024 11:31:13,1712406673352,1,06/04/2024 13:31:13,139619,19,task-eihb,,36792837,BLIND,10848541,,complete,,66112dfbbec84a4029f609b2,computer,Desktop or Laptop,Mac OS 10.15.7,Chrome 123.0.0.0,1280x800,1280x713,,,0,1i-3 A Training,4,,,1i-3,,,Pass,,1i-3 A Training,1i-3 A Training,17,Training02,TrainingA,34efq7,1,response,ZETH WAN,3592.0999999999767,10159.900000000023,10162.799999991083,3592.0999999999767,10159.900000000023,10162.799999991083,1,3592.0999999999767,6570.699999991106,0,,Single Text Entry,TextResponseA,4,object-97,1i-3,_,18,1i-3_18,5,Training02,05_AUROR,ASK,.png,05_AUROR_ASK.png,ZETH,WAN,05_AUROR_ZETH_WAN.png,,ZETH WAN,11_RONWAND_ASK.png,11_RONWAND_DOTS.png,ZETH WAN,FICH WUNG,ZETH WAN,FICH WUNG,11_RONWAND_FICH_WUNG.png,,FICH WUNG,,,,
58,1712403082701,06/04/2024 11:31:22,1712406682701,1,06/04/2024 13:31:22,139619,19,task-eihb,,36792837,BLIND,10848541,,complete,,66112dfbbec84a4029f609b2,computer,Desktop or Laptop,Mac OS 10.15.7,Chrome 123.0.0.0,1280x800,1280x713,,,0,1i-3 A Training,4,,,1i-3,,,Pass,,1i-3 A Training,1i-3 A Training,17,Training02,TrainingB,2yfdu9,2,response,,9352.79999999702,9343.900000000023,9352.79999999702,9352.79999999702,9343.900000000023,9352.79999999702,1,9352.79999999702,0,0,,Click Response,Option B,5,object-246,1i-3,_,18,1i-3_18,5,Training02,05_AUROR,ASK,.png,05_AUROR_ASK.png,ZETH,WAN,05_AUROR_ZETH_WAN.png,,ZETH WAN,11_RONWAND_ASK.png,11_RONWAND_DOTS.png,ZETH WAN,FICH WUNG,ZETH WAN,FICH WUNG,11_RONWAND_FICH_WUNG.png,,FICH WUNG,,,,
59,1712403083694,06/04/2024 11:31:23,1712406683694,1,06/04/2024 13:31:23,139619,19,task-eihb,,36792837,BLIND,10848541,,complete,,66112dfbbec84a4029f609b2,computer,Desktop or Laptop,Mac OS 10.15.7,Chrome 123.0.0.0,1280x800,1280x713,,,0,1i-3 A Training,4,,,1i-3,,,Pass,,1i-3 A Training,1i-3 A Training,17,Training02,TrainingC,1ouhhw,3,continue,,1001.5999999999767,998.4000000000233,1001.5999999999767,1001.5999999999767,998.4000000000233,1001.5999999999767,1,1001.5999999999767,0,0,,Click To Continue,Continue Button,6,object-272,1i-3,_,18,1i-3_18,5,Training02,05_AUROR,ASK,.png,05_AUROR_ASK.png,ZETH,WAN,05_AUROR_ZETH_WAN.png,,ZETH WAN,11_RONWAND_ASK.png,11_RONWAND_DOTS.png,ZETH WAN,FICH WUNG,ZETH WAN,FICH WUNG,11_RONWAND_FICH_WUNG.png,,FICH WUNG,,,,
60,1712403095275,06/04/2024 11:31:35,1712406695275,1,06/04/2024 13:31:35,139619,19,task-eihb,,36792837,BLIND,10848541,,complete,,66112dfbbec84a4029f609b2,computer,Desktop or Laptop,Mac OS 10.15.7,Chrome 123.0.0.0,1280x800,1280x713,,,0,1i-3 A Training,4,,,1i-3,,,Pass,,1i-3 A Training,1i-3 A Training,18,Training02,TrainingA,34efq7,1,response,FICH WUNG,1895.5999999999767,11572.899999999907,11584.999999996973,1895.5999999999767,11572.899999999907,11584.999999996973,1,1895.5999999999767,9689.399999996996,0,,Single Text Entry,TextResponseA,4,object-97,1i-3,_,17,1i-3_17,5,Training02,25_PROSECUTE,ASK,.png,25_PROSECUTE_ASK.png,FICH,WUNG,25_PROSECUTE_FICH_WUNG.png,,FICH WUNG,04_WHEEZES_ASK.png,04_WHEEZES_DOTS.png,RUSP WIM,FICH WUNG,FICH WUNG,RUSP WIM,04_WHEEZES_RUSP_WIM.png,RUSP WIM,,,,,
61,1712403100472,06/04/2024 11:31:40,1712406700472,1,06/04/2024 13:31:40,139619,19,task-eihb,,36792837,BLIND,10848541,,complete,,66112dfbbec84a4029f609b2,computer,Desktop or Laptop,Mac OS 10.15.7,Chrome 123.0.0.0,1280x800,1280x713,,,0,1i-3 A Training,4,,,1i-3,,,Pass,,1i-3 A Training,1i-3 A Training,18,Training02,TrainingB,2yfdu9,2,response,,5209.500000003027,5204.300000000047,5209.500000003027,5209.500000003027,5204.300000000047,5209.500000003027,1,5209.500000003027,0,0,,Click Response,Option A,4,object-245,1i-3,_,17,1i-3_17,5,Training02,25_PROSECUTE,ASK,.png,25_PROSECUTE_ASK.png,FICH,WUNG,25_PROSECUTE_FICH_WUNG.png,,FICH WUNG,04_WHEEZES_ASK.png,04_WHEEZES_DOTS.png,RUSP WIM,FICH WUNG,FICH WUNG,RUSP WIM,04_WHEEZES_RUSP_WIM.png,RUSP WIM,,,,,
62,1712403111509,06/04/2024 11:31:51,1712406711509,1,06/04/2024 13:31:51,139619,19,task-eihb,,36792837,BLIND,10848541,,complete,,66112dfbbec84a4029f609b2,computer,Desktop or Laptop,Mac OS 10.15.7,Chrome 123.0.0.0,1280x800,1280x713,,,0,1i-3 A Training,4,,,1i-3,,,Pass,,1i-3 A Training,1i-3 A Training,18,Training02,TrainingC,1ouhhw,3,continue,,11042.39999999106,11039.800000000047,11042.39999999106,11042.39999999106,11039.800000000047,11042.39999999106,1,11042.39999999106,0,0,,Click To Continue,Continue Button,6,object-272,1i-3,_,17,1i-3_17,5,Training02,25_PROSECUTE,ASK,.png,25_PROSECUTE_ASK.png,FICH,WUNG,25_PROSECUTE_FICH_WUNG.png,,FICH WUNG,04_WHEEZES_ASK.png,04_WHEEZES_DOTS.png,RUSP WIM,FICH WUNG,FICH WUNG,RUSP WIM,04_WHEEZES_RUSP_WIM.png,RUSP WIM,,,,,
63,1712403127005,06/04/2024 11:32:07,1712406727005,1,06/04/2024 13:32:07,139619,19,task-eihb,,36792837,BLIND,10848541,,complete,,66112dfbbec84a4029f609b2,computer,Desktop or Laptop,Mac OS 10.15.7,Chrome 123.0.0.0,1280x800,1280x713,,,0,1i-3 A Training,4,,,1i-3,,,Pass,,1i-3 A Training,1i-3 A Training,19,Training02,TrainingA,34efq7,1,response,WOUX WAN,11507,15496.699999999953,15499.499999996973,11507,15496.699999999953,15499.499999996973,1,11507,3992.499999996973,0,,Single Text Entry,TextResponseA,4,object-97,1i-3,_,20,1i-3_20,5,Training02,21_TEACHHOG,ASK,.png,21_TEACHHOG_ASK.png,WOUX,WAN,21_TEACHHOG_WOUX_WAN.png,,WOUX WAN,42_ENGLAND_ASK.png,42_ENGLAND_DOTS.png,WOUX WAN,ZETH WAN,WOUX WAN,ZETH WAN,42_ENGLAND_ZETH_WAN.png,,ZETH WAN,,,,
64,1712403134074,06/04/2024 11:32:14,1712406734074,1,06/04/2024 13:32:14,139619,19,task-eihb,,36792837,BLIND,10848541,,complete,,66112dfbbec84a4029f609b2,computer,Desktop or Laptop,Mac OS 10.15.7,Chrome 123.0.0.0,1280x800,1280x713,,,0,1i-3 A Training,4,,,1i-3,,,Pass,,1i-3 A Training,1i-3 A Training,19,Training02,TrainingB,2yfdu9,2,response,,7071.29999999702,7067.5,7071.29999999702,7071.29999999702,7067.5,7071.29999999702,1,7071.29999999702,0,0,,Click Response,Option B,5,object-246,1i-3,_,20,1i-3_20,5,Training02,21_TEACHHOG,ASK,.png,21_TEACHHOG_ASK.png,WOUX,WAN,21_TEACHHOG_WOUX_WAN.png,,WOUX WAN,42_ENGLAND_ASK.png,42_ENGLAND_DOTS.png,WOUX WAN,ZETH WAN,WOUX WAN,ZETH WAN,42_ENGLAND_ZETH_WAN.png,,ZETH WAN,,,,
65,1712403135150,06/04/2024 11:32:15,1712406735150,1,06/04/2024 13:32:15,139619,19,task-eihb,,36792837,BLIND,10848541,,complete,,66112dfbbec84a4029f609b2,computer,Desktop or Laptop,Mac OS 10.15.7,Chrome 123.0.0.0,1280x800,1280x713,,,0,1i-3 A Training,4,,,1i-3,,,Pass,,1i-3 A Training,1i-3 A Training,19,Training02,TrainingC,1ouhhw,3,continue,,1080.2999999970198,1064.3000000000466,1080.2999999970198,1080.2999999970198,1064.3000000000466,1080.2999999970198,1,1080.2999999970198,0,0,,Click To Continue,Continue Button,6,object-272,1i-3,_,20,1i-3_20,5,Training02,21_TEACHHOG,ASK,.png,21_TEACHHOG_ASK.png,WOUX,WAN,21_TEACHHOG_WOUX_WAN.png,,WOUX WAN,42_ENGLAND_ASK.png,42_ENGLAND_DOTS.png,WOUX WAN,ZETH WAN,WOUX WAN,ZETH WAN,42_ENGLAND_ZETH_WAN.png,,ZETH WAN,,,,
66,1712403154040,06/04/2024 11:32:34,1712406754040,1,06/04/2024 13:32:34,139619,19,task-eihb,,36792837,BLIND,10848541,,complete,,66112dfbbec84a4029f609b2,computer,Desktop or Laptop,Mac OS 10.15.7,Chrome 123.0.0.0,1280x800,1280x713,,,0,1i-3 A Training,4,,,1i-3,,,Pass,,1i-3 A Training,1i-3 A Training,20,Training02,TrainingA,34efq7,1,response,RUSP WIM,16810.29999999993,18904.599999999977,18906.900000002934,16810.29999999993,18904.599999999977,18906.900000002934,1,16810.29999999993,2096.6000000030035,0,,Single Text Entry,TextResponseA,4,object-97,1i-3,_,19,1i-3_19,5,Training02,41_PIXIE,ASK,.png,41_PIXIE_ASK.png,RUSP,WIM,41_PIXIE_RUSP_WIM.png,,RUSP WIM,35_PROPHET_ASK.png,35_PROPHET_DOTS.png,WOUX WAN,RUSP WIM,RUSP WIM,WOUX WAN,35_PROPHET_WOUX_WAN.png,WOUX WAN,,,,,
67,1712403168800,06/04/2024 11:32:48,1712406768800,1,06/04/2024 13:32:48,139619,19,task-eihb,,36792837,BLIND,10848541,,complete,,66112dfbbec84a4029f609b2,computer,Desktop or Laptop,Mac OS 10.15.7,Chrome 123.0.0.0,1280x800,1280x713,,,0,1i-3 A Training,4,,,1i-3,,,Pass,,1i-3 A Training,1i-3 A Training,20,Training02,TrainingB,2yfdu9,2,response,,14762.599999999977,14749.29999999993,14762.599999999977,14762.599999999977,14749.29999999993,14762.599999999977,1,14762.599999999977,0,0,,Click Response,Option A,4,object-245,1i-3,_,19,1i-3_19,5,Training02,41_PIXIE,ASK,.png,41_PIXIE_ASK.png,RUSP,WIM,41_PIXIE_RUSP_WIM.png,,RUSP WIM,35_PROPHET_ASK.png,35_PROPHET_DOTS.png,WOUX WAN,RUSP WIM,RUSP WIM,WOUX WAN,35_PROPHET_WOUX_WAN.png,WOUX WAN,,,,,
68,1712403169774,06/04/2024 11:32:49,1712406769774,1,06/04/2024 13:32:49,139619,19,task-eihb,,36792837,BLIND,10848541,,complete,,66112dfbbec84a4029f609b2,computer,Desktop or Laptop,Mac OS 10.15.7,Chrome 123.0.0.0,1280x800,1280x713,,,0,1i-3 A Training,4,,,1i-3,,,Pass,,1i-3 A Training,1i-3 A Training,20,Training02,TrainingC,1ouhhw,3,continue,,987.0999999970663,981.2000000000698,987.0999999970663,987.0999999970663,981.2000000000698,987.0999999970663,1,987.0999999970663,0,0,,Click To Continue,Continue Button,6,object-272,1i-3,_,19,1i-3_19,5,Training02,41_PIXIE,ASK,.png,41_PIXIE_ASK.png,RUSP,WIM,41_PIXIE_RUSP_WIM.png,,RUSP WIM,35_PROPHET_ASK.png,35_PROPHET_DOTS.png,WOUX WAN,RUSP WIM,RUSP WIM,WOUX WAN,35_PROPHET_WOUX_WAN.png,WOUX WAN,,,,,
69,1712403177829,06/04/2024 11:32:57,1712406777829,1,06/04/2024 13:32:57,139619,19,task-eihb,,36792837,BLIND,10848541,,complete,,66112dfbbec84a4029f609b2,computer,Desktop or Laptop,Mac OS 10.15.7,Chrome 123.0.0.0,1280x800,1280x713,,,0,1i-3 A Training,4,,,1i-3,,,Pass,,1i-3 A Training,1i-3 A Training,21,Training02,TrainingA,34efq7,1,response,WOUX WAN,3724.29999999993,8046.699999999953,8053.8999999969965,3724.29999999993,8046.699999999953,8053.8999999969965,1,3724.29999999993,4329.599999997066,0,,Single Text Entry,TextResponseA,4,object-97,1i-3,_,24,1i-3_24,6,Training02,07_AZKABAN,ASK,.png,07_AZKABAN_ASK.png,WOUX,WAN,07_AZKABAN_WOUX_WAN.png,,WOUX WAN,32_QWC_ASK.png,32_QWC_DOTS.png,WOUX WAN,FICH WUNG,WOUX WAN,FICH WUNG,32_QWC_FICH_WUNG.png,,FICH WUNG,,,,
70,1712403183150,06/04/2024 11:33:03,1712406783150,1,06/04/2024 13:33:03,139619,19,task-eihb,,36792837,BLIND,10848541,,complete,,66112dfbbec84a4029f609b2,computer,Desktop or Laptop,Mac OS 10.15.7,Chrome 123.0.0.0,1280x800,1280x713,,,0,1i-3 A Training,4,,,1i-3,,,Pass,,1i-3 A Training,1i-3 A Training,21,Training02,TrainingB,2yfdu9,2,response,,5323.6000000030035,5320.599999999977,5323.6000000030035,5323.6000000030035,5320.599999999977,5323.6000000030035,1,5323.6000000030035,0,0,,Click Response,Option B,5,object-246,1i-3,_,24,1i-3_24,6,Training02,07_AZKABAN,ASK,.png,07_AZKABAN_ASK.png,WOUX,WAN,07_AZKABAN_WOUX_WAN.png,,WOUX WAN,32_QWC_ASK.png,32_QWC_DOTS.png,WOUX WAN,FICH WUNG,WOUX WAN,FICH WUNG,32_QWC_FICH_WUNG.png,,FICH WUNG,,,,
71,1712403183883,06/04/2024 11:33:03,1712406783883,1,06/04/2024 13:33:03,139619,19,task-eihb,,36792837,BLIND,10848541,,complete,,66112dfbbec84a4029f609b2,computer,Desktop or Laptop,Mac OS 10.15.7,Chrome 123.0.0.0,1280x800,1280x713,,,0,1i-3 A Training,4,,,1i-3,,,Pass,,1i-3 A Training,1i-3 A Training,21,Training02,TrainingC,1ouhhw,3,continue,,736.1999999911059,732.5,736.1999999911059,736.1999999911059,732.5,736.1999999911059,1,736.1999999911059,0,0,,Click To Continue,Continue Button,6,object-272,1i-3,_,24,1i-3_24,6,Training02,07_AZKABAN,ASK,.png,07_AZKABAN_ASK.png,WOUX,WAN,07_AZKABAN_WOUX_WAN.png,,WOUX WAN,32_QWC_ASK.png,32_QWC_DOTS.png,WOUX WAN,FICH WUNG,WOUX WAN,FICH WUNG,32_QWC_FICH_WUNG.png,,FICH WUNG,,,,
72,1712403199682,06/04/2024 11:33:19,1712406799682,1,06/04/2024 13:33:19,139619,19,task-eihb,,36792837,BLIND,10848541,,complete,,66112dfbbec84a4029f609b2,computer,Desktop or Laptop,Mac OS 10.15.7,Chrome 123.0.0.0,1280x800,1280x713,,,0,1i-3 A Training,4,,,1i-3,,,Pass,,1i-3 A Training,1i-3 A Training,22,Training02,TrainingA,34efq7,1,response,ZETH WAN,2045.4000000000233,15795.400000000023,15797.300000000047,2045.4000000000233,15795.400000000023,15797.300000000047,1,2045.4000000000233,13751.900000000023,0,,Single Text Entry,TextResponseA,4,object-97,1i-3,_,22,1i-3_22,6,Training02,26_ERISED,ASK,.png,26_ERISED_ASK.png,ZETH,WAN,26_ERISED_ZETH_WAN.png,,ZETH WAN,18_LIVEGODRIC_ASK.png,18_LIVEGODRIC_DOTS.png,RUSP WIM,ZETH WAN,ZETH WAN,RUSP WIM,18_LIVEGODRIC_RUSP_WIM.png,RUSP WIM,,,,,
73,1712403210752,06/04/2024 11:33:30,1712406810752,1,06/04/2024 13:33:30,139619,19,task-eihb,,36792837,BLIND,10848541,,complete,,66112dfbbec84a4029f609b2,computer,Desktop or Laptop,Mac OS 10.15.7,Chrome 123.0.0.0,1280x800,1280x713,,,0,1i-3 A Training,4,,,1i-3,,,Pass,,1i-3 A Training,1i-3 A Training,22,Training02,TrainingB,2yfdu9,2,response,,11069.699999997043,11058.20000000007,11069.699999997043,11069.699999997043,11058.20000000007,11069.699999997043,1,11069.699999997043,0,0,,Click Response,Option A,4,object-245,1i-3,_,22,1i-3_22,6,Training02,26_ERISED,ASK,.png,26_ERISED_ASK.png,ZETH,WAN,26_ERISED_ZETH_WAN.png,,ZETH WAN,18_LIVEGODRIC_ASK.png,18_LIVEGODRIC_DOTS.png,RUSP WIM,ZETH WAN,ZETH WAN,RUSP WIM,18_LIVEGODRIC_RUSP_WIM.png,RUSP WIM,,,,,
74,1712403211859,06/04/2024 11:33:31,1712406811859,1,06/04/2024 13:33:31,139619,19,task-eihb,,36792837,BLIND,10848541,,complete,,66112dfbbec84a4029f609b2,computer,Desktop or Laptop,Mac OS 10.15.7,Chrome 123.0.0.0,1280x800,1280x713,,,0,1i-3 A Training,4,,,1i-3,,,Pass,,1i-3 A Training,1i-3 A Training,22,Training02,TrainingC,1ouhhw,3,continue,,1119.0999999910127,1114,1119.0999999910127,1119.0999999910127,1114,1119.0999999910127,1,1119.0999999910127,0,0,,Click To Continue,Continue Button,6,object-272,1i-3,_,22,1i-3_22,6,Training02,26_ERISED,ASK,.png,26_ERISED_ASK.png,ZETH,WAN,26_ERISED_ZETH_WAN.png,,ZETH WAN,18_LIVEGODRIC_ASK.png,18_LIVEGODRIC_DOTS.png,RUSP WIM,ZETH WAN,ZETH WAN,RUSP WIM,18_LIVEGODRIC_RUSP_WIM.png,RUSP WIM,,,,,
75,1712403224167,06/04/2024 11:33:44,1712406824167,1,06/04/2024 13:33:44,139619,19,task-eihb,,36792837,BLIND,10848541,,complete,,66112dfbbec84a4029f609b2,computer,Desktop or Laptop,Mac OS 10.15.7,Chrome 123.0.0.0,1280x800,1280x713,,,0,1i-3 A Training,4,,,1i-3,,,Pass,,1i-3 A Training,1i-3 A Training,23,Training02,TrainingA,34efq7,1,response,FICH WUNG,10891,12304.29999999993,12312.699999999953,10891,12304.29999999993,12312.699999999953,1,10891,1421.6999999999534,0,,Single Text Entry,TextResponseA,4,object-97,1i-3,_,21,1i-3_21,6,Training02,39_STOPHAGRID,ASK,.png,39_STOPHAGRID_ASK.png,FICH,WUNG,39_STOPHAGRID_FICH_WUNG.png,,FICH WUNG,14_MUNGOS_ASK.png,14_MUNGOS_DOTS.png,WOUX WAN,FICH WUNG,FICH WUNG,WOUX WAN,14_MUNGOS_WOUX_WAN.png,WOUX WAN,,,,,
76,1712403229857,06/04/2024 11:33:49,1712406829857,1,06/04/2024 13:33:49,139619,19,task-eihb,,36792837,BLIND,10848541,,complete,,66112dfbbec84a4029f609b2,computer,Desktop or Laptop,Mac OS 10.15.7,Chrome 123.0.0.0,1280x800,1280x713,,,0,1i-3 A Training,4,,,1i-3,,,Pass,,1i-3 A Training,1i-3 A Training,23,Training02,TrainingB,2yfdu9,2,response,,5697.799999991083,5686.70000000007,5697.799999991083,5697.799999991083,5686.70000000007,5697.799999991083,1,5697.799999991083,0,0,,Click Response,Option A,4,object-245,1i-3,_,21,1i-3_21,6,Training02,39_STOPHAGRID,ASK,.png,39_STOPHAGRID_ASK.png,FICH,WUNG,39_STOPHAGRID_FICH_WUNG.png,,FICH WUNG,14_MUNGOS_ASK.png,14_MUNGOS_DOTS.png,WOUX WAN,FICH WUNG,FICH WUNG,WOUX WAN,14_MUNGOS_WOUX_WAN.png,WOUX WAN,,,,,
77,1712403230845,06/04/2024 11:33:50,1712406830845,1,06/04/2024 13:33:50,139619,19,task-eihb,,36792837,BLIND,10848541,,complete,,66112dfbbec84a4029f609b2,computer,Desktop or Laptop,Mac OS 10.15.7,Chrome 123.0.0.0,1280x800,1280x713,,,0,1i-3 A Training,4,,,1i-3,,,Pass,,1i-3 A Training,1i-3 A Training,23,Training02,TrainingC,1ouhhw,3,continue,,999.4000000029337,996.7999999999302,999.4000000029337,999.4000000029337,996.7999999999302,999.4000000029337,1,999.4000000029337,0,0,,Click To Continue,Continue Button,6,object-272,1i-3,_,21,1i-3_21,6,Training02,39_STOPHAGRID,ASK,.png,39_STOPHAGRID_ASK.png,FICH,WUNG,39_STOPHAGRID_FICH_WUNG.png,,FICH WUNG,14_MUNGOS_ASK.png,14_MUNGOS_DOTS.png,WOUX WAN,FICH WUNG,FICH WUNG,WOUX WAN,14_MUNGOS_WOUX_WAN.png,WOUX WAN,,,,,
78,1712403242976,06/04/2024 11:34:02,1712406842976,1,06/04/2024 13:34:02,139619,19,task-eihb,,36792837,BLIND,10848541,,complete,,66112dfbbec84a4029f609b2,computer,Desktop or Laptop,Mac OS 10.15.7,Chrome 123.0.0.0,1280x800,1280x713,,,0,1i-3 A Training,4,,,1i-3,,,Pass,,1i-3 A Training,1i-3 A Training,24,Training02,TrainingA,34efq7,1,response,RUSP WIM,3508.20000000007,12121.599999999977,12132.999999994063,3508.20000000007,12121.599999999977,12132.999999994063,1,3508.20000000007,8624.799999993993,0,,Single Text Entry,TextResponseA,4,object-97,1i-3,_,23,1i-3_23,6,Training02,20_PULLSWORD,ASK,.png,20_PULLSWORD_ASK.png,RUSP,WIM,20_PULLSWORD_RUSP_WIM.png,,RUSP WIM,28_GALLEONS_ASK.png,28_GALLEONS_DOTS.png,RUSP WIM,ZETH WAN,RUSP WIM,ZETH WAN,28_GALLEONS_ZETH_WAN.png,,ZETH WAN,,,,
79,1712403251789,06/04/2024 11:34:11,1712406851789,1,06/04/2024 13:34:11,139619,19,task-eihb,,36792837,BLIND,10848541,,complete,,66112dfbbec84a4029f609b2,computer,Desktop or Laptop,Mac OS 10.15.7,Chrome 123.0.0.0,1280x800,1280x713,,,0,1i-3 A Training,4,,,1i-3,,,Pass,,1i-3 A Training,1i-3 A Training,24,Training02,TrainingB,2yfdu9,2,response,,8824.800000000047,8812.20000000007,8824.800000000047,8824.800000000047,8812.20000000007,8824.800000000047,1,8824.800000000047,0,0,,Click Response,Option B,5,object-246,1i-3,_,23,1i-3_23,6,Training02,20_PULLSWORD,ASK,.png,20_PULLSWORD_ASK.png,RUSP,WIM,20_PULLSWORD_RUSP_WIM.png,,RUSP WIM,28_GALLEONS_ASK.png,28_GALLEONS_DOTS.png,RUSP WIM,ZETH WAN,RUSP WIM,ZETH WAN,28_GALLEONS_ZETH_WAN.png,,ZETH WAN,,,,
80,1712403252683,06/04/2024 11:34:12,1712406852683,1,06/04/2024 13:34:12,139619,19,task-eihb,,36792837,BLIND,10848541,,complete,,66112dfbbec84a4029f609b2,computer,Desktop or Laptop,Mac OS 10.15.7,Chrome 123.0.0.0,1280x800,1280x713,,,0,1i-3 A Training,4,,,1i-3,,,Pass,,1i-3 A Training,1i-3 A Training,24,Training02,TrainingC,1ouhhw,3,continue,,906.499999991036,897.7999999999302,906.499999991036,906.499999991036,897.7999999999302,906.499999991036,1,906.499999991036,0,0,,Click To Continue,Continue Button,6,object-272,1i-3,_,23,1i-3_23,6,Training02,20_PULLSWORD,ASK,.png,20_PULLSWORD_ASK.png,RUSP,WIM,20_PULLSWORD_RUSP_WIM.png,,RUSP WIM,28_GALLEONS_ASK.png,28_GALLEONS_DOTS.png,RUSP WIM,ZETH WAN,RUSP WIM,ZETH WAN,28_GALLEONS_ZETH_WAN.png,,ZETH WAN,,,,
81,1712403252689,06/04/2024 11:34:12,1712406852689,1,06/04/2024 13:34:12,139619,19,task-eihb,,36792837,BLIND,10848541,,complete,,66112dfbbec84a4029f609b2,computer,Desktop or Laptop,Mac OS 10.15.7,Chrome 123.0.0.0,1280x800,1280x713,,,0,1i-3 A Training,4,,,1i-3,,,Pass,,1i-3 A Training,1i-3 A Training,,,,,,5,END,,,,,,,0,,,,,,,,,,,,,,,,,,,,,,,,,,,,,,,,,,,,
1,1712407236976,06/04/2024 12:40:36,1712410836976,1,06/04/2024 14:40:36,139619,19,task-eihb,,36793868,BLIND,10848846,,complete,,6611405f9a28066cb144dd85,computer,Desktop or Laptop,Windows 10,Chrome 122.0.0.0,1920x1200,1920x1073,,,0,1i-3 A Training,4,,,1i-3,,,Pass,,1i-3 A Training,1i-3 A Training,,,,,,5,BEGIN,,,,,,,0,,,,,,,,,,,,,,,,,,,,,,,,,,,,,,,,,,,,
2,1712407240935,06/04/2024 12:40:40,1712410840935,1,06/04/2024 14:40:40,139619,19,task-eihb,,36793868,BLIND,10848846,,complete,,6611405f9a28066cb144dd85,computer,Desktop or Laptop,Windows 10,Chrome 122.0.0.0,1920x1200,1920x1073,,,0,1i-3 A Training,4,,,1i-3,,,Pass,,1i-3 A Training,1i-3 A Training,1,Instructions,Attention Check 5,4xnmv6,1,continue,,3867.5999999940395,3853.1000000000004,3867.5999999940395,3867.5999999940395,3853.1000000000004,3867.5999999940395,1,3867.5999999940395,0,0,,Click To Continue,Continue Button,4,object-285,,,,,,Instructions,,,,,,,,,,,,,,,,,,,,,,
3,1712407240935,06/04/2024 12:40:40,1712410840935,1,06/04/2024 14:40:40,139619,19,task-eihb,,36793868,BLIND,10848846,,complete,,6611405f9a28066cb144dd85,computer,Desktop or Laptop,Windows 10,Chrome 122.0.0.0,1920x1200,1920x1073,,,0,1i-3 A Training,4,,,1i-3,,,Pass,,1i-3 A Training,1i-3 A Training,1,Instructions,Attention Check 5,4xnmv6,1,response,Accio!,3069.2,3853.1000000000004,3868.0999999940395,3069.2,3853.1000000000004,3868.0999999940395,1,3069.2,798.8999999940397,0,,Dropdown,Dropdown5,3,object-284,,,,,,Instructions,,,,,,,,,,,,,,,,,,,,,,
4,1712407247202,06/04/2024 12:40:47,1712410847202,1,06/04/2024 14:40:47,139619,19,task-eihb,,36793868,BLIND,10848846,,complete,,6611405f9a28066cb144dd85,computer,Desktop or Laptop,Windows 10,Chrome 122.0.0.0,1920x1200,1920x1073,,,0,1i-3 A Training,4,,,1i-3,,,Pass,,1i-3 A Training,1i-3 A Training,1,Instructions,Attention Check 6,wf497f,2,continue,,6281.699999997019,6271.799999999999,6281.699999997019,6281.699999997019,6271.799999999999,6281.699999997019,1,6281.699999997019,0,0,,Click To Continue,Continue Button,4,object-292,,,,,,Instructions,,,,,,,,,,,,,,,,,,,,,,
5,1712407247203,06/04/2024 12:40:47,1712410847203,1,06/04/2024 14:40:47,139619,19,task-eihb,,36793868,BLIND,10848846,,complete,,6611405f9a28066cb144dd85,computer,Desktop or Laptop,Windows 10,Chrome 122.0.0.0,1920x1200,1920x1073,,,0,1i-3 A Training,4,,,1i-3,,,Pass,,1i-3 A Training,1i-3 A Training,1,Instructions,Attention Check 6,wf497f,2,response,The Invisibility Cloak,5371.1,6271.799999999999,6283.10000000298,5371.1,6271.799999999999,6283.10000000298,1,5371.1,912.0000000029795,0,,Dropdown,Dropdown6,3,object-291,,,,,,Instructions,,,,,,,,,,,,,,,,,,,,,,
6,1712407249997,06/04/2024 12:40:49,1712410849997,1,06/04/2024 14:40:49,139619,19,task-eihb,,36793868,BLIND,10848846,,complete,,6611405f9a28066cb144dd85,computer,Desktop or Laptop,Windows 10,Chrome 122.0.0.0,1920x1200,1920x1073,,,0,1i-3 A Training,4,,,1i-3,,,Pass,,1i-3 A Training,1i-3 A Training,1,Instructions,Screen 22,3y4guk,3,continue,,2804.4999999910597,2802.300000000001,2804.4999999910597,2804.4999999910597,2802.300000000001,2804.4999999910597,1,2804.4999999910597,0,0,,Click To Continue,Continue Button,3,object-297,,,,,,Instructions,,,,,,,,,,,,,,,,,,,,,,
7,1712407260601,06/04/2024 12:41:00,1712410860601,1,06/04/2024 14:41:00,139619,19,task-eihb,,36793868,BLIND,10848846,,complete,,6611405f9a28066cb144dd85,computer,Desktop or Laptop,Windows 10,Chrome 122.0.0.0,1920x1200,1920x1073,,,0,1i-3 A Training,4,,,1i-3,,,Pass,,1i-3 A Training,1i-3 A Training,1,Instructions,Instructions 02,q3gk2e,4,continue,,10606.50000000298,10591.899999999998,10606.50000000298,10606.50000000298,10591.899999999998,10606.50000000298,1,10606.50000000298,0,0,,Click To Continue,Continue Button,2,object-75,,,,,,Instructions,,,,,,,,,,,,,,,,,,,,,,
8,1712407262570,06/04/2024 12:41:02,1712410862570,1,06/04/2024 14:41:02,139619,19,task-eihb,,36793868,BLIND,10848846,,complete,,6611405f9a28066cb144dd85,computer,Desktop or Laptop,Windows 10,Chrome 122.0.0.0,1920x1200,1920x1073,,,0,1i-3 A Training,4,,,1i-3,,,Pass,,1i-3 A Training,1i-3 A Training,1,Instructions,Instructions 03,gxa3vr,5,continue,,1983.1999999970212,1968.2000000000007,1983.1999999970212,1983.1999999970212,1968.2000000000007,1983.1999999970212,1,1983.1999999970212,0,0,,Click To Continue,Continue Button,1,object-165,,,,,,Instructions,,,,,,,,,,,,,,,,,,,,,,
9,1712407276228,06/04/2024 12:41:16,1712410876228,1,06/04/2024 14:41:16,139619,19,task-eihb,,36793868,BLIND,10848846,,complete,,6611405f9a28066cb144dd85,computer,Desktop or Laptop,Windows 10,Chrome 122.0.0.0,1920x1200,1920x1073,,,0,1i-3 A Training,4,,,1i-3,,,Pass,,1i-3 A Training,1i-3 A Training,1,Training02,TrainingA,34efq7,1,response,WOUX WAN,10058.2,13661.100000000002,13673.09999999106,10058.2,13661.100000000002,13673.09999999106,1,10058.2,3614.8999999910593,0,,Single Text Entry,TextResponseA,4,object-97,1i-3,_,04,1i-3_04,1,Training02,35_PROPHET,ASK,.png,35_PROPHET_ASK.png,WOUX,WAN,35_PROPHET_WOUX_WAN.png,,WOUX WAN,40_BURYSNAPE_ASK.png,40_BURYSNAPE_DOTS.png,WOUX WAN,RUSP WIM,WOUX WAN,RUSP WIM,40_BURYSNAPE_RUSP_WIM.png,,RUSP WIM,,,,
10,1712407288442,06/04/2024 12:41:28,1712410888442,1,06/04/2024 14:41:28,139619,19,task-eihb,,36793868,BLIND,10848846,,complete,,6611405f9a28066cb144dd85,computer,Desktop or Laptop,Windows 10,Chrome 122.0.0.0,1920x1200,1920x1073,,,0,1i-3 A Training,4,,,1i-3,,,Pass,,1i-3 A Training,1i-3 A Training,1,Training02,TrainingB,2yfdu9,2,response,,12226.399999997018,12210,12226.399999997018,12226.399999997018,12210,12226.399999997018,1,12226.399999997018,0,0,,Click Response,Option B,5,object-246,1i-3,_,04,1i-3_04,1,Training02,35_PROPHET,ASK,.png,35_PROPHET_ASK.png,WOUX,WAN,35_PROPHET_WOUX_WAN.png,,WOUX WAN,40_BURYSNAPE_ASK.png,40_BURYSNAPE_DOTS.png,WOUX WAN,RUSP WIM,WOUX WAN,RUSP WIM,40_BURYSNAPE_RUSP_WIM.png,,RUSP WIM,,,,
11,1712407289538,06/04/2024 12:41:29,1712410889538,1,06/04/2024 14:41:29,139619,19,task-eihb,,36793868,BLIND,10848846,,complete,,6611405f9a28066cb144dd85,computer,Desktop or Laptop,Windows 10,Chrome 122.0.0.0,1920x1200,1920x1073,,,0,1i-3 A Training,4,,,1i-3,,,Pass,,1i-3 A Training,1i-3 A Training,1,Training02,TrainingC,1ouhhw,3,continue,,1111.8999999970183,1100.7999999999956,1111.8999999970183,1111.8999999970183,1100.7999999999956,1111.8999999970183,1,1111.8999999970183,0,0,,Click To Continue,Continue Button,6,object-272,1i-3,_,04,1i-3_04,1,Training02,35_PROPHET,ASK,.png,35_PROPHET_ASK.png,WOUX,WAN,35_PROPHET_WOUX_WAN.png,,WOUX WAN,40_BURYSNAPE_ASK.png,40_BURYSNAPE_DOTS.png,WOUX WAN,RUSP WIM,WOUX WAN,RUSP WIM,40_BURYSNAPE_RUSP_WIM.png,,RUSP WIM,,,,
12,1712407306540,06/04/2024 12:41:46,1712410906540,1,06/04/2024 14:41:46,139619,19,task-eihb,,36793868,BLIND,10848846,,complete,,6611405f9a28066cb144dd85,computer,Desktop or Laptop,Windows 10,Chrome 122.0.0.0,1920x1200,1920x1073,,,0,1i-3 A Training,4,,,1i-3,,,Pass,,1i-3 A Training,1i-3 A Training,2,Training02,TrainingA,34efq7,1,response,RUSP WIM,6588.700000000004,16997.100000000006,17013.000000002983,6588.700000000004,16997.100000000006,17013.000000002983,1,6588.700000000004,10424.300000002979,0,,Single Text Entry,TextResponseA,4,object-97,1i-3,_,03,1i-3_03,1,Training02,13_QUIBBLER,ASK,.png,13_QUIBBLER_ASK.png,RUSP,WIM,13_QUIBBLER_RUSP_WIM.png,,RUSP WIM,27_BESTSELLER_ASK.png,27_BESTSELLER_DOTS.png,FICH WUNG,RUSP WIM,RUSP WIM,FICH WUNG,27_BESTSELLER_FICH_WUNG.png,FICH WUNG,,,,,
13,1712407313188,06/04/2024 12:41:53,1712410913188,1,06/04/2024 14:41:53,139619,19,task-eihb,,36793868,BLIND,10848846,,complete,,6611405f9a28066cb144dd85,computer,Desktop or Laptop,Windows 10,Chrome 122.0.0.0,1920x1200,1920x1073,,,0,1i-3 A Training,4,,,1i-3,,,Pass,,1i-3 A Training,1i-3 A Training,2,Training02,TrainingB,2yfdu9,2,response,,6664.199999999997,6655.399999999994,6664.199999999997,6664.199999999997,6655.399999999994,6664.199999999997,1,6664.199999999997,0,0,,Click Response,Option B,5,object-246,1i-3,_,03,1i-3_03,1,Training02,13_QUIBBLER,ASK,.png,13_QUIBBLER_ASK.png,RUSP,WIM,13_QUIBBLER_RUSP_WIM.png,,RUSP WIM,27_BESTSELLER_ASK.png,27_BESTSELLER_DOTS.png,FICH WUNG,RUSP WIM,RUSP WIM,FICH WUNG,27_BESTSELLER_FICH_WUNG.png,FICH WUNG,,,,,
14,1712407330401,06/04/2024 12:42:10,1712410930401,1,06/04/2024 14:42:10,139619,19,task-eihb,,36793868,BLIND,10848846,,complete,,6611405f9a28066cb144dd85,computer,Desktop or Laptop,Windows 10,Chrome 122.0.0.0,1920x1200,1920x1073,,,0,1i-3 A Training,4,,,1i-3,,,Pass,,1i-3 A Training,1i-3 A Training,2,Training02,TrainingC,1ouhhw,3,continue,,17222.000000002983,17214,17222.000000002983,17222.000000002983,17214,17222.000000002983,1,17222.000000002983,0,0,,Click To Continue,Continue Button,6,object-272,1i-3,_,03,1i-3_03,1,Training02,13_QUIBBLER,ASK,.png,13_QUIBBLER_ASK.png,RUSP,WIM,13_QUIBBLER_RUSP_WIM.png,,RUSP WIM,27_BESTSELLER_ASK.png,27_BESTSELLER_DOTS.png,FICH WUNG,RUSP WIM,RUSP WIM,FICH WUNG,27_BESTSELLER_FICH_WUNG.png,FICH WUNG,,,,,
15,1712407361205,06/04/2024 12:42:41,1712410961205,1,06/04/2024 14:42:41,139619,19,task-eihb,,36793868,BLIND,10848846,,complete,,6611405f9a28066cb144dd85,computer,Desktop or Laptop,Windows 10,Chrome 122.0.0.0,1920x1200,1920x1073,,,0,1i-3 A Training,4,,,1i-3,,,Pass,,1i-3 A Training,1i-3 A Training,3,Training02,TrainingA,34efq7,1,response,FICH WUNG,26855.100000000006,30808.300000000003,30811.699999991062,26855.100000000006,30808.300000000003,30811.699999991062,1,26855.100000000006,3956.5999999910564,0,,Single Text Entry,TextResponseA,4,object-97,1i-3,_,01,1i-3_01,1,Training02,04_WHEEZES,ASK,.png,04_WHEEZES_ASK.png,FICH,WUNG,04_WHEEZES_FICH_WUNG.png,,FICH WUNG,05_AUROR_ASK.png,05_AUROR_DOTS.png,FICH WUNG,ZETH WAN,FICH WUNG,ZETH WAN,05_AUROR_ZETH_WAN.png,,ZETH WAN,,,,
16,1712407367074,06/04/2024 12:42:47,1712410967074,1,06/04/2024 14:42:47,139619,19,task-eihb,,36793868,BLIND,10848846,,complete,,6611405f9a28066cb144dd85,computer,Desktop or Laptop,Windows 10,Chrome 122.0.0.0,1920x1200,1920x1073,,,0,1i-3 A Training,4,,,1i-3,,,Pass,,1i-3 A Training,1i-3 A Training,3,Training02,TrainingB,2yfdu9,2,response,,5872.5999999940395,5871.399999999994,5872.5999999940395,5872.5999999940395,5871.399999999994,5872.5999999940395,1,5872.5999999940395,0,0,,Click Response,Option A,4,object-245,1i-3,_,01,1i-3_01,1,Training02,04_WHEEZES,ASK,.png,04_WHEEZES_ASK.png,FICH,WUNG,04_WHEEZES_FICH_WUNG.png,,FICH WUNG,05_AUROR_ASK.png,05_AUROR_DOTS.png,FICH WUNG,ZETH WAN,FICH WUNG,ZETH WAN,05_AUROR_ZETH_WAN.png,,ZETH WAN,,,,
17,1712407371054,06/04/2024 12:42:51,1712410971054,1,06/04/2024 14:42:51,139619,19,task-eihb,,36793868,BLIND,10848846,,complete,,6611405f9a28066cb144dd85,computer,Desktop or Laptop,Windows 10,Chrome 122.0.0.0,1920x1200,1920x1073,,,0,1i-3 A Training,4,,,1i-3,,,Pass,,1i-3 A Training,1i-3 A Training,3,Training02,TrainingC,1ouhhw,3,continue,,3980.999999991065,3969.899999999994,3980.999999991065,3980.999999991065,3969.899999999994,3980.999999991065,1,3980.999999991065,0,0,,Click To Continue,Continue Button,6,object-272,1i-3,_,01,1i-3_01,1,Training02,04_WHEEZES,ASK,.png,04_WHEEZES_ASK.png,FICH,WUNG,04_WHEEZES_FICH_WUNG.png,,FICH WUNG,05_AUROR_ASK.png,05_AUROR_DOTS.png,FICH WUNG,ZETH WAN,FICH WUNG,ZETH WAN,05_AUROR_ZETH_WAN.png,,ZETH WAN,,,,
18,1712407380873,06/04/2024 12:43:00,1712410980873,1,06/04/2024 14:43:00,139619,19,task-eihb,,36793868,BLIND,10848846,,complete,,6611405f9a28066cb144dd85,computer,Desktop or Laptop,Windows 10,Chrome 122.0.0.0,1920x1200,1920x1073,,,0,1i-3 A Training,4,,,1i-3,,,Pass,,1i-3 A Training,1i-3 A Training,4,Training02,TrainingA,34efq7,1,response,ZETH WAN,6405.200000000012,9824.600000000006,9829.900000002992,6405.200000000012,9824.600000000006,9829.900000002992,1,6405.200000000012,3424.7000000029802,0,,Single Text Entry,TextResponseA,4,object-97,1i-3,_,02,1i-3_02,1,Training02,40_BURYSNAPE,ASK,.png,40_BURYSNAPE_ASK.png,ZETH,WAN,40_BURYSNAPE_ZETH_WAN.png,,ZETH WAN,20_PULLSWORD_ASK.png,20_PULLSWORD_DOTS.png,WOUX WAN,ZETH WAN,ZETH WAN,WOUX WAN,20_PULLSWORD_WOUX_WAN.png,WOUX WAN,,,,,
19,1712407385847,06/04/2024 12:43:05,1712410985847,1,06/04/2024 14:43:05,139619,19,task-eihb,,36793868,BLIND,10848846,,complete,,6611405f9a28066cb144dd85,computer,Desktop or Laptop,Windows 10,Chrome 122.0.0.0,1920x1200,1920x1073,,,0,1i-3 A Training,4,,,1i-3,,,Pass,,1i-3 A Training,1i-3 A Training,4,Training02,TrainingB,2yfdu9,2,response,,4979.499999991065,4970.8000000000175,4979.499999991065,4979.499999991065,4970.8000000000175,4979.499999991065,1,4979.499999991065,0,0,,Click Response,Option B,5,object-246,1i-3,_,02,1i-3_02,1,Training02,40_BURYSNAPE,ASK,.png,40_BURYSNAPE_ASK.png,ZETH,WAN,40_BURYSNAPE_ZETH_WAN.png,,ZETH WAN,20_PULLSWORD_ASK.png,20_PULLSWORD_DOTS.png,WOUX WAN,ZETH WAN,ZETH WAN,WOUX WAN,20_PULLSWORD_WOUX_WAN.png,WOUX WAN,,,,,
20,1712407389881,06/04/2024 12:43:09,1712410989881,1,06/04/2024 14:43:09,139619,19,task-eihb,,36793868,BLIND,10848846,,complete,,6611405f9a28066cb144dd85,computer,Desktop or Laptop,Windows 10,Chrome 122.0.0.0,1920x1200,1920x1073,,,0,1i-3 A Training,4,,,1i-3,,,Pass,,1i-3 A Training,1i-3 A Training,4,Training02,TrainingC,1ouhhw,3,continue,,4042.7999999999884,4036.5999999999767,4042.7999999999884,4042.7999999999884,4036.5999999999767,4042.7999999999884,1,4042.7999999999884,0,0,,Click To Continue,Continue Button,6,object-272,1i-3,_,02,1i-3_02,1,Training02,40_BURYSNAPE,ASK,.png,40_BURYSNAPE_ASK.png,ZETH,WAN,40_BURYSNAPE_ZETH_WAN.png,,ZETH WAN,20_PULLSWORD_ASK.png,20_PULLSWORD_DOTS.png,WOUX WAN,ZETH WAN,ZETH WAN,WOUX WAN,20_PULLSWORD_WOUX_WAN.png,WOUX WAN,,,,,
21,1712407404893,06/04/2024 12:43:24,1712411004893,1,06/04/2024 14:43:24,139619,19,task-eihb,,36793868,BLIND,10848846,,complete,,6611405f9a28066cb144dd85,computer,Desktop or Laptop,Windows 10,Chrome 122.0.0.0,1920x1200,1920x1073,,,0,1i-3 A Training,4,,,1i-3,,,Pass,,1i-3 A Training,1i-3 A Training,5,Training02,TrainingA,34efq7,1,response,RUSP WIM,2068.3000000000175,15012.100000000006,15017.999999997031,2068.3000000000175,15012.100000000006,15017.999999997031,1,2068.3000000000175,12949.699999997014,0,,Single Text Entry,TextResponseA,4,object-97,1i-3,_,07,1i-3_07,2,Training02,34_FANLETTERS,ASK,.png,34_FANLETTERS_ASK.png,RUSP,WIM,34_FANLETTERS_RUSP_WIM.png,,RUSP WIM,34_FANLETTERS_ASK.png,34_FANLETTERS_DOTS.png,RUSP WIM,WOUX WAN,RUSP WIM,WOUX WAN,34_FANLETTERS_WOUX_WAN.png,,WOUX WAN,,,,
22,1712407408963,06/04/2024 12:43:28,1712411008963,1,06/04/2024 14:43:28,139619,19,task-eihb,,36793868,BLIND,10848846,,complete,,6611405f9a28066cb144dd85,computer,Desktop or Laptop,Windows 10,Chrome 122.0.0.0,1920x1200,1920x1073,,,0,1i-3 A Training,4,,,1i-3,,,Pass,,1i-3 A Training,1i-3 A Training,5,Training02,TrainingB,2yfdu9,2,response,,4075.999999991065,4070,4075.999999991065,4075.999999991065,4070,4075.999999991065,1,4075.999999991065,0,0,,Click Response,Option A,4,object-245,1i-3,_,07,1i-3_07,2,Training02,34_FANLETTERS,ASK,.png,34_FANLETTERS_ASK.png,RUSP,WIM,34_FANLETTERS_RUSP_WIM.png,,RUSP WIM,34_FANLETTERS_ASK.png,34_FANLETTERS_DOTS.png,RUSP WIM,WOUX WAN,RUSP WIM,WOUX WAN,34_FANLETTERS_WOUX_WAN.png,,WOUX WAN,,,,
23,1712407411415,06/04/2024 12:43:31,1712411011415,1,06/04/2024 14:43:31,139619,19,task-eihb,,36793868,BLIND,10848846,,complete,,6611405f9a28066cb144dd85,computer,Desktop or Laptop,Windows 10,Chrome 122.0.0.0,1920x1200,1920x1073,,,0,1i-3 A Training,4,,,1i-3,,,Pass,,1i-3 A Training,1i-3 A Training,5,Training02,TrainingC,1ouhhw,3,continue,,2458.1999999940454,2452,2458.1999999940454,2458.1999999940454,2452,2458.1999999940454,1,2458.1999999940454,0,0,,Click To Continue,Continue Button,6,object-272,1i-3,_,07,1i-3_07,2,Training02,34_FANLETTERS,ASK,.png,34_FANLETTERS_ASK.png,RUSP,WIM,34_FANLETTERS_RUSP_WIM.png,,RUSP WIM,34_FANLETTERS_ASK.png,34_FANLETTERS_DOTS.png,RUSP WIM,WOUX WAN,RUSP WIM,WOUX WAN,34_FANLETTERS_WOUX_WAN.png,,WOUX WAN,,,,
24,1712407421957,06/04/2024 12:43:41,1712411021957,1,06/04/2024 14:43:41,139619,19,task-eihb,,36793868,BLIND,10848846,,complete,,6611405f9a28066cb144dd85,computer,Desktop or Laptop,Windows 10,Chrome 122.0.0.0,1920x1200,1920x1073,,,0,1i-3 A Training,4,,,1i-3,,,Pass,,1i-3 A Training,1i-3 A Training,6,Training02,TrainingA,34efq7,1,response,ZETH WAN,8206.600000000006,10541.800000000017,10547.899999997026,8206.600000000006,10541.800000000017,10547.899999997026,1,8206.600000000006,2341.2999999970198,0,,Single Text Entry,TextResponseA,4,object-97,1i-3,_,06,1i-3_06,2,Training02,12_SKEETER,ASK,.png,12_SKEETER_ASK.png,ZETH,WAN,12_SKEETER_ZETH_WAN.png,,ZETH WAN,12_SKEETER_ASK.png,12_SKEETER_DOTS.png,FICH WUNG,ZETH WAN,ZETH WAN,FICH WUNG,12_SKEETER_FICH_WUNG.png,FICH WUNG,,,,,
25,1712407424736,06/04/2024 12:43:44,1712411024736,1,06/04/2024 14:43:44,139619,19,task-eihb,,36793868,BLIND,10848846,,complete,,6611405f9a28066cb144dd85,computer,Desktop or Laptop,Windows 10,Chrome 122.0.0.0,1920x1200,1920x1073,,,0,1i-3 A Training,4,,,1i-3,,,Pass,,1i-3 A Training,1i-3 A Training,6,Training02,TrainingB,2yfdu9,2,response,,2785.1999999910477,2769,2785.1999999910477,2785.1999999910477,2769,2785.1999999910477,1,2785.1999999910477,0,0,,Click Response,Option B,5,object-246,1i-3,_,06,1i-3_06,2,Training02,12_SKEETER,ASK,.png,12_SKEETER_ASK.png,ZETH,WAN,12_SKEETER_ZETH_WAN.png,,ZETH WAN,12_SKEETER_ASK.png,12_SKEETER_DOTS.png,FICH WUNG,ZETH WAN,ZETH WAN,FICH WUNG,12_SKEETER_FICH_WUNG.png,FICH WUNG,,,,,
26,1712407427618,06/04/2024 12:43:47,1712411027618,1,06/04/2024 14:43:47,139619,19,task-eihb,,36793868,BLIND,10848846,,complete,,6611405f9a28066cb144dd85,computer,Desktop or Laptop,Windows 10,Chrome 122.0.0.0,1920x1200,1920x1073,,,0,1i-3 A Training,4,,,1i-3,,,Pass,,1i-3 A Training,1i-3 A Training,6,Training02,TrainingC,1ouhhw,3,continue,,2898.399999994028,2885.6999999999825,2898.399999994028,2898.399999994028,2885.6999999999825,2898.399999994028,1,2898.399999994028,0,0,,Click To Continue,Continue Button,6,object-272,1i-3,_,06,1i-3_06,2,Training02,12_SKEETER,ASK,.png,12_SKEETER_ASK.png,ZETH,WAN,12_SKEETER_ZETH_WAN.png,,ZETH WAN,12_SKEETER_ASK.png,12_SKEETER_DOTS.png,FICH WUNG,ZETH WAN,ZETH WAN,FICH WUNG,12_SKEETER_FICH_WUNG.png,FICH WUNG,,,,,
27,1712407437347,06/04/2024 12:43:57,1712411037347,1,06/04/2024 14:43:57,139619,19,task-eihb,,36793868,BLIND,10848846,,complete,,6611405f9a28066cb144dd85,computer,Desktop or Laptop,Windows 10,Chrome 122.0.0.0,1920x1200,1920x1073,,,0,1i-3 A Training,4,,,1i-3,,,Pass,,1i-3 A Training,1i-3 A Training,7,Training02,TrainingA,34efq7,1,response,FICH WUNG,5771.3000000000175,9724.5,9741.199999994045,5771.3000000000175,9724.5,9741.199999994045,1,5771.3000000000175,3969.899999994028,0,,Single Text Entry,TextResponseA,4,object-97,1i-3,_,05,1i-3_05,2,Training02,18_LIVEGODRIC,ASK,.png,18_LIVEGODRIC_ASK.png,FICH,WUNG,18_LIVEGODRIC_FICH_WUNG.png,,FICH WUNG,07_AZKABAN_ASK.png,07_AZKABAN_DOTS.png,FICH WUNG,RUSP WIM,FICH WUNG,RUSP WIM,07_AZKABAN_RUSP_WIM.png,,RUSP WIM,,,,
28,1712407442276,06/04/2024 12:44:02,1712411042276,1,06/04/2024 14:44:02,139619,19,task-eihb,,36793868,BLIND,10848846,,complete,,6611405f9a28066cb144dd85,computer,Desktop or Laptop,Windows 10,Chrome 122.0.0.0,1920x1200,1920x1073,,,0,1i-3 A Training,4,,,1i-3,,,Pass,,1i-3 A Training,1i-3 A Training,7,Training02,TrainingB,2yfdu9,2,response,,4946.100000000006,4937.3000000000175,4946.100000000006,4946.100000000006,4937.3000000000175,4946.100000000006,1,4946.100000000006,0,0,,Click Response,Option B,5,object-246,1i-3,_,05,1i-3_05,2,Training02,18_LIVEGODRIC,ASK,.png,18_LIVEGODRIC_ASK.png,FICH,WUNG,18_LIVEGODRIC_FICH_WUNG.png,,FICH WUNG,07_AZKABAN_ASK.png,07_AZKABAN_DOTS.png,FICH WUNG,RUSP WIM,FICH WUNG,RUSP WIM,07_AZKABAN_RUSP_WIM.png,,RUSP WIM,,,,
29,1712407444642,06/04/2024 12:44:04,1712411044642,1,06/04/2024 14:44:04,139619,19,task-eihb,,36793868,BLIND,10848846,,complete,,6611405f9a28066cb144dd85,computer,Desktop or Laptop,Windows 10,Chrome 122.0.0.0,1920x1200,1920x1073,,,0,1i-3 A Training,4,,,1i-3,,,Pass,,1i-3 A Training,1i-3 A Training,7,Training02,TrainingC,1ouhhw,3,continue,,2374.899999994028,2368.5999999999767,2374.899999994028,2374.899999994028,2368.5999999999767,2374.899999994028,1,2374.899999994028,0,0,,Click To Continue,Continue Button,6,object-272,1i-3,_,05,1i-3_05,2,Training02,18_LIVEGODRIC,ASK,.png,18_LIVEGODRIC_ASK.png,FICH,WUNG,18_LIVEGODRIC_FICH_WUNG.png,,FICH WUNG,07_AZKABAN_ASK.png,07_AZKABAN_DOTS.png,FICH WUNG,RUSP WIM,FICH WUNG,RUSP WIM,07_AZKABAN_RUSP_WIM.png,,RUSP WIM,,,,
30,1712407452218,06/04/2024 12:44:12,1712411052218,1,06/04/2024 14:44:12,139619,19,task-eihb,,36793868,BLIND,10848846,,complete,,6611405f9a28066cb144dd85,computer,Desktop or Laptop,Windows 10,Chrome 122.0.0.0,1920x1200,1920x1073,,,0,1i-3 A Training,4,,,1i-3,,,Pass,,1i-3 A Training,1i-3 A Training,8,Training02,TrainingA,34efq7,1,response,WOUX WAN,5621.3000000000175,7572.900000000023,7581.799999994051,5621.3000000000175,7572.900000000023,7581.799999994051,1,5621.3000000000175,1960.4999999940337,0,,Single Text Entry,TextResponseA,4,object-97,1i-3,_,08,1i-3_08,2,Training02,28_GALLEONS,ASK,.png,28_GALLEONS_ASK.png,WOUX,WAN,28_GALLEONS_WOUX_WAN.png,,WOUX WAN,39_STOPHAGRID_ASK.png,39_STOPHAGRID_DOTS.png,ZETH WAN,WOUX WAN,WOUX WAN,ZETH WAN,39_STOPHAGRID_ZETH_WAN.png,ZETH WAN,,,,,
31,1712407455036,06/04/2024 12:44:15,1712411055036,1,06/04/2024 14:44:15,139619,19,task-eihb,,36793868,BLIND,10848846,,complete,,6611405f9a28066cb144dd85,computer,Desktop or Laptop,Windows 10,Chrome 122.0.0.0,1920x1200,1920x1073,,,0,1i-3 A Training,4,,,1i-3,,,Pass,,1i-3 A Training,1i-3 A Training,8,Training02,TrainingB,2yfdu9,2,response,,2827.399999994028,2818.899999999994,2827.399999994028,2827.399999994028,2818.899999999994,2827.399999994028,1,2827.399999994028,0,0,,Click Response,Option A,4,object-245,1i-3,_,08,1i-3_08,2,Training02,28_GALLEONS,ASK,.png,28_GALLEONS_ASK.png,WOUX,WAN,28_GALLEONS_WOUX_WAN.png,,WOUX WAN,39_STOPHAGRID_ASK.png,39_STOPHAGRID_DOTS.png,ZETH WAN,WOUX WAN,WOUX WAN,ZETH WAN,39_STOPHAGRID_ZETH_WAN.png,ZETH WAN,,,,,
32,1712407455918,06/04/2024 12:44:15,1712411055918,1,06/04/2024 14:44:15,139619,19,task-eihb,,36793868,BLIND,10848846,,complete,,6611405f9a28066cb144dd85,computer,Desktop or Laptop,Windows 10,Chrome 122.0.0.0,1920x1200,1920x1073,,,0,1i-3 A Training,4,,,1i-3,,,Pass,,1i-3 A Training,1i-3 A Training,8,Training02,TrainingC,1ouhhw,3,continue,,890.2999999910535,884.1000000000058,890.2999999910535,890.2999999910535,884.1000000000058,890.2999999910535,1,890.2999999910535,0,0,,Click To Continue,Continue Button,6,object-272,1i-3,_,08,1i-3_08,2,Training02,28_GALLEONS,ASK,.png,28_GALLEONS_ASK.png,WOUX,WAN,28_GALLEONS_WOUX_WAN.png,,WOUX WAN,39_STOPHAGRID_ASK.png,39_STOPHAGRID_DOTS.png,ZETH WAN,WOUX WAN,WOUX WAN,ZETH WAN,39_STOPHAGRID_ZETH_WAN.png,ZETH WAN,,,,,
33,1712407460945,06/04/2024 12:44:20,1712411060945,1,06/04/2024 14:44:20,139619,19,task-eihb,,36793868,BLIND,10848846,,complete,,6611405f9a28066cb144dd85,computer,Desktop or Laptop,Windows 10,Chrome 122.0.0.0,1920x1200,1920x1073,,,0,1i-3 A Training,4,,,1i-3,,,Pass,,1i-3 A Training,1i-3 A Training,9,Training02,TrainingA,34efq7,1,response,WOUX WAN,3119.0999999999767,5020.6999999999825,5033.099999997008,3119.0999999999767,5020.6999999999825,5033.099999997008,1,3119.0999999999767,1913.9999999970314,0,,Single Text Entry,TextResponseA,4,object-97,1i-3,_,12,1i-3_12,3,Training02,14_MUNGOS,ASK,.png,14_MUNGOS_ASK.png,WOUX,WAN,14_MUNGOS_WOUX_WAN.png,,WOUX WAN,33_ROR_ASK.png,33_ROR_DOTS.png,FICH WUNG,WOUX WAN,WOUX WAN,FICH WUNG,33_ROR_FICH_WUNG.png,FICH WUNG,,,,,
34,1712407463195,06/04/2024 12:44:23,1712411063195,1,06/04/2024 14:44:23,139619,19,task-eihb,,36793868,BLIND,10848846,,complete,,6611405f9a28066cb144dd85,computer,Desktop or Laptop,Windows 10,Chrome 122.0.0.0,1920x1200,1920x1073,,,0,1i-3 A Training,4,,,1i-3,,,Pass,,1i-3 A Training,1i-3 A Training,9,Training02,TrainingB,2yfdu9,2,response,,2262.3999999970256,2251.899999999994,2262.3999999970256,2262.3999999970256,2251.899999999994,2262.3999999970256,1,2262.3999999970256,0,0,,Click Response,Option A,4,object-245,1i-3,_,12,1i-3_12,3,Training02,14_MUNGOS,ASK,.png,14_MUNGOS_ASK.png,WOUX,WAN,14_MUNGOS_WOUX_WAN.png,,WOUX WAN,33_ROR_ASK.png,33_ROR_DOTS.png,FICH WUNG,WOUX WAN,WOUX WAN,FICH WUNG,33_ROR_FICH_WUNG.png,FICH WUNG,,,,,
35,1712407463946,06/04/2024 12:44:23,1712411063946,1,06/04/2024 14:44:23,139619,19,task-eihb,,36793868,BLIND,10848846,,complete,,6611405f9a28066cb144dd85,computer,Desktop or Laptop,Windows 10,Chrome 122.0.0.0,1920x1200,1920x1073,,,0,1i-3 A Training,4,,,1i-3,,,Pass,,1i-3 A Training,1i-3 A Training,9,Training02,TrainingC,1ouhhw,3,continue,,761.599999991071,750.5,761.599999991071,761.599999991071,750.5,761.599999991071,1,761.599999991071,0,0,,Click To Continue,Continue Button,6,object-272,1i-3,_,12,1i-3_12,3,Training02,14_MUNGOS,ASK,.png,14_MUNGOS_ASK.png,WOUX,WAN,14_MUNGOS_WOUX_WAN.png,,WOUX WAN,33_ROR_ASK.png,33_ROR_DOTS.png,FICH WUNG,WOUX WAN,WOUX WAN,FICH WUNG,33_ROR_FICH_WUNG.png,FICH WUNG,,,,,
36,1712407473555,06/04/2024 12:44:33,1712411073555,1,06/04/2024 14:44:33,139619,19,task-eihb,,36793868,BLIND,10848846,,complete,,6611405f9a28066cb144dd85,computer,Desktop or Laptop,Windows 10,Chrome 122.0.0.0,1920x1200,1920x1073,,,0,1i-3 A Training,4,,,1i-3,,,Pass,,1i-3 A Training,1i-3 A Training,10,Training02,TrainingA,34efq7,1,response,ZETH WAN,1567.9000000000233,9607.900000000023,9619.999999997031,1567.9000000000233,9607.900000000023,9619.999999997031,1,1567.9000000000233,8052.099999997008,0,,Single Text Entry,TextResponseA,4,object-97,1i-3,_,10,1i-3_10,3,Training02,19_BURYVOLDY,ASK,.png,19_BURYVOLDY_ASK.png,ZETH,WAN,19_BURYVOLDY_ZETH_WAN.png,,ZETH WAN,21_TEACHHOG_ASK.png,21_TEACHHOG_DOTS.png,ZETH WAN,RUSP WIM,ZETH WAN,RUSP WIM,21_TEACHHOG_RUSP_WIM.png,,RUSP WIM,,,,
37,1712407476212,06/04/2024 12:44:36,1712411076212,1,06/04/2024 14:44:36,139619,19,task-eihb,,36793868,BLIND,10848846,,complete,,6611405f9a28066cb144dd85,computer,Desktop or Laptop,Windows 10,Chrome 122.0.0.0,1920x1200,1920x1073,,,0,1i-3 A Training,4,,,1i-3,,,Pass,,1i-3 A Training,1i-3 A Training,10,Training02,TrainingB,2yfdu9,2,response,,2669.099999997008,2668.6999999999825,2669.099999997008,2669.099999997008,2668.6999999999825,2669.099999997008,1,2669.099999997008,0,0,,Click Response,Option B,5,object-246,1i-3,_,10,1i-3_10,3,Training02,19_BURYVOLDY,ASK,.png,19_BURYVOLDY_ASK.png,ZETH,WAN,19_BURYVOLDY_ZETH_WAN.png,,ZETH WAN,21_TEACHHOG_ASK.png,21_TEACHHOG_DOTS.png,ZETH WAN,RUSP WIM,ZETH WAN,RUSP WIM,21_TEACHHOG_RUSP_WIM.png,,RUSP WIM,,,,
38,1712407478418,06/04/2024 12:44:38,1712411078418,1,06/04/2024 14:44:38,139619,19,task-eihb,,36793868,BLIND,10848846,,complete,,6611405f9a28066cb144dd85,computer,Desktop or Laptop,Windows 10,Chrome 122.0.0.0,1920x1200,1920x1073,,,0,1i-3 A Training,4,,,1i-3,,,Pass,,1i-3 A Training,1i-3 A Training,10,Training02,TrainingC,1ouhhw,3,continue,,2206.3999999970256,2201.8000000000175,2206.3999999970256,2206.3999999970256,2201.8000000000175,2206.3999999970256,1,2206.3999999970256,0,0,,Click To Continue,Continue Button,6,object-272,1i-3,_,10,1i-3_10,3,Training02,19_BURYVOLDY,ASK,.png,19_BURYVOLDY_ASK.png,ZETH,WAN,19_BURYVOLDY_ZETH_WAN.png,,ZETH WAN,21_TEACHHOG_ASK.png,21_TEACHHOG_DOTS.png,ZETH WAN,RUSP WIM,ZETH WAN,RUSP WIM,21_TEACHHOG_RUSP_WIM.png,,RUSP WIM,,,,
39,1712407488110,06/04/2024 12:44:48,1712411088110,1,06/04/2024 14:44:48,139619,19,task-eihb,,36793868,BLIND,10848846,,complete,,6611405f9a28066cb144dd85,computer,Desktop or Laptop,Windows 10,Chrome 122.0.0.0,1920x1200,1920x1073,,,0,1i-3 A Training,4,,,1i-3,,,Pass,,1i-3 A Training,1i-3 A Training,11,Training02,TrainingA,34efq7,1,response,FICH WUNG,1718.0999999999767,9691.299999999988,9696.500000002969,1718.0999999999767,9691.299999999988,9696.500000002969,1,1718.0999999999767,7978.400000002992,0,,Single Text Entry,TextResponseA,4,object-97,1i-3,_,09,1i-3_09,3,Training02,32_QWC,ASK,.png,32_QWC_ASK.png,FICH,WUNG,32_QWC_FICH_WUNG.png,,FICH WUNG,13_QUIBBLER_ASK.png,13_QUIBBLER_DOTS.png,FICH WUNG,WOUX WAN,FICH WUNG,WOUX WAN,13_QUIBBLER_WOUX_WAN.png,,WOUX WAN,,,,
40,1712407491154,06/04/2024 12:44:51,1712411091154,1,06/04/2024 14:44:51,139619,19,task-eihb,,36793868,BLIND,10848846,,complete,,6611405f9a28066cb144dd85,computer,Desktop or Laptop,Windows 10,Chrome 122.0.0.0,1920x1200,1920x1073,,,0,1i-3 A Training,4,,,1i-3,,,Pass,,1i-3 A Training,1i-3 A Training,11,Training02,TrainingB,2yfdu9,2,response,,3049.5,3035.7000000000116,3049.5,3049.5,3035.7000000000116,3049.5,1,3049.5,0,0,,Click Response,Option B,5,object-246,1i-3,_,09,1i-3_09,3,Training02,32_QWC,ASK,.png,32_QWC_ASK.png,FICH,WUNG,32_QWC_FICH_WUNG.png,,FICH WUNG,13_QUIBBLER_ASK.png,13_QUIBBLER_DOTS.png,FICH WUNG,WOUX WAN,FICH WUNG,WOUX WAN,13_QUIBBLER_WOUX_WAN.png,,WOUX WAN,,,,
41,1712407492490,06/04/2024 12:44:52,1712411092490,1,06/04/2024 14:44:52,139619,19,task-eihb,,36793868,BLIND,10848846,,complete,,6611405f9a28066cb144dd85,computer,Desktop or Laptop,Windows 10,Chrome 122.0.0.0,1920x1200,1920x1073,,,0,1i-3 A Training,4,,,1i-3,,,Pass,,1i-3 A Training,1i-3 A Training,11,Training02,TrainingC,1ouhhw,3,continue,,1350.0000000029686,1334.3999999999942,1350.0000000029686,1350.0000000029686,1334.3999999999942,1350.0000000029686,1,1350.0000000029686,0,0,,Click To Continue,Continue Button,6,object-272,1i-3,_,09,1i-3_09,3,Training02,32_QWC,ASK,.png,32_QWC_ASK.png,FICH,WUNG,32_QWC_FICH_WUNG.png,,FICH WUNG,13_QUIBBLER_ASK.png,13_QUIBBLER_DOTS.png,FICH WUNG,WOUX WAN,FICH WUNG,WOUX WAN,13_QUIBBLER_WOUX_WAN.png,,WOUX WAN,,,,
42,1712407503412,06/04/2024 12:45:03,1712411103412,1,06/04/2024 14:45:03,139619,19,task-eihb,,36793868,BLIND,10848846,,complete,,6611405f9a28066cb144dd85,computer,Desktop or Laptop,Windows 10,Chrome 122.0.0.0,1920x1200,1920x1073,,,0,1i-3 A Training,4,,,1i-3,,,Pass,,1i-3 A Training,1i-3 A Training,12,Training02,TrainingA,34efq7,1,response,RUSP WIM,3786.399999999994,10925.600000000006,10938.100000002974,3786.399999999994,10925.600000000006,10938.100000002974,1,3786.399999999994,7151.70000000298,0,,Single Text Entry,TextResponseA,4,object-97,1i-3,_,11,1i-3_11,3,Training02,27_BESTSELLER,ASK,.png,27_BESTSELLER_ASK.png,RUSP,WIM,27_BESTSELLER_RUSP_WIM.png,,RUSP WIM,25_PROSECUTE_ASK.png,25_PROSECUTE_DOTS.png,ZETH WAN,RUSP WIM,RUSP WIM,ZETH WAN,25_PROSECUTE_ZETH_WAN.png,ZETH WAN,,,,,
43,1712407507223,06/04/2024 12:45:07,1712411107223,1,06/04/2024 14:45:07,139619,19,task-eihb,,36793868,BLIND,10848846,,complete,,6611405f9a28066cb144dd85,computer,Desktop or Laptop,Windows 10,Chrome 122.0.0.0,1920x1200,1920x1073,,,0,1i-3 A Training,4,,,1i-3,,,Pass,,1i-3 A Training,1i-3 A Training,12,Training02,TrainingB,2yfdu9,2,response,,3822.6999999910477,3819.7000000000116,3822.6999999910477,3822.6999999910477,3819.7000000000116,3822.6999999910477,1,3822.6999999910477,0,0,,Click Response,Option A,4,object-245,1i-3,_,11,1i-3_11,3,Training02,27_BESTSELLER,ASK,.png,27_BESTSELLER_ASK.png,RUSP,WIM,27_BESTSELLER_RUSP_WIM.png,,RUSP WIM,25_PROSECUTE_ASK.png,25_PROSECUTE_DOTS.png,ZETH WAN,RUSP WIM,RUSP WIM,ZETH WAN,25_PROSECUTE_ZETH_WAN.png,ZETH WAN,,,,,
44,1712407508286,06/04/2024 12:45:08,1712411108286,1,06/04/2024 14:45:08,139619,19,task-eihb,,36793868,BLIND,10848846,,complete,,6611405f9a28066cb144dd85,computer,Desktop or Laptop,Windows 10,Chrome 122.0.0.0,1920x1200,1920x1073,,,0,1i-3 A Training,4,,,1i-3,,,Pass,,1i-3 A Training,1i-3 A Training,12,Training02,TrainingC,1ouhhw,3,continue,,1067.0999999999767,1050.899999999965,1067.0999999999767,1067.0999999999767,1050.899999999965,1067.0999999999767,1,1067.0999999999767,0,0,,Click To Continue,Continue Button,6,object-272,1i-3,_,11,1i-3_11,3,Training02,27_BESTSELLER,ASK,.png,27_BESTSELLER_ASK.png,RUSP,WIM,27_BESTSELLER_RUSP_WIM.png,,RUSP WIM,25_PROSECUTE_ASK.png,25_PROSECUTE_DOTS.png,ZETH WAN,RUSP WIM,RUSP WIM,ZETH WAN,25_PROSECUTE_ZETH_WAN.png,ZETH WAN,,,,,
45,1712407518246,06/04/2024 12:45:18,1712411118246,1,06/04/2024 14:45:18,139619,19,task-eihb,,36793868,BLIND,10848846,,complete,,6611405f9a28066cb144dd85,computer,Desktop or Laptop,Windows 10,Chrome 122.0.0.0,1920x1200,1920x1073,,,0,1i-3 A Training,4,,,1i-3,,,Pass,,1i-3 A Training,1i-3 A Training,13,Training02,TrainingA,34efq7,1,response,RUSP WIM,5738,9974.700000000012,9975.999999997031,5738,9974.700000000012,9975.999999997031,1,5738,4237.999999997031,0,,Single Text Entry,TextResponseA,4,object-97,1i-3,_,15,1i-3_15,4,Training02,06_MOM,ASK,.png,06_MOM_ASK.png,RUSP,WIM,06_MOM_RUSP_WIM.png,,RUSP WIM,26_ERISED_ASK.png,26_ERISED_DOTS.png,RUSP WIM,FICH WUNG,RUSP WIM,FICH WUNG,26_ERISED_FICH_WUNG.png,,FICH WUNG,,,,
46,1712407521726,06/04/2024 12:45:21,1712411121726,1,06/04/2024 14:45:21,139619,19,task-eihb,,36793868,BLIND,10848846,,complete,,6611405f9a28066cb144dd85,computer,Desktop or Laptop,Windows 10,Chrome 122.0.0.0,1920x1200,1920x1073,,,0,1i-3 A Training,4,,,1i-3,,,Pass,,1i-3 A Training,1i-3 A Training,13,Training02,TrainingB,2yfdu9,2,response,,3480.5999999940395,3469.5,3480.5999999940395,3480.5999999940395,3469.5,3480.5999999940395,1,3480.5999999940395,0,0,,Click Response,Option B,5,object-246,1i-3,_,15,1i-3_15,4,Training02,06_MOM,ASK,.png,06_MOM_ASK.png,RUSP,WIM,06_MOM_RUSP_WIM.png,,RUSP WIM,26_ERISED_ASK.png,26_ERISED_DOTS.png,RUSP WIM,FICH WUNG,RUSP WIM,FICH WUNG,26_ERISED_FICH_WUNG.png,,FICH WUNG,,,,
47,1712407522630,06/04/2024 12:45:22,1712411122630,1,06/04/2024 14:45:22,139619,19,task-eihb,,36793868,BLIND,10848846,,complete,,6611405f9a28066cb144dd85,computer,Desktop or Laptop,Windows 10,Chrome 122.0.0.0,1920x1200,1920x1073,,,0,1i-3 A Training,4,,,1i-3,,,Pass,,1i-3 A Training,1i-3 A Training,13,Training02,TrainingC,1ouhhw,3,continue,,915.8999999910593,900.7000000000116,915.8999999910593,915.8999999910593,900.7000000000116,915.8999999910593,1,915.8999999910593,0,0,,Click To Continue,Continue Button,6,object-272,1i-3,_,15,1i-3_15,4,Training02,06_MOM,ASK,.png,06_MOM_ASK.png,RUSP,WIM,06_MOM_RUSP_WIM.png,,RUSP WIM,26_ERISED_ASK.png,26_ERISED_DOTS.png,RUSP WIM,FICH WUNG,RUSP WIM,FICH WUNG,26_ERISED_FICH_WUNG.png,,FICH WUNG,,,,
48,1712407527162,06/04/2024 12:45:27,1712411127162,1,06/04/2024 14:45:27,139619,19,task-eihb,,36793868,BLIND,10848846,,complete,,6611405f9a28066cb144dd85,computer,Desktop or Laptop,Windows 10,Chrome 122.0.0.0,1920x1200,1920x1073,,,0,1i-3 A Training,4,,,1i-3,,,Pass,,1i-3 A Training,1i-3 A Training,14,Training02,TrainingA,34efq7,1,response,ZETH WAN,2535.5,4537.099999999977,4547.000000002969,2535.5,4537.099999999977,4547.000000002969,1,2535.5,2011.5000000029686,0,,Single Text Entry,TextResponseA,4,object-97,1i-3,_,14,1i-3_14,4,Training02,33_ROR,ASK,.png,33_ROR_ASK.png,ZETH,WAN,33_ROR_ZETH_WAN.png,,ZETH WAN,19_BURYVOLDY_ASK.png,19_BURYVOLDY_DOTS.png,ZETH WAN,WOUX WAN,ZETH WAN,WOUX WAN,19_BURYVOLDY_WOUX_WAN.png,,WOUX WAN,,,,
49,1712407532374,06/04/2024 12:45:32,1712411132374,1,06/04/2024 14:45:32,139619,19,task-eihb,,36793868,BLIND,10848846,,complete,,6611405f9a28066cb144dd85,computer,Desktop or Laptop,Windows 10,Chrome 122.0.0.0,1920x1200,1920x1073,,,0,1i-3 A Training,4,,,1i-3,,,Pass,,1i-3 A Training,1i-3 A Training,14,Training02,TrainingB,2yfdu9,2,response,,5221.400000002992,5220.900000000023,5221.400000002992,5221.400000002992,5220.900000000023,5221.400000002992,1,5221.400000002992,0,0,,Click Response,Option B,5,object-246,1i-3,_,14,1i-3_14,4,Training02,33_ROR,ASK,.png,33_ROR_ASK.png,ZETH,WAN,33_ROR_ZETH_WAN.png,,ZETH WAN,19_BURYVOLDY_ASK.png,19_BURYVOLDY_DOTS.png,ZETH WAN,WOUX WAN,ZETH WAN,WOUX WAN,19_BURYVOLDY_WOUX_WAN.png,,WOUX WAN,,,,
50,1712407533051,06/04/2024 12:45:33,1712411133051,1,06/04/2024 14:45:33,139619,19,task-eihb,,36793868,BLIND,10848846,,complete,,6611405f9a28066cb144dd85,computer,Desktop or Laptop,Windows 10,Chrome 122.0.0.0,1920x1200,1920x1073,,,0,1i-3 A Training,4,,,1i-3,,,Pass,,1i-3 A Training,1i-3 A Training,14,Training02,TrainingC,1ouhhw,3,continue,,678.1999999910477,667.2000000000116,678.1999999910477,678.1999999910477,667.2000000000116,678.1999999910477,1,678.1999999910477,0,0,,Click To Continue,Continue Button,6,object-272,1i-3,_,14,1i-3_14,4,Training02,33_ROR,ASK,.png,33_ROR_ASK.png,ZETH,WAN,33_ROR_ZETH_WAN.png,,ZETH WAN,19_BURYVOLDY_ASK.png,19_BURYVOLDY_DOTS.png,ZETH WAN,WOUX WAN,ZETH WAN,WOUX WAN,19_BURYVOLDY_WOUX_WAN.png,,WOUX WAN,,,,
51,1712407540666,06/04/2024 12:45:40,1712411140666,1,06/04/2024 14:45:40,139619,19,task-eihb,,36793868,BLIND,10848846,,complete,,6611405f9a28066cb144dd85,computer,Desktop or Laptop,Windows 10,Chrome 122.0.0.0,1920x1200,1920x1073,,,0,1i-3 A Training,4,,,1i-3,,,Pass,,1i-3 A Training,1i-3 A Training,15,Training02,TrainingA,34efq7,1,response,FICH WING,5404.299999999988,7622.899999999965,7625.800000002957,5404.299999999988,7622.899999999965,7625.800000002957,0,5404.299999999988,2221.5000000029686,0,,Single Text Entry,TextResponseA,4,object-97,1i-3,_,13,1i-3_13,4,Training02,11_RONWAND,ASK,.png,11_RONWAND_ASK.png,FICH,WUNG,11_RONWAND_FICH_WUNG.png,,FICH WUNG,06_MOM_ASK.png,06_MOM_DOTS.png,ZETH WAN,FICH WUNG,FICH WUNG,ZETH WAN,06_MOM_ZETH_WAN.png,ZETH WAN,,,,,
52,1712407541708,06/04/2024 12:45:41,1712411141708,1,06/04/2024 14:45:41,139619,19,task-eihb,,36793868,BLIND,10848846,,complete,,6611405f9a28066cb144dd85,computer,Desktop or Laptop,Windows 10,Chrome 122.0.0.0,1920x1200,1920x1073,,,0,1i-3 A Training,4,,,1i-3,,,Pass,,1i-3 A Training,1i-3 A Training,15,Training02,TrainingA,34efq7,1,response,FICH WING,8667.699999994016,8657,8667.699999994016,8667.699999994016,8657,8667.699999994016,0,8667.699999994016,0,0,,Single Text Entry,TextResponseA,4,object-97,1i-3,_,13,1i-3_13,4,Training02,11_RONWAND,ASK,.png,11_RONWAND_ASK.png,FICH,WUNG,11_RONWAND_FICH_WUNG.png,,FICH WUNG,06_MOM_ASK.png,06_MOM_DOTS.png,ZETH WAN,FICH WUNG,FICH WUNG,ZETH WAN,06_MOM_ZETH_WAN.png,ZETH WAN,,,,,
53,1712407542109,06/04/2024 12:45:42,1712411142109,1,06/04/2024 14:45:42,139619,19,task-eihb,,36793868,BLIND,10848846,,complete,,6611405f9a28066cb144dd85,computer,Desktop or Laptop,Windows 10,Chrome 122.0.0.0,1920x1200,1920x1073,,,0,1i-3 A Training,4,,,1i-3,,,Pass,,1i-3 A Training,1i-3 A Training,15,Training02,TrainingA,34efq7,1,response,FICH WING,9068.699999994016,9057.299999999988,9068.699999994016,9068.699999994016,9057.299999999988,9068.699999994016,0,9068.699999994016,0,0,,Single Text Entry,TextResponseA,4,object-97,1i-3,_,13,1i-3_13,4,Training02,11_RONWAND,ASK,.png,11_RONWAND_ASK.png,FICH,WUNG,11_RONWAND_FICH_WUNG.png,,FICH WUNG,06_MOM_ASK.png,06_MOM_DOTS.png,ZETH WAN,FICH WUNG,FICH WUNG,ZETH WAN,06_MOM_ZETH_WAN.png,ZETH WAN,,,,,
54,1712407545415,06/04/2024 12:45:45,1712411145415,1,06/04/2024 14:45:45,139619,19,task-eihb,,36793868,BLIND,10848846,,complete,,6611405f9a28066cb144dd85,computer,Desktop or Laptop,Windows 10,Chrome 122.0.0.0,1920x1200,1920x1073,,,0,1i-3 A Training,4,,,1i-3,,,Pass,,1i-3 A Training,1i-3 A Training,15,Training02,TrainingA,34efq7,1,response,FICH WUNG,10225,12360,12374.800000002957,10225,12360,12374.800000002957,1,10225,2149.800000002957,0,,Single Text Entry,TextResponseA,4,object-97,1i-3,_,13,1i-3_13,4,Training02,11_RONWAND,ASK,.png,11_RONWAND_ASK.png,FICH,WUNG,11_RONWAND_FICH_WUNG.png,,FICH WUNG,06_MOM_ASK.png,06_MOM_DOTS.png,ZETH WAN,FICH WUNG,FICH WUNG,ZETH WAN,06_MOM_ZETH_WAN.png,ZETH WAN,,,,,
55,1712407553001,06/04/2024 12:45:53,1712411153001,1,06/04/2024 14:45:53,139619,19,task-eihb,,36793868,BLIND,10848846,,complete,,6611405f9a28066cb144dd85,computer,Desktop or Laptop,Windows 10,Chrome 122.0.0.0,1920x1200,1920x1073,,,0,1i-3 A Training,4,,,1i-3,,,Pass,,1i-3 A Training,1i-3 A Training,15,Training02,TrainingB,2yfdu9,2,response,,7600.999999991036,7589.5,7600.999999991036,7600.999999991036,7589.5,7600.999999991036,1,7600.999999991036,0,0,,Click Response,Option A,4,object-245,1i-3,_,13,1i-3_13,4,Training02,11_RONWAND,ASK,.png,11_RONWAND_ASK.png,FICH,WUNG,11_RONWAND_FICH_WUNG.png,,FICH WUNG,06_MOM_ASK.png,06_MOM_DOTS.png,ZETH WAN,FICH WUNG,FICH WUNG,ZETH WAN,06_MOM_ZETH_WAN.png,ZETH WAN,,,,,
56,1712407553741,06/04/2024 12:45:53,1712411153741,1,06/04/2024 14:45:53,139619,19,task-eihb,,36793868,BLIND,10848846,,complete,,6611405f9a28066cb144dd85,computer,Desktop or Laptop,Windows 10,Chrome 122.0.0.0,1920x1200,1920x1073,,,0,1i-3 A Training,4,,,1i-3,,,Pass,,1i-3 A Training,1i-3 A Training,15,Training02,TrainingC,1ouhhw,3,continue,,751.5999999999767,750.5999999999767,751.5999999999767,751.5999999999767,750.5999999999767,751.5999999999767,1,751.5999999999767,0,0,,Click To Continue,Continue Button,6,object-272,1i-3,_,13,1i-3_13,4,Training02,11_RONWAND,ASK,.png,11_RONWAND_ASK.png,FICH,WUNG,11_RONWAND_FICH_WUNG.png,,FICH WUNG,06_MOM_ASK.png,06_MOM_DOTS.png,ZETH WAN,FICH WUNG,FICH WUNG,ZETH WAN,06_MOM_ZETH_WAN.png,ZETH WAN,,,,,
57,1712407558715,06/04/2024 12:45:58,1712411158715,1,06/04/2024 14:45:58,139619,19,task-eihb,,36793868,BLIND,10848846,,complete,,6611405f9a28066cb144dd85,computer,Desktop or Laptop,Windows 10,Chrome 122.0.0.0,1920x1200,1920x1073,,,0,1i-3 A Training,4,,,1i-3,,,Pass,,1i-3 A Training,1i-3 A Training,16,Training02,TrainingA,34efq7,1,response,WOUX WAN,2819,4970.700000000012,4974.5999999940395,2819,4970.700000000012,4974.5999999940395,1,2819,2155.5999999940395,0,,Single Text Entry,TextResponseA,4,object-97,1i-3,_,16,1i-3_16,4,Training02,42_ENGLAND,ASK,.png,42_ENGLAND_ASK.png,WOUX,WAN,42_ENGLAND_WOUX_WAN.png,,WOUX WAN,41_PIXIE_ASK.png,41_PIXIE_DOTS.png,RUSP WIM,WOUX WAN,WOUX WAN,RUSP WIM,41_PIXIE_RUSP_WIM.png,RUSP WIM,,,,,
58,1712407561269,06/04/2024 12:46:01,1712411161269,1,06/04/2024 14:46:01,139619,19,task-eihb,,36793868,BLIND,10848846,,complete,,6611405f9a28066cb144dd85,computer,Desktop or Laptop,Windows 10,Chrome 122.0.0.0,1920x1200,1920x1073,,,0,1i-3 A Training,4,,,1i-3,,,Pass,,1i-3 A Training,1i-3 A Training,16,Training02,TrainingB,2yfdu9,2,response,,2558.1999999910477,2552.0999999999767,2558.1999999910477,2558.1999999910477,2552.0999999999767,2558.1999999910477,1,2558.1999999910477,0,0,,Click Response,Option A,4,object-245,1i-3,_,16,1i-3_16,4,Training02,42_ENGLAND,ASK,.png,42_ENGLAND_ASK.png,WOUX,WAN,42_ENGLAND_WOUX_WAN.png,,WOUX WAN,41_PIXIE_ASK.png,41_PIXIE_DOTS.png,RUSP WIM,WOUX WAN,WOUX WAN,RUSP WIM,41_PIXIE_RUSP_WIM.png,RUSP WIM,,,,,
59,1712407562162,06/04/2024 12:46:02,1712411162162,1,06/04/2024 14:46:02,139619,19,task-eihb,,36793868,BLIND,10848846,,complete,,6611405f9a28066cb144dd85,computer,Desktop or Laptop,Windows 10,Chrome 122.0.0.0,1920x1200,1920x1073,,,0,1i-3 A Training,4,,,1i-3,,,Pass,,1i-3 A Training,1i-3 A Training,16,Training02,TrainingC,1ouhhw,3,continue,,897.9999999970314,884,897.9999999970314,897.9999999970314,884,897.9999999970314,1,897.9999999970314,0,0,,Click To Continue,Continue Button,6,object-272,1i-3,_,16,1i-3_16,4,Training02,42_ENGLAND,ASK,.png,42_ENGLAND_ASK.png,WOUX,WAN,42_ENGLAND_WOUX_WAN.png,,WOUX WAN,41_PIXIE_ASK.png,41_PIXIE_DOTS.png,RUSP WIM,WOUX WAN,WOUX WAN,RUSP WIM,41_PIXIE_RUSP_WIM.png,RUSP WIM,,,,,
60,1712407566534,06/04/2024 12:46:06,1712411166534,1,06/04/2024 14:46:06,139619,19,task-eihb,,36793868,BLIND,10848846,,complete,,6611405f9a28066cb144dd85,computer,Desktop or Laptop,Windows 10,Chrome 122.0.0.0,1920x1200,1920x1073,,,0,1i-3 A Training,4,,,1i-3,,,Pass,,1i-3 A Training,1i-3 A Training,17,Training02,TrainingA,34efq7,1,response,RUSP WIM,2368.600000000035,4370.299999999988,4385.999999997031,2368.600000000035,4370.299999999988,4385.999999997031,1,2368.600000000035,2017.3999999969965,0,,Single Text Entry,TextResponseA,4,object-97,1i-3,_,19,1i-3_19,5,Training02,41_PIXIE,ASK,.png,41_PIXIE_ASK.png,RUSP,WIM,41_PIXIE_RUSP_WIM.png,,RUSP WIM,35_PROPHET_ASK.png,35_PROPHET_DOTS.png,WOUX WAN,RUSP WIM,RUSP WIM,WOUX WAN,35_PROPHET_WOUX_WAN.png,WOUX WAN,,,,,
61,1712407568000,06/04/2024 12:46:08,1712411168000,1,06/04/2024 14:46:08,139619,19,task-eihb,,36793868,BLIND,10848846,,complete,,6611405f9a28066cb144dd85,computer,Desktop or Laptop,Windows 10,Chrome 122.0.0.0,1920x1200,1920x1073,,,0,1i-3 A Training,4,,,1i-3,,,Pass,,1i-3 A Training,1i-3 A Training,17,Training02,TrainingB,2yfdu9,2,response,,1481.699999997043,1467.8000000000466,1481.699999997043,1481.699999997043,1467.8000000000466,1481.699999997043,1,1481.699999997043,0,0,,Click Response,Option A,4,object-245,1i-3,_,19,1i-3_19,5,Training02,41_PIXIE,ASK,.png,41_PIXIE_ASK.png,RUSP,WIM,41_PIXIE_RUSP_WIM.png,,RUSP WIM,35_PROPHET_ASK.png,35_PROPHET_DOTS.png,WOUX WAN,RUSP WIM,RUSP WIM,WOUX WAN,35_PROPHET_WOUX_WAN.png,WOUX WAN,,,,,
62,1712407568620,06/04/2024 12:46:08,1712411168620,1,06/04/2024 14:46:08,139619,19,task-eihb,,36793868,BLIND,10848846,,complete,,6611405f9a28066cb144dd85,computer,Desktop or Laptop,Windows 10,Chrome 122.0.0.0,1920x1200,1920x1073,,,0,1i-3 A Training,4,,,1i-3,,,Pass,,1i-3 A Training,1i-3 A Training,17,Training02,TrainingC,1ouhhw,3,continue,,633.8999999999069,617.1999999999534,633.8999999999069,633.8999999999069,617.1999999999534,633.8999999999069,1,633.8999999999069,0,0,,Click To Continue,Continue Button,6,object-272,1i-3,_,19,1i-3_19,5,Training02,41_PIXIE,ASK,.png,41_PIXIE_ASK.png,RUSP,WIM,41_PIXIE_RUSP_WIM.png,,RUSP WIM,35_PROPHET_ASK.png,35_PROPHET_DOTS.png,WOUX WAN,RUSP WIM,RUSP WIM,WOUX WAN,35_PROPHET_WOUX_WAN.png,WOUX WAN,,,,,
63,1712407574142,06/04/2024 12:46:14,1712411174142,1,06/04/2024 14:46:14,139619,19,task-eihb,,36793868,BLIND,10848846,,complete,,6611405f9a28066cb144dd85,computer,Desktop or Laptop,Windows 10,Chrome 122.0.0.0,1920x1200,1920x1073,,,0,1i-3 A Training,4,,,1i-3,,,Pass,,1i-3 A Training,1i-3 A Training,18,Training02,TrainingA,34efq7,1,response,ZETH WAN,1250.9000000000233,5537.800000000047,5538.799999991083,1250.9000000000233,5537.800000000047,5538.799999991083,1,1250.9000000000233,4287.899999991059,0,,Single Text Entry,TextResponseA,4,object-97,1i-3,_,18,1i-3_18,5,Training02,05_AUROR,ASK,.png,05_AUROR_ASK.png,ZETH,WAN,05_AUROR_ZETH_WAN.png,,ZETH WAN,11_RONWAND_ASK.png,11_RONWAND_DOTS.png,ZETH WAN,FICH WUNG,ZETH WAN,FICH WUNG,11_RONWAND_FICH_WUNG.png,,FICH WUNG,,,,
64,1712407576878,06/04/2024 12:46:16,1712411176878,1,06/04/2024 14:46:16,139619,19,task-eihb,,36793868,BLIND,10848846,,complete,,6611405f9a28066cb144dd85,computer,Desktop or Laptop,Windows 10,Chrome 122.0.0.0,1920x1200,1920x1073,,,0,1i-3 A Training,4,,,1i-3,,,Pass,,1i-3 A Training,1i-3 A Training,18,Training02,TrainingB,2yfdu9,2,response,,2736.8999999969965,2735.5999999999767,2736.8999999969965,2736.8999999969965,2735.5999999999767,2736.8999999969965,1,2736.8999999969965,0,0,,Click Response,Option B,5,object-246,1i-3,_,18,1i-3_18,5,Training02,05_AUROR,ASK,.png,05_AUROR_ASK.png,ZETH,WAN,05_AUROR_ZETH_WAN.png,,ZETH WAN,11_RONWAND_ASK.png,11_RONWAND_DOTS.png,ZETH WAN,FICH WUNG,ZETH WAN,FICH WUNG,11_RONWAND_FICH_WUNG.png,,FICH WUNG,,,,
65,1712407577512,06/04/2024 12:46:17,1712411177512,1,06/04/2024 14:46:17,139619,19,task-eihb,,36793868,BLIND,10848846,,complete,,6611405f9a28066cb144dd85,computer,Desktop or Laptop,Windows 10,Chrome 122.0.0.0,1920x1200,1920x1073,,,0,1i-3 A Training,4,,,1i-3,,,Pass,,1i-3 A Training,1i-3 A Training,18,Training02,TrainingC,1ouhhw,3,continue,,635.3999999910593,633.7999999999884,635.3999999910593,635.3999999910593,633.7999999999884,635.3999999910593,1,635.3999999910593,0,0,,Click To Continue,Continue Button,6,object-272,1i-3,_,18,1i-3_18,5,Training02,05_AUROR,ASK,.png,05_AUROR_ASK.png,ZETH,WAN,05_AUROR_ZETH_WAN.png,,ZETH WAN,11_RONWAND_ASK.png,11_RONWAND_DOTS.png,ZETH WAN,FICH WUNG,ZETH WAN,FICH WUNG,11_RONWAND_FICH_WUNG.png,,FICH WUNG,,,,
66,1712407581212,06/04/2024 12:46:21,1712411181212,1,06/04/2024 14:46:21,139619,19,task-eihb,,36793868,BLIND,10848846,,complete,,6611405f9a28066cb144dd85,computer,Desktop or Laptop,Windows 10,Chrome 122.0.0.0,1920x1200,1920x1073,,,0,1i-3 A Training,4,,,1i-3,,,Pass,,1i-3 A Training,1i-3 A Training,19,Training02,TrainingA,34efq7,1,response,WOUX WAN,1751.4000000000233,3686.4000000000233,3702.400000002992,1751.4000000000233,3686.4000000000233,3702.400000002992,1,1751.4000000000233,1951.0000000029686,0,,Single Text Entry,TextResponseA,4,object-97,1i-3,_,20,1i-3_20,5,Training02,21_TEACHHOG,ASK,.png,21_TEACHHOG_ASK.png,WOUX,WAN,21_TEACHHOG_WOUX_WAN.png,,WOUX WAN,42_ENGLAND_ASK.png,42_ENGLAND_DOTS.png,WOUX WAN,ZETH WAN,WOUX WAN,ZETH WAN,42_ENGLAND_ZETH_WAN.png,,ZETH WAN,,,,
67,1712407583346,06/04/2024 12:46:23,1712411183346,1,06/04/2024 14:46:23,139619,19,task-eihb,,36793868,BLIND,10848846,,complete,,6611405f9a28066cb144dd85,computer,Desktop or Laptop,Windows 10,Chrome 122.0.0.0,1920x1200,1920x1073,,,0,1i-3 A Training,4,,,1i-3,,,Pass,,1i-3 A Training,1i-3 A Training,19,Training02,TrainingB,2yfdu9,2,response,,2149.099999997008,2135,2149.099999997008,2149.099999997008,2135,2149.099999997008,1,2149.099999997008,0,0,,Click Response,Option B,5,object-246,1i-3,_,20,1i-3_20,5,Training02,21_TEACHHOG,ASK,.png,21_TEACHHOG_ASK.png,WOUX,WAN,21_TEACHHOG_WOUX_WAN.png,,WOUX WAN,42_ENGLAND_ASK.png,42_ENGLAND_DOTS.png,WOUX WAN,ZETH WAN,WOUX WAN,ZETH WAN,42_ENGLAND_ZETH_WAN.png,,ZETH WAN,,,,
68,1712407594012,06/04/2024 12:46:34,1712411194012,1,06/04/2024 14:46:34,139619,19,task-eihb,,36793868,BLIND,10848846,,complete,,6611405f9a28066cb144dd85,computer,Desktop or Laptop,Windows 10,Chrome 122.0.0.0,1920x1200,1920x1073,,,0,1i-3 A Training,4,,,1i-3,,,Pass,,1i-3 A Training,1i-3 A Training,19,Training02,TrainingC,1ouhhw,3,continue,,10680.199999991048,10675.299999999988,10680.199999991048,10680.199999991048,10675.299999999988,10680.199999991048,1,10680.199999991048,0,0,,Click To Continue,Continue Button,6,object-272,1i-3,_,20,1i-3_20,5,Training02,21_TEACHHOG,ASK,.png,21_TEACHHOG_ASK.png,WOUX,WAN,21_TEACHHOG_WOUX_WAN.png,,WOUX WAN,42_ENGLAND_ASK.png,42_ENGLAND_DOTS.png,WOUX WAN,ZETH WAN,WOUX WAN,ZETH WAN,42_ENGLAND_ZETH_WAN.png,,ZETH WAN,,,,
69,1712407598114,06/04/2024 12:46:38,1712411198114,1,06/04/2024 14:46:38,139619,19,task-eihb,,36793868,BLIND,10848846,,complete,,6611405f9a28066cb144dd85,computer,Desktop or Laptop,Windows 10,Chrome 122.0.0.0,1920x1200,1920x1073,,,0,1i-3 A Training,4,,,1i-3,,,Pass,,1i-3 A Training,1i-3 A Training,20,Training02,TrainingA,34efq7,1,response,FICH WUNG,1517.9000000000233,4103.299999999988,4107.79999999702,1517.9000000000233,4103.299999999988,4107.79999999702,1,1517.9000000000233,2589.8999999969965,0,,Single Text Entry,TextResponseA,4,object-97,1i-3,_,17,1i-3_17,5,Training02,25_PROSECUTE,ASK,.png,25_PROSECUTE_ASK.png,FICH,WUNG,25_PROSECUTE_FICH_WUNG.png,,FICH WUNG,04_WHEEZES_ASK.png,04_WHEEZES_DOTS.png,RUSP WIM,FICH WUNG,FICH WUNG,RUSP WIM,04_WHEEZES_RUSP_WIM.png,RUSP WIM,,,,,
70,1712407600171,06/04/2024 12:46:40,1712411200171,1,06/04/2024 14:46:40,139619,19,task-eihb,,36793868,BLIND,10848846,,complete,,6611405f9a28066cb144dd85,computer,Desktop or Laptop,Windows 10,Chrome 122.0.0.0,1920x1200,1920x1073,,,0,1i-3 A Training,4,,,1i-3,,,Pass,,1i-3 A Training,1i-3 A Training,20,Training02,TrainingB,2yfdu9,2,response,,2060.799999994051,2051.7000000000116,2060.799999994051,2060.799999994051,2051.7000000000116,2060.799999994051,1,2060.799999994051,0,0,,Click Response,Option A,4,object-245,1i-3,_,17,1i-3_17,5,Training02,25_PROSECUTE,ASK,.png,25_PROSECUTE_ASK.png,FICH,WUNG,25_PROSECUTE_FICH_WUNG.png,,FICH WUNG,04_WHEEZES_ASK.png,04_WHEEZES_DOTS.png,RUSP WIM,FICH WUNG,FICH WUNG,RUSP WIM,04_WHEEZES_RUSP_WIM.png,RUSP WIM,,,,,
71,1712407600963,06/04/2024 12:46:40,1712411200963,1,06/04/2024 14:46:40,139619,19,task-eihb,,36793868,BLIND,10848846,,complete,,6611405f9a28066cb144dd85,computer,Desktop or Laptop,Windows 10,Chrome 122.0.0.0,1920x1200,1920x1073,,,0,1i-3 A Training,4,,,1i-3,,,Pass,,1i-3 A Training,1i-3 A Training,20,Training02,TrainingC,1ouhhw,3,continue,,800.7000000000116,784,800.7000000000116,800.7000000000116,784,800.7000000000116,1,800.7000000000116,0,0,,Click To Continue,Continue Button,6,object-272,1i-3,_,17,1i-3_17,5,Training02,25_PROSECUTE,ASK,.png,25_PROSECUTE_ASK.png,FICH,WUNG,25_PROSECUTE_FICH_WUNG.png,,FICH WUNG,04_WHEEZES_ASK.png,04_WHEEZES_DOTS.png,RUSP WIM,FICH WUNG,FICH WUNG,RUSP WIM,04_WHEEZES_RUSP_WIM.png,RUSP WIM,,,,,
72,1712407607023,06/04/2024 12:46:47,1712411207023,1,06/04/2024 14:46:47,139619,19,task-eihb,,36793868,BLIND,10848846,,complete,,6611405f9a28066cb144dd85,computer,Desktop or Laptop,Windows 10,Chrome 122.0.0.0,1920x1200,1920x1073,,,0,1i-3 A Training,4,,,1i-3,,,Pass,,1i-3 A Training,1i-3 A Training,21,Training02,TrainingA,34efq7,1,response,RUSP WIM,1751.4000000000233,6071.599999999977,6076.899999991059,1751.4000000000233,6071.599999999977,6076.899999991059,1,1751.4000000000233,4325.499999991036,0,,Single Text Entry,TextResponseA,4,object-97,1i-3,_,23,1i-3_23,6,Training02,20_PULLSWORD,ASK,.png,20_PULLSWORD_ASK.png,RUSP,WIM,20_PULLSWORD_RUSP_WIM.png,,RUSP WIM,28_GALLEONS_ASK.png,28_GALLEONS_DOTS.png,RUSP WIM,ZETH WAN,RUSP WIM,ZETH WAN,28_GALLEONS_ZETH_WAN.png,,ZETH WAN,,,,
73,1712407609650,06/04/2024 12:46:49,1712411209650,1,06/04/2024 14:46:49,139619,19,task-eihb,,36793868,BLIND,10848846,,complete,,6611405f9a28066cb144dd85,computer,Desktop or Laptop,Windows 10,Chrome 122.0.0.0,1920x1200,1920x1073,,,0,1i-3 A Training,4,,,1i-3,,,Pass,,1i-3 A Training,1i-3 A Training,21,Training02,TrainingB,2yfdu9,2,response,,2632.4000000000233,2618.7000000000116,2632.4000000000233,2632.4000000000233,2618.7000000000116,2632.4000000000233,1,2632.4000000000233,0,0,,Click Response,Option B,5,object-246,1i-3,_,23,1i-3_23,6,Training02,20_PULLSWORD,ASK,.png,20_PULLSWORD_ASK.png,RUSP,WIM,20_PULLSWORD_RUSP_WIM.png,,RUSP WIM,28_GALLEONS_ASK.png,28_GALLEONS_DOTS.png,RUSP WIM,ZETH WAN,RUSP WIM,ZETH WAN,28_GALLEONS_ZETH_WAN.png,,ZETH WAN,,,,
74,1712407610608,06/04/2024 12:46:50,1712411210608,1,06/04/2024 14:46:50,139619,19,task-eihb,,36793868,BLIND,10848846,,complete,,6611405f9a28066cb144dd85,computer,Desktop or Laptop,Windows 10,Chrome 122.0.0.0,1920x1200,1920x1073,,,0,1i-3 A Training,4,,,1i-3,,,Pass,,1i-3 A Training,1i-3 A Training,21,Training02,TrainingC,1ouhhw,3,continue,,971.4999999970314,967.5,971.4999999970314,971.4999999970314,967.5,971.4999999970314,1,971.4999999970314,0,0,,Click To Continue,Continue Button,6,object-272,1i-3,_,23,1i-3_23,6,Training02,20_PULLSWORD,ASK,.png,20_PULLSWORD_ASK.png,RUSP,WIM,20_PULLSWORD_RUSP_WIM.png,,RUSP WIM,28_GALLEONS_ASK.png,28_GALLEONS_DOTS.png,RUSP WIM,ZETH WAN,RUSP WIM,ZETH WAN,28_GALLEONS_ZETH_WAN.png,,ZETH WAN,,,,
75,1712407617929,06/04/2024 12:46:57,1712411217929,1,06/04/2024 14:46:57,139619,19,task-eihb,,36793868,BLIND,10848846,,complete,,6611405f9a28066cb144dd85,computer,Desktop or Laptop,Windows 10,Chrome 122.0.0.0,1920x1200,1920x1073,,,0,1i-3 A Training,4,,,1i-3,,,Pass,,1i-3 A Training,1i-3 A Training,22,Training02,TrainingA,34efq7,1,response,FICH WUNG,1551.2000000000116,7322.600000000035,7324.999999997031,1551.2000000000116,7322.600000000035,7324.999999997031,1,1551.2000000000116,5773.79999999702,0,,Single Text Entry,TextResponseA,4,object-97,1i-3,_,21,1i-3_21,6,Training02,39_STOPHAGRID,ASK,.png,39_STOPHAGRID_ASK.png,FICH,WUNG,39_STOPHAGRID_FICH_WUNG.png,,FICH WUNG,14_MUNGOS_ASK.png,14_MUNGOS_DOTS.png,WOUX WAN,FICH WUNG,FICH WUNG,WOUX WAN,14_MUNGOS_WOUX_WAN.png,WOUX WAN,,,,,
76,1712407619257,06/04/2024 12:46:59,1712411219257,1,06/04/2024 14:46:59,139619,19,task-eihb,,36793868,BLIND,10848846,,complete,,6611405f9a28066cb144dd85,computer,Desktop or Laptop,Windows 10,Chrome 122.0.0.0,1920x1200,1920x1073,,,0,1i-3 A Training,4,,,1i-3,,,Pass,,1i-3 A Training,1i-3 A Training,22,Training02,TrainingB,2yfdu9,2,response,,1330.6999999940163,1317.7999999999884,1330.6999999940163,1330.6999999940163,1317.7999999999884,1330.6999999940163,1,1330.6999999940163,0,0,,Click Response,Option A,4,object-245,1i-3,_,21,1i-3_21,6,Training02,39_STOPHAGRID,ASK,.png,39_STOPHAGRID_ASK.png,FICH,WUNG,39_STOPHAGRID_FICH_WUNG.png,,FICH WUNG,14_MUNGOS_ASK.png,14_MUNGOS_DOTS.png,WOUX WAN,FICH WUNG,FICH WUNG,WOUX WAN,14_MUNGOS_WOUX_WAN.png,WOUX WAN,,,,,
77,1712407619953,06/04/2024 12:46:59,1712411219953,1,06/04/2024 14:46:59,139619,19,task-eihb,,36793868,BLIND,10848846,,complete,,6611405f9a28066cb144dd85,computer,Desktop or Laptop,Windows 10,Chrome 122.0.0.0,1920x1200,1920x1073,,,0,1i-3 A Training,4,,,1i-3,,,Pass,,1i-3 A Training,1i-3 A Training,22,Training02,TrainingC,1ouhhw,3,continue,,709.3999999940279,700.5,709.3999999940279,709.3999999940279,700.5,709.3999999940279,1,709.3999999940279,0,0,,Click To Continue,Continue Button,6,object-272,1i-3,_,21,1i-3_21,6,Training02,39_STOPHAGRID,ASK,.png,39_STOPHAGRID_ASK.png,FICH,WUNG,39_STOPHAGRID_FICH_WUNG.png,,FICH WUNG,14_MUNGOS_ASK.png,14_MUNGOS_DOTS.png,WOUX WAN,FICH WUNG,FICH WUNG,WOUX WAN,14_MUNGOS_WOUX_WAN.png,WOUX WAN,,,,,
78,1712407623715,06/04/2024 12:47:03,1712411223715,1,06/04/2024 14:47:03,139619,19,task-eihb,,36793868,BLIND,10848846,,complete,,6611405f9a28066cb144dd85,computer,Desktop or Laptop,Windows 10,Chrome 122.0.0.0,1920x1200,1920x1073,,,0,1i-3 A Training,4,,,1i-3,,,Pass,,1i-3 A Training,1i-3 A Training,23,Training02,TrainingA,34efq7,1,response,ZETH WAN,1401.0999999999767,3753,3769.600000000035,1401.0999999999767,3753,3769.600000000035,1,1401.0999999999767,2368.500000000058,0,,Single Text Entry,TextResponseA,4,object-97,1i-3,_,22,1i-3_22,6,Training02,26_ERISED,ASK,.png,26_ERISED_ASK.png,ZETH,WAN,26_ERISED_ZETH_WAN.png,,ZETH WAN,18_LIVEGODRIC_ASK.png,18_LIVEGODRIC_DOTS.png,RUSP WIM,ZETH WAN,ZETH WAN,RUSP WIM,18_LIVEGODRIC_RUSP_WIM.png,RUSP WIM,,,,,
79,1712407626913,06/04/2024 12:47:06,1712411226913,1,06/04/2024 14:47:06,139619,19,task-eihb,,36793868,BLIND,10848846,,complete,,6611405f9a28066cb144dd85,computer,Desktop or Laptop,Windows 10,Chrome 122.0.0.0,1920x1200,1920x1073,,,0,1i-3 A Training,4,,,1i-3,,,Pass,,1i-3 A Training,1i-3 A Training,23,Training02,TrainingB,2yfdu9,2,response,,3215.399999994028,3202.7000000000116,3215.399999994028,3215.399999994028,3202.7000000000116,3215.399999994028,1,3215.399999994028,0,0,,Click Response,Option A,4,object-245,1i-3,_,22,1i-3_22,6,Training02,26_ERISED,ASK,.png,26_ERISED_ASK.png,ZETH,WAN,26_ERISED_ZETH_WAN.png,,ZETH WAN,18_LIVEGODRIC_ASK.png,18_LIVEGODRIC_DOTS.png,RUSP WIM,ZETH WAN,ZETH WAN,RUSP WIM,18_LIVEGODRIC_RUSP_WIM.png,RUSP WIM,,,,,
80,1712407627593,06/04/2024 12:47:07,1712411227593,1,06/04/2024 14:47:07,139619,19,task-eihb,,36793868,BLIND,10848846,,complete,,6611405f9a28066cb144dd85,computer,Desktop or Laptop,Windows 10,Chrome 122.0.0.0,1920x1200,1920x1073,,,0,1i-3 A Training,4,,,1i-3,,,Pass,,1i-3 A Training,1i-3 A Training,23,Training02,TrainingC,1ouhhw,3,continue,,692.5999999999767,683.8999999999651,692.5999999999767,692.5999999999767,683.8999999999651,692.5999999999767,1,692.5999999999767,0,0,,Click To Continue,Continue Button,6,object-272,1i-3,_,22,1i-3_22,6,Training02,26_ERISED,ASK,.png,26_ERISED_ASK.png,ZETH,WAN,26_ERISED_ZETH_WAN.png,,ZETH WAN,18_LIVEGODRIC_ASK.png,18_LIVEGODRIC_DOTS.png,RUSP WIM,ZETH WAN,ZETH WAN,RUSP WIM,18_LIVEGODRIC_RUSP_WIM.png,RUSP WIM,,,,,
81,1712407630889,06/04/2024 12:47:10,1712411230889,1,06/04/2024 14:47:10,139619,19,task-eihb,,36793868,BLIND,10848846,,complete,,6611405f9a28066cb144dd85,computer,Desktop or Laptop,Windows 10,Chrome 122.0.0.0,1920x1200,1920x1073,,,0,1i-3 A Training,4,,,1i-3,,,Pass,,1i-3 A Training,1i-3 A Training,24,Training02,TrainingA,34efq7,1,response,WOUX WAN,1017.4000000000233,3302.600000000035,3304.4999999970314,1017.4000000000233,3302.600000000035,3304.4999999970314,1,1017.4000000000233,2287.099999997008,0,,Single Text Entry,TextResponseA,4,object-97,1i-3,_,24,1i-3_24,6,Training02,07_AZKABAN,ASK,.png,07_AZKABAN_ASK.png,WOUX,WAN,07_AZKABAN_WOUX_WAN.png,,WOUX WAN,32_QWC_ASK.png,32_QWC_DOTS.png,WOUX WAN,FICH WUNG,WOUX WAN,FICH WUNG,32_QWC_FICH_WUNG.png,,FICH WUNG,,,,
82,1712407633284,06/04/2024 12:47:13,1712411233284,1,06/04/2024 14:47:13,139619,19,task-eihb,,36793868,BLIND,10848846,,complete,,6611405f9a28066cb144dd85,computer,Desktop or Laptop,Windows 10,Chrome 122.0.0.0,1920x1200,1920x1073,,,0,1i-3 A Training,4,,,1i-3,,,Pass,,1i-3 A Training,1i-3 A Training,24,Training02,TrainingB,2yfdu9,2,response,,2396.800000002957,2385.2999999999884,2396.800000002957,2396.800000002957,2385.2999999999884,2396.800000002957,1,2396.800000002957,0,0,,Click Response,Option B,5,object-246,1i-3,_,24,1i-3_24,6,Training02,07_AZKABAN,ASK,.png,07_AZKABAN_ASK.png,WOUX,WAN,07_AZKABAN_WOUX_WAN.png,,WOUX WAN,32_QWC_ASK.png,32_QWC_DOTS.png,WOUX WAN,FICH WUNG,WOUX WAN,FICH WUNG,32_QWC_FICH_WUNG.png,,FICH WUNG,,,,
83,1712407633803,06/04/2024 12:47:13,1712411233803,1,06/04/2024 14:47:13,139619,19,task-eihb,,36793868,BLIND,10848846,,complete,,6611405f9a28066cb144dd85,computer,Desktop or Laptop,Windows 10,Chrome 122.0.0.0,1920x1200,1920x1073,,,0,1i-3 A Training,4,,,1i-3,,,Pass,,1i-3 A Training,1i-3 A Training,24,Training02,TrainingC,1ouhhw,3,continue,,530.7999999999884,517.0999999999767,530.7999999999884,530.7999999999884,517.0999999999767,530.7999999999884,1,530.7999999999884,0,0,,Click To Continue,Continue Button,6,object-272,1i-3,_,24,1i-3_24,6,Training02,07_AZKABAN,ASK,.png,07_AZKABAN_ASK.png,WOUX,WAN,07_AZKABAN_WOUX_WAN.png,,WOUX WAN,32_QWC_ASK.png,32_QWC_DOTS.png,WOUX WAN,FICH WUNG,WOUX WAN,FICH WUNG,32_QWC_FICH_WUNG.png,,FICH WUNG,,,,
84,1712407633805,06/04/2024 12:47:13,1712411233805,1,06/04/2024 14:47:13,139619,19,task-eihb,,36793868,BLIND,10848846,,complete,,6611405f9a28066cb144dd85,computer,Desktop or Laptop,Windows 10,Chrome 122.0.0.0,1920x1200,1920x1073,,,0,1i-3 A Training,4,,,1i-3,,,Pass,,1i-3 A Training,1i-3 A Training,,,,,,5,END,,,,,,,0,,,,,,,,,,,,,,,,,,,,,,,,,,,,,,,,,,,,
1,1712411819255,06/04/2024 13:56:59,1712415419255,1,06/04/2024 15:56:59,139619,19,task-eihb,,36794961,BLIND,10849172,,complete,,66115251ab3ea25894e139b0,computer,Desktop or Laptop,Windows 10,Chrome 123.0.0.0,1923x924,1920x919,,,0,1i-3 A Training,4,,,1i-3,,,Pass,,1i-3 A Training,1i-3 A Training,,,,,,5,BEGIN,,,,,,,0,,,,,,,,,,,,,,,,,,,,,,,,,,,,,,,,,,,,
2,1712411823010,06/04/2024 13:57:03,1712415423010,1,06/04/2024 15:57:03,139619,19,task-eihb,,36794961,BLIND,10849172,,complete,,66115251ab3ea25894e139b0,computer,Desktop or Laptop,Windows 10,Chrome 123.0.0.0,1923x924,1920x919,,,0,1i-3 A Training,4,,,1i-3,,,Pass,,1i-3 A Training,1i-3 A Training,1,Instructions,Attention Check 5,4xnmv6,1,continue,,3555,3551,3555,3555,3551,3555,1,3555,0,0,,Click To Continue,Continue Button,4,object-285,,,,,,Instructions,,,,,,,,,,,,,,,,,,,,,,
3,1712411823010,06/04/2024 13:57:03,1712415423010,1,06/04/2024 15:57:03,139619,19,task-eihb,,36794961,BLIND,10849172,,complete,,66115251ab3ea25894e139b0,computer,Desktop or Laptop,Windows 10,Chrome 123.0.0.0,1923x924,1920x919,,,0,1i-3 A Training,4,,,1i-3,,,Pass,,1i-3 A Training,1i-3 A Training,1,Instructions,Attention Check 5,4xnmv6,1,response,Accio!,2750,3551,3555,2750,3551,3555,1,2750,805,0,,Dropdown,Dropdown5,3,object-284,,,,,,Instructions,,,,,,,,,,,,,,,,,,,,,,
4,1712411828706,06/04/2024 13:57:08,1712415428706,1,06/04/2024 15:57:08,139619,19,task-eihb,,36794961,BLIND,10849172,,complete,,66115251ab3ea25894e139b0,computer,Desktop or Laptop,Windows 10,Chrome 123.0.0.0,1923x924,1920x919,,,0,1i-3 A Training,4,,,1i-3,,,Pass,,1i-3 A Training,1i-3 A Training,1,Instructions,Attention Check 6,wf497f,2,continue,,5698,5682,5698,5698,5682,5698,1,5698,0,0,,Click To Continue,Continue Button,4,object-292,,,,,,Instructions,,,,,,,,,,,,,,,,,,,,,,
5,1712411828706,06/04/2024 13:57:08,1712415428706,1,06/04/2024 15:57:08,139619,19,task-eihb,,36794961,BLIND,10849172,,complete,,66115251ab3ea25894e139b0,computer,Desktop or Laptop,Windows 10,Chrome 123.0.0.0,1923x924,1920x919,,,0,1i-3 A Training,4,,,1i-3,,,Pass,,1i-3 A Training,1i-3 A Training,1,Instructions,Attention Check 6,wf497f,2,response,The Invisibility Cloak,5183,5682,5698,5183,5682,5698,1,5183,515,0,,Dropdown,Dropdown6,3,object-291,,,,,,Instructions,,,,,,,,,,,,,,,,,,,,,,
6,1712411832123,06/04/2024 13:57:12,1712415432123,1,06/04/2024 15:57:12,139619,19,task-eihb,,36794961,BLIND,10849172,,complete,,66115251ab3ea25894e139b0,computer,Desktop or Laptop,Windows 10,Chrome 123.0.0.0,1923x924,1920x919,,,0,1i-3 A Training,4,,,1i-3,,,Pass,,1i-3 A Training,1i-3 A Training,1,Instructions,Screen 22,3y4guk,3,continue,,3435,3434,3435,3435,3434,3435,1,3435,0,0,,Click To Continue,Continue Button,3,object-297,,,,,,Instructions,,,,,,,,,,,,,,,,,,,,,,
7,1712411855824,06/04/2024 13:57:35,1712415455824,1,06/04/2024 15:57:35,139619,19,task-eihb,,36794961,BLIND,10849172,,complete,,66115251ab3ea25894e139b0,computer,Desktop or Laptop,Windows 10,Chrome 123.0.0.0,1923x924,1920x919,,,0,1i-3 A Training,4,,,1i-3,,,Pass,,1i-3 A Training,1i-3 A Training,1,Instructions,Instructions 02,q3gk2e,4,continue,,23702,23699,23702,23702,23699,23702,1,23702,0,0,,Click To Continue,Continue Button,2,object-75,,,,,,Instructions,,,,,,,,,,,,,,,,,,,,,,
8,1712411858652,06/04/2024 13:57:38,1712415458652,1,06/04/2024 15:57:38,139619,19,task-eihb,,36794961,BLIND,10849172,,complete,,66115251ab3ea25894e139b0,computer,Desktop or Laptop,Windows 10,Chrome 123.0.0.0,1923x924,1920x919,,,0,1i-3 A Training,4,,,1i-3,,,Pass,,1i-3 A Training,1i-3 A Training,1,Instructions,Instructions 03,gxa3vr,5,continue,,2831,2817,2831,2831,2817,2831,1,2831,0,0,,Click To Continue,Continue Button,1,object-165,,,,,,Instructions,,,,,,,,,,,,,,,,,,,,,,
9,1712411888149,06/04/2024 13:58:08,1712415488149,1,06/04/2024 15:58:08,139619,19,task-eihb,,36794961,BLIND,10849172,,complete,,66115251ab3ea25894e139b0,computer,Desktop or Laptop,Windows 10,Chrome 123.0.0.0,1923x924,1920x919,,,0,1i-3 A Training,4,,,1i-3,,,Pass,,1i-3 A Training,1i-3 A Training,1,Training02,TrainingA,34efq7,1,response,WOUX WAN,21083,29500,29510,21083,29500,29510,1,21083,8427,0,,Single Text Entry,TextResponseA,4,object-97,1i-3,_,04,1i-3_04,1,Training02,35_PROPHET,ASK,.png,35_PROPHET_ASK.png,WOUX,WAN,35_PROPHET_WOUX_WAN.png,,WOUX WAN,40_BURYSNAPE_ASK.png,40_BURYSNAPE_DOTS.png,WOUX WAN,RUSP WIM,WOUX WAN,RUSP WIM,40_BURYSNAPE_RUSP_WIM.png,,RUSP WIM,,,,
10,1712411908772,06/04/2024 13:58:28,1712415508772,1,06/04/2024 15:58:28,139619,19,task-eihb,,36794961,BLIND,10849172,,complete,,66115251ab3ea25894e139b0,computer,Desktop or Laptop,Windows 10,Chrome 123.0.0.0,1923x924,1920x919,,,0,1i-3 A Training,4,,,1i-3,,,Pass,,1i-3 A Training,1i-3 A Training,1,Training02,TrainingB,2yfdu9,2,response,,20633,20616,20633,20633,20616,20633,1,20633,0,0,,Click Response,Option B,5,object-246,1i-3,_,04,1i-3_04,1,Training02,35_PROPHET,ASK,.png,35_PROPHET_ASK.png,WOUX,WAN,35_PROPHET_WOUX_WAN.png,,WOUX WAN,40_BURYSNAPE_ASK.png,40_BURYSNAPE_DOTS.png,WOUX WAN,RUSP WIM,WOUX WAN,RUSP WIM,40_BURYSNAPE_RUSP_WIM.png,,RUSP WIM,,,,
11,1712411910028,06/04/2024 13:58:30,1712415510028,1,06/04/2024 15:58:30,139619,19,task-eihb,,36794961,BLIND,10849172,,complete,,66115251ab3ea25894e139b0,computer,Desktop or Laptop,Windows 10,Chrome 123.0.0.0,1923x924,1920x919,,,0,1i-3 A Training,4,,,1i-3,,,Pass,,1i-3 A Training,1i-3 A Training,1,Training02,TrainingC,1ouhhw,3,continue,,1274,1266,1274,1274,1266,1274,1,1274,0,0,,Click To Continue,Continue Button,6,object-272,1i-3,_,04,1i-3_04,1,Training02,35_PROPHET,ASK,.png,35_PROPHET_ASK.png,WOUX,WAN,35_PROPHET_WOUX_WAN.png,,WOUX WAN,40_BURYSNAPE_ASK.png,40_BURYSNAPE_DOTS.png,WOUX WAN,RUSP WIM,WOUX WAN,RUSP WIM,40_BURYSNAPE_RUSP_WIM.png,,RUSP WIM,,,,
12,1712411918611,06/04/2024 13:58:38,1712415518611,1,06/04/2024 15:58:38,139619,19,task-eihb,,36794961,BLIND,10849172,,complete,,66115251ab3ea25894e139b0,computer,Desktop or Laptop,Windows 10,Chrome 123.0.0.0,1923x924,1920x919,,,0,1i-3 A Training,4,,,1i-3,,,Pass,,1i-3 A Training,1i-3 A Training,2,Training02,TrainingA,34efq7,1,response,ZETH WAN,4101,8584,8590,4101,8584,8590,1,4101,4489,0,,Single Text Entry,TextResponseA,4,object-97,1i-3,_,02,1i-3_02,1,Training02,40_BURYSNAPE,ASK,.png,40_BURYSNAPE_ASK.png,ZETH,WAN,40_BURYSNAPE_ZETH_WAN.png,,ZETH WAN,20_PULLSWORD_ASK.png,20_PULLSWORD_DOTS.png,WOUX WAN,ZETH WAN,ZETH WAN,WOUX WAN,20_PULLSWORD_WOUX_WAN.png,WOUX WAN,,,,,
13,1712411926606,06/04/2024 13:58:46,1712415526606,1,06/04/2024 15:58:46,139619,19,task-eihb,,36794961,BLIND,10849172,,complete,,66115251ab3ea25894e139b0,computer,Desktop or Laptop,Windows 10,Chrome 123.0.0.0,1923x924,1920x919,,,0,1i-3 A Training,4,,,1i-3,,,Pass,,1i-3 A Training,1i-3 A Training,2,Training02,TrainingB,2yfdu9,2,response,,8002,8000,8002,8002,8000,8002,1,8002,0,0,,Click Response,Option A,4,object-245,1i-3,_,02,1i-3_02,1,Training02,40_BURYSNAPE,ASK,.png,40_BURYSNAPE_ASK.png,ZETH,WAN,40_BURYSNAPE_ZETH_WAN.png,,ZETH WAN,20_PULLSWORD_ASK.png,20_PULLSWORD_DOTS.png,WOUX WAN,ZETH WAN,ZETH WAN,WOUX WAN,20_PULLSWORD_WOUX_WAN.png,WOUX WAN,,,,,
14,1712411932302,06/04/2024 13:58:52,1712415532302,1,06/04/2024 15:58:52,139619,19,task-eihb,,36794961,BLIND,10849172,,complete,,66115251ab3ea25894e139b0,computer,Desktop or Laptop,Windows 10,Chrome 123.0.0.0,1923x924,1920x919,,,0,1i-3 A Training,4,,,1i-3,,,Pass,,1i-3 A Training,1i-3 A Training,2,Training02,TrainingC,1ouhhw,3,continue,,5697,5683,5697,5697,5683,5697,1,5697,0,0,,Click To Continue,Continue Button,6,object-272,1i-3,_,02,1i-3_02,1,Training02,40_BURYSNAPE,ASK,.png,40_BURYSNAPE_ASK.png,ZETH,WAN,40_BURYSNAPE_ZETH_WAN.png,,ZETH WAN,20_PULLSWORD_ASK.png,20_PULLSWORD_DOTS.png,WOUX WAN,ZETH WAN,ZETH WAN,WOUX WAN,20_PULLSWORD_WOUX_WAN.png,WOUX WAN,,,,,
15,1712411948317,06/04/2024 13:59:08,1712415548317,1,06/04/2024 15:59:08,139619,19,task-eihb,,36794961,BLIND,10849172,,complete,,66115251ab3ea25894e139b0,computer,Desktop or Laptop,Windows 10,Chrome 123.0.0.0,1923x924,1920x919,,,0,1i-3 A Training,4,,,1i-3,,,Pass,,1i-3 A Training,1i-3 A Training,3,Training02,TrainingA,34efq7,1,response,FICH WUNG,5833,16016,16029,5833,16016,16029,1,5833,10196,0,,Single Text Entry,TextResponseA,4,object-97,1i-3,_,01,1i-3_01,1,Training02,04_WHEEZES,ASK,.png,04_WHEEZES_ASK.png,FICH,WUNG,04_WHEEZES_FICH_WUNG.png,,FICH WUNG,05_AUROR_ASK.png,05_AUROR_DOTS.png,FICH WUNG,ZETH WAN,FICH WUNG,ZETH WAN,05_AUROR_ZETH_WAN.png,,ZETH WAN,,,,
16,1712411961732,06/04/2024 13:59:21,1712415561732,1,06/04/2024 15:59:21,139619,19,task-eihb,,36794961,BLIND,10849172,,complete,,66115251ab3ea25894e139b0,computer,Desktop or Laptop,Windows 10,Chrome 123.0.0.0,1923x924,1920x919,,,0,1i-3 A Training,4,,,1i-3,,,Pass,,1i-3 A Training,1i-3 A Training,3,Training02,TrainingB,2yfdu9,2,response,,13429,13417,13429,13429,13417,13429,1,13429,0,0,,Click Response,Option B,5,object-246,1i-3,_,01,1i-3_01,1,Training02,04_WHEEZES,ASK,.png,04_WHEEZES_ASK.png,FICH,WUNG,04_WHEEZES_FICH_WUNG.png,,FICH WUNG,05_AUROR_ASK.png,05_AUROR_DOTS.png,FICH WUNG,ZETH WAN,FICH WUNG,ZETH WAN,05_AUROR_ZETH_WAN.png,,ZETH WAN,,,,
17,1712411963010,06/04/2024 13:59:23,1712415563010,1,06/04/2024 15:59:23,139619,19,task-eihb,,36794961,BLIND,10849172,,complete,,66115251ab3ea25894e139b0,computer,Desktop or Laptop,Windows 10,Chrome 123.0.0.0,1923x924,1920x919,,,0,1i-3 A Training,4,,,1i-3,,,Pass,,1i-3 A Training,1i-3 A Training,3,Training02,TrainingC,1ouhhw,3,continue,,1290,1284,1290,1290,1284,1290,1,1290,0,0,,Click To Continue,Continue Button,6,object-272,1i-3,_,01,1i-3_01,1,Training02,04_WHEEZES,ASK,.png,04_WHEEZES_ASK.png,FICH,WUNG,04_WHEEZES_FICH_WUNG.png,,FICH WUNG,05_AUROR_ASK.png,05_AUROR_DOTS.png,FICH WUNG,ZETH WAN,FICH WUNG,ZETH WAN,05_AUROR_ZETH_WAN.png,,ZETH WAN,,,,
18,1712411984551,06/04/2024 13:59:44,1712415584551,1,06/04/2024 15:59:44,139619,19,task-eihb,,36794961,BLIND,10849172,,complete,,66115251ab3ea25894e139b0,computer,Desktop or Laptop,Windows 10,Chrome 123.0.0.0,1923x924,1920x919,,,0,1i-3 A Training,4,,,1i-3,,,Pass,,1i-3 A Training,1i-3 A Training,4,Training02,TrainingA,34efq7,1,response,RUSP WIM,4849,21532,21546,4849,21532,21546,1,4849,16697,0,,Single Text Entry,TextResponseA,4,object-97,1i-3,_,03,1i-3_03,1,Training02,13_QUIBBLER,ASK,.png,13_QUIBBLER_ASK.png,RUSP,WIM,13_QUIBBLER_RUSP_WIM.png,,RUSP WIM,27_BESTSELLER_ASK.png,27_BESTSELLER_DOTS.png,FICH WUNG,RUSP WIM,RUSP WIM,FICH WUNG,27_BESTSELLER_FICH_WUNG.png,FICH WUNG,,,,,
19,1712412003063,06/04/2024 14:00:03,1712415603063,1,06/04/2024 16:00:03,139619,19,task-eihb,,36794961,BLIND,10849172,,complete,,66115251ab3ea25894e139b0,computer,Desktop or Laptop,Windows 10,Chrome 123.0.0.0,1923x924,1920x919,,,0,1i-3 A Training,4,,,1i-3,,,Pass,,1i-3 A Training,1i-3 A Training,4,Training02,TrainingB,2yfdu9,2,response,,18526,18516,18526,18526,18516,18526,1,18526,0,0,,Click Response,Option A,4,object-245,1i-3,_,03,1i-3_03,1,Training02,13_QUIBBLER,ASK,.png,13_QUIBBLER_ASK.png,RUSP,WIM,13_QUIBBLER_RUSP_WIM.png,,RUSP WIM,27_BESTSELLER_ASK.png,27_BESTSELLER_DOTS.png,FICH WUNG,RUSP WIM,RUSP WIM,FICH WUNG,27_BESTSELLER_FICH_WUNG.png,FICH WUNG,,,,,
20,1712412004250,06/04/2024 14:00:04,1712415604250,1,06/04/2024 16:00:04,139619,19,task-eihb,,36794961,BLIND,10849172,,complete,,66115251ab3ea25894e139b0,computer,Desktop or Laptop,Windows 10,Chrome 123.0.0.0,1923x924,1920x919,,,0,1i-3 A Training,4,,,1i-3,,,Pass,,1i-3 A Training,1i-3 A Training,4,Training02,TrainingC,1ouhhw,3,continue,,1198,1184,1198,1198,1184,1198,1,1198,0,0,,Click To Continue,Continue Button,6,object-272,1i-3,_,03,1i-3_03,1,Training02,13_QUIBBLER,ASK,.png,13_QUIBBLER_ASK.png,RUSP,WIM,13_QUIBBLER_RUSP_WIM.png,,RUSP WIM,27_BESTSELLER_ASK.png,27_BESTSELLER_DOTS.png,FICH WUNG,RUSP WIM,RUSP WIM,FICH WUNG,27_BESTSELLER_FICH_WUNG.png,FICH WUNG,,,,,
21,1712412020935,06/04/2024 14:00:20,1712415620935,1,06/04/2024 16:00:20,139619,19,task-eihb,,36794961,BLIND,10849172,,complete,,66115251ab3ea25894e139b0,computer,Desktop or Laptop,Windows 10,Chrome 123.0.0.0,1923x924,1920x919,,,0,1i-3 A Training,4,,,1i-3,,,Pass,,1i-3 A Training,1i-3 A Training,5,Training02,TrainingA,34efq7,1,response,FICH WUNG,5483,16683,16698,5483,16683,16698,1,5483,11215,0,,Single Text Entry,TextResponseA,4,object-97,1i-3,_,05,1i-3_05,2,Training02,18_LIVEGODRIC,ASK,.png,18_LIVEGODRIC_ASK.png,FICH,WUNG,18_LIVEGODRIC_FICH_WUNG.png,,FICH WUNG,07_AZKABAN_ASK.png,07_AZKABAN_DOTS.png,FICH WUNG,RUSP WIM,FICH WUNG,RUSP WIM,07_AZKABAN_RUSP_WIM.png,,RUSP WIM,,,,
22,1712412024589,06/04/2024 14:00:24,1712415624589,1,06/04/2024 16:00:24,139619,19,task-eihb,,36794961,BLIND,10849172,,complete,,66115251ab3ea25894e139b0,computer,Desktop or Laptop,Windows 10,Chrome 123.0.0.0,1923x924,1920x919,,,0,1i-3 A Training,4,,,1i-3,,,Pass,,1i-3 A Training,1i-3 A Training,5,Training02,TrainingB,2yfdu9,2,response,,3669,3668,3669,3669,3668,3669,1,3669,0,0,,Click Response,Option B,5,object-246,1i-3,_,05,1i-3_05,2,Training02,18_LIVEGODRIC,ASK,.png,18_LIVEGODRIC_ASK.png,FICH,WUNG,18_LIVEGODRIC_FICH_WUNG.png,,FICH WUNG,07_AZKABAN_ASK.png,07_AZKABAN_DOTS.png,FICH WUNG,RUSP WIM,FICH WUNG,RUSP WIM,07_AZKABAN_RUSP_WIM.png,,RUSP WIM,,,,
23,1712412026876,06/04/2024 14:00:26,1712415626876,1,06/04/2024 16:00:26,139619,19,task-eihb,,36794961,BLIND,10849172,,complete,,66115251ab3ea25894e139b0,computer,Desktop or Laptop,Windows 10,Chrome 123.0.0.0,1923x924,1920x919,,,0,1i-3 A Training,4,,,1i-3,,,Pass,,1i-3 A Training,1i-3 A Training,5,Training02,TrainingC,1ouhhw,3,continue,,2289,2282,2289,2289,2282,2289,1,2289,0,0,,Click To Continue,Continue Button,6,object-272,1i-3,_,05,1i-3_05,2,Training02,18_LIVEGODRIC,ASK,.png,18_LIVEGODRIC_ASK.png,FICH,WUNG,18_LIVEGODRIC_FICH_WUNG.png,,FICH WUNG,07_AZKABAN_ASK.png,07_AZKABAN_DOTS.png,FICH WUNG,RUSP WIM,FICH WUNG,RUSP WIM,07_AZKABAN_RUSP_WIM.png,,RUSP WIM,,,,
24,1712412036361,06/04/2024 14:00:36,1712415636361,1,06/04/2024 16:00:36,139619,19,task-eihb,,36794961,BLIND,10849172,,complete,,66115251ab3ea25894e139b0,computer,Desktop or Laptop,Windows 10,Chrome 123.0.0.0,1923x924,1920x919,,,0,1i-3 A Training,4,,,1i-3,,,Pass,,1i-3 A Training,1i-3 A Training,6,Training02,TrainingA,34efq7,1,response,WOUX WAN,4767,9483,9491,4767,9483,9491,1,4767,4724,0,,Single Text Entry,TextResponseA,4,object-97,1i-3,_,08,1i-3_08,2,Training02,28_GALLEONS,ASK,.png,28_GALLEONS_ASK.png,WOUX,WAN,28_GALLEONS_WOUX_WAN.png,,WOUX WAN,39_STOPHAGRID_ASK.png,39_STOPHAGRID_DOTS.png,ZETH WAN,WOUX WAN,WOUX WAN,ZETH WAN,39_STOPHAGRID_ZETH_WAN.png,ZETH WAN,,,,,
25,1712412055282,06/04/2024 14:00:55,1712415655282,1,06/04/2024 16:00:55,139619,19,task-eihb,,36794961,BLIND,10849172,,complete,,66115251ab3ea25894e139b0,computer,Desktop or Laptop,Windows 10,Chrome 123.0.0.0,1923x924,1920x919,,,0,1i-3 A Training,4,,,1i-3,,,Pass,,1i-3 A Training,1i-3 A Training,6,Training02,TrainingB,2yfdu9,2,response,,18930,18916,18930,18930,18916,18930,1,18930,0,0,,Click Response,Option A,4,object-245,1i-3,_,08,1i-3_08,2,Training02,28_GALLEONS,ASK,.png,28_GALLEONS_ASK.png,WOUX,WAN,28_GALLEONS_WOUX_WAN.png,,WOUX WAN,39_STOPHAGRID_ASK.png,39_STOPHAGRID_DOTS.png,ZETH WAN,WOUX WAN,WOUX WAN,ZETH WAN,39_STOPHAGRID_ZETH_WAN.png,ZETH WAN,,,,,
26,1712412056654,06/04/2024 14:00:56,1712415656654,1,06/04/2024 16:00:56,139619,19,task-eihb,,36794961,BLIND,10849172,,complete,,66115251ab3ea25894e139b0,computer,Desktop or Laptop,Windows 10,Chrome 123.0.0.0,1923x924,1920x919,,,0,1i-3 A Training,4,,,1i-3,,,Pass,,1i-3 A Training,1i-3 A Training,6,Training02,TrainingC,1ouhhw,3,continue,,1386,1384,1386,1386,1384,1386,1,1386,0,0,,Click To Continue,Continue Button,6,object-272,1i-3,_,08,1i-3_08,2,Training02,28_GALLEONS,ASK,.png,28_GALLEONS_ASK.png,WOUX,WAN,28_GALLEONS_WOUX_WAN.png,,WOUX WAN,39_STOPHAGRID_ASK.png,39_STOPHAGRID_DOTS.png,ZETH WAN,WOUX WAN,WOUX WAN,ZETH WAN,39_STOPHAGRID_ZETH_WAN.png,ZETH WAN,,,,,
27,1712412064466,06/04/2024 14:01:04,1712415664466,1,06/04/2024 16:01:04,139619,19,task-eihb,,36794961,BLIND,10849172,,complete,,66115251ab3ea25894e139b0,computer,Desktop or Laptop,Windows 10,Chrome 123.0.0.0,1923x924,1920x919,,,0,1i-3 A Training,4,,,1i-3,,,Pass,,1i-3 A Training,1i-3 A Training,7,Training02,TrainingA,34efq7,1,response,ZETH WAN,3616,7800,7815,3616,7800,7815,1,3616,4199,0,,Single Text Entry,TextResponseA,4,object-97,1i-3,_,06,1i-3_06,2,Training02,12_SKEETER,ASK,.png,12_SKEETER_ASK.png,ZETH,WAN,12_SKEETER_ZETH_WAN.png,,ZETH WAN,12_SKEETER_ASK.png,12_SKEETER_DOTS.png,FICH WUNG,ZETH WAN,ZETH WAN,FICH WUNG,12_SKEETER_FICH_WUNG.png,FICH WUNG,,,,,
28,1712412069092,06/04/2024 14:01:09,1712415669092,1,06/04/2024 16:01:09,139619,19,task-eihb,,36794961,BLIND,10849172,,complete,,66115251ab3ea25894e139b0,computer,Desktop or Laptop,Windows 10,Chrome 123.0.0.0,1923x924,1920x919,,,0,1i-3 A Training,4,,,1i-3,,,Pass,,1i-3 A Training,1i-3 A Training,7,Training02,TrainingB,2yfdu9,2,response,,4640,4633,4640,4640,4633,4640,1,4640,0,0,,Click Response,Option B,5,object-246,1i-3,_,06,1i-3_06,2,Training02,12_SKEETER,ASK,.png,12_SKEETER_ASK.png,ZETH,WAN,12_SKEETER_ZETH_WAN.png,,ZETH WAN,12_SKEETER_ASK.png,12_SKEETER_DOTS.png,FICH WUNG,ZETH WAN,ZETH WAN,FICH WUNG,12_SKEETER_FICH_WUNG.png,FICH WUNG,,,,,
29,1712412073356,06/04/2024 14:01:13,1712415673356,1,06/04/2024 16:01:13,139619,19,task-eihb,,36794961,BLIND,10849172,,complete,,66115251ab3ea25894e139b0,computer,Desktop or Laptop,Windows 10,Chrome 123.0.0.0,1923x924,1920x919,,,0,1i-3 A Training,4,,,1i-3,,,Pass,,1i-3 A Training,1i-3 A Training,7,Training02,TrainingC,1ouhhw,3,continue,,4271,4266,4271,4271,4266,4271,1,4271,0,0,,Click To Continue,Continue Button,6,object-272,1i-3,_,06,1i-3_06,2,Training02,12_SKEETER,ASK,.png,12_SKEETER_ASK.png,ZETH,WAN,12_SKEETER_ZETH_WAN.png,,ZETH WAN,12_SKEETER_ASK.png,12_SKEETER_DOTS.png,FICH WUNG,ZETH WAN,ZETH WAN,FICH WUNG,12_SKEETER_FICH_WUNG.png,FICH WUNG,,,,,
30,1712412090074,06/04/2024 14:01:30,1712415690074,1,06/04/2024 16:01:30,139619,19,task-eihb,,36794961,BLIND,10849172,,complete,,66115251ab3ea25894e139b0,computer,Desktop or Laptop,Windows 10,Chrome 123.0.0.0,1923x924,1920x919,,,0,1i-3 A Training,4,,,1i-3,,,Pass,,1i-3 A Training,1i-3 A Training,8,Training02,TrainingA,34efq7,1,response,RUSP WIM,3567,16716,16723,3567,16716,16723,1,3567,13156,0,,Single Text Entry,TextResponseA,4,object-97,1i-3,_,07,1i-3_07,2,Training02,34_FANLETTERS,ASK,.png,34_FANLETTERS_ASK.png,RUSP,WIM,34_FANLETTERS_RUSP_WIM.png,,RUSP WIM,34_FANLETTERS_ASK.png,34_FANLETTERS_DOTS.png,RUSP WIM,WOUX WAN,RUSP WIM,WOUX WAN,34_FANLETTERS_WOUX_WAN.png,,WOUX WAN,,,,
31,1712412097076,06/04/2024 14:01:37,1712415697076,1,06/04/2024 16:01:37,139619,19,task-eihb,,36794961,BLIND,10849172,,complete,,66115251ab3ea25894e139b0,computer,Desktop or Laptop,Windows 10,Chrome 123.0.0.0,1923x924,1920x919,,,0,1i-3 A Training,4,,,1i-3,,,Pass,,1i-3 A Training,1i-3 A Training,8,Training02,TrainingB,2yfdu9,2,response,,7009,7000,7009,7009,7000,7009,1,7009,0,0,,Click Response,Option A,4,object-245,1i-3,_,07,1i-3_07,2,Training02,34_FANLETTERS,ASK,.png,34_FANLETTERS_ASK.png,RUSP,WIM,34_FANLETTERS_RUSP_WIM.png,,RUSP WIM,34_FANLETTERS_ASK.png,34_FANLETTERS_DOTS.png,RUSP WIM,WOUX WAN,RUSP WIM,WOUX WAN,34_FANLETTERS_WOUX_WAN.png,,WOUX WAN,,,,
32,1712412099266,06/04/2024 14:01:39,1712415699266,1,06/04/2024 16:01:39,139619,19,task-eihb,,36794961,BLIND,10849172,,complete,,66115251ab3ea25894e139b0,computer,Desktop or Laptop,Windows 10,Chrome 123.0.0.0,1923x924,1920x919,,,0,1i-3 A Training,4,,,1i-3,,,Pass,,1i-3 A Training,1i-3 A Training,8,Training02,TrainingC,1ouhhw,3,continue,,2198,2184,2198,2198,2184,2198,1,2198,0,0,,Click To Continue,Continue Button,6,object-272,1i-3,_,07,1i-3_07,2,Training02,34_FANLETTERS,ASK,.png,34_FANLETTERS_ASK.png,RUSP,WIM,34_FANLETTERS_RUSP_WIM.png,,RUSP WIM,34_FANLETTERS_ASK.png,34_FANLETTERS_DOTS.png,RUSP WIM,WOUX WAN,RUSP WIM,WOUX WAN,34_FANLETTERS_WOUX_WAN.png,,WOUX WAN,,,,
33,1712412108265,06/04/2024 14:01:48,1712415708265,1,06/04/2024 16:01:48,139619,19,task-eihb,,36794961,BLIND,10849172,,complete,,66115251ab3ea25894e139b0,computer,Desktop or Laptop,Windows 10,Chrome 123.0.0.0,1923x924,1920x919,,,0,1i-3 A Training,4,,,1i-3,,,Pass,,1i-3 A Training,1i-3 A Training,9,Training02,TrainingA,34efq7,1,response,ZETH WAN,5150,9000,9014,5150,9000,9014,1,5150,3864,0,,Single Text Entry,TextResponseA,4,object-97,1i-3,_,10,1i-3_10,3,Training02,19_BURYVOLDY,ASK,.png,19_BURYVOLDY_ASK.png,ZETH,WAN,19_BURYVOLDY_ZETH_WAN.png,,ZETH WAN,21_TEACHHOG_ASK.png,21_TEACHHOG_DOTS.png,ZETH WAN,RUSP WIM,ZETH WAN,RUSP WIM,21_TEACHHOG_RUSP_WIM.png,,RUSP WIM,,,,
34,1712412111216,06/04/2024 14:01:51,1712415711216,1,06/04/2024 16:01:51,139619,19,task-eihb,,36794961,BLIND,10849172,,complete,,66115251ab3ea25894e139b0,computer,Desktop or Laptop,Windows 10,Chrome 123.0.0.0,1923x924,1920x919,,,0,1i-3 A Training,4,,,1i-3,,,Pass,,1i-3 A Training,1i-3 A Training,9,Training02,TrainingB,2yfdu9,2,response,,2965,2950,2965,2965,2950,2965,1,2965,0,0,,Click Response,Option B,5,object-246,1i-3,_,10,1i-3_10,3,Training02,19_BURYVOLDY,ASK,.png,19_BURYVOLDY_ASK.png,ZETH,WAN,19_BURYVOLDY_ZETH_WAN.png,,ZETH WAN,21_TEACHHOG_ASK.png,21_TEACHHOG_DOTS.png,ZETH WAN,RUSP WIM,ZETH WAN,RUSP WIM,21_TEACHHOG_RUSP_WIM.png,,RUSP WIM,,,,
35,1712412113364,06/04/2024 14:01:53,1712415713364,1,06/04/2024 16:01:53,139619,19,task-eihb,,36794961,BLIND,10849172,,complete,,66115251ab3ea25894e139b0,computer,Desktop or Laptop,Windows 10,Chrome 123.0.0.0,1923x924,1920x919,,,0,1i-3 A Training,4,,,1i-3,,,Pass,,1i-3 A Training,1i-3 A Training,9,Training02,TrainingC,1ouhhw,3,continue,,2163,2149,2163,2163,2149,2163,1,2163,0,0,,Click To Continue,Continue Button,6,object-272,1i-3,_,10,1i-3_10,3,Training02,19_BURYVOLDY,ASK,.png,19_BURYVOLDY_ASK.png,ZETH,WAN,19_BURYVOLDY_ZETH_WAN.png,,ZETH WAN,21_TEACHHOG_ASK.png,21_TEACHHOG_DOTS.png,ZETH WAN,RUSP WIM,ZETH WAN,RUSP WIM,21_TEACHHOG_RUSP_WIM.png,,RUSP WIM,,,,
36,1712412124808,06/04/2024 14:02:04,1712415724808,1,06/04/2024 16:02:04,139619,19,task-eihb,,36794961,BLIND,10849172,,complete,,66115251ab3ea25894e139b0,computer,Desktop or Laptop,Windows 10,Chrome 123.0.0.0,1923x924,1920x919,,,0,1i-3 A Training,4,,,1i-3,,,Pass,,1i-3 A Training,1i-3 A Training,10,Training02,TrainingA,34efq7,1,response,WOUX WAN,5667,11451,11459,5667,11451,11459,1,5667,5792,0,,Single Text Entry,TextResponseA,4,object-97,1i-3,_,12,1i-3_12,3,Training02,14_MUNGOS,ASK,.png,14_MUNGOS_ASK.png,WOUX,WAN,14_MUNGOS_WOUX_WAN.png,,WOUX WAN,33_ROR_ASK.png,33_ROR_DOTS.png,FICH WUNG,WOUX WAN,WOUX WAN,FICH WUNG,33_ROR_FICH_WUNG.png,FICH WUNG,,,,,
37,1712412129810,06/04/2024 14:02:09,1712415729810,1,06/04/2024 16:02:09,139619,19,task-eihb,,36794961,BLIND,10849172,,complete,,66115251ab3ea25894e139b0,computer,Desktop or Laptop,Windows 10,Chrome 123.0.0.0,1923x924,1920x919,,,0,1i-3 A Training,4,,,1i-3,,,Pass,,1i-3 A Training,1i-3 A Training,10,Training02,TrainingB,2yfdu9,2,response,,5009,4999,5009,5009,4999,5009,1,5009,0,0,,Click Response,Option A,4,object-245,1i-3,_,12,1i-3_12,3,Training02,14_MUNGOS,ASK,.png,14_MUNGOS_ASK.png,WOUX,WAN,14_MUNGOS_WOUX_WAN.png,,WOUX WAN,33_ROR_ASK.png,33_ROR_DOTS.png,FICH WUNG,WOUX WAN,WOUX WAN,FICH WUNG,33_ROR_FICH_WUNG.png,FICH WUNG,,,,,
38,1712412133266,06/04/2024 14:02:13,1712415733266,1,06/04/2024 16:02:13,139619,19,task-eihb,,36794961,BLIND,10849172,,complete,,66115251ab3ea25894e139b0,computer,Desktop or Laptop,Windows 10,Chrome 123.0.0.0,1923x924,1920x919,,,0,1i-3 A Training,4,,,1i-3,,,Pass,,1i-3 A Training,1i-3 A Training,10,Training02,TrainingC,1ouhhw,3,continue,,3466,3451,3466,3466,3451,3466,1,3466,0,0,,Click To Continue,Continue Button,6,object-272,1i-3,_,12,1i-3_12,3,Training02,14_MUNGOS,ASK,.png,14_MUNGOS_ASK.png,WOUX,WAN,14_MUNGOS_WOUX_WAN.png,,WOUX WAN,33_ROR_ASK.png,33_ROR_DOTS.png,FICH WUNG,WOUX WAN,WOUX WAN,FICH WUNG,33_ROR_FICH_WUNG.png,FICH WUNG,,,,,
39,1712412149728,06/04/2024 14:02:29,1712415749728,1,06/04/2024 16:02:29,139619,19,task-eihb,,36794961,BLIND,10849172,,complete,,66115251ab3ea25894e139b0,computer,Desktop or Laptop,Windows 10,Chrome 123.0.0.0,1923x924,1920x919,,,0,1i-3 A Training,4,,,1i-3,,,Pass,,1i-3 A Training,1i-3 A Training,11,Training02,TrainingA,34efq7,1,response,RUSP WIM,5916,16465,16478,5916,16465,16478,1,5916,10562,0,,Single Text Entry,TextResponseA,4,object-97,1i-3,_,11,1i-3_11,3,Training02,27_BESTSELLER,ASK,.png,27_BESTSELLER_ASK.png,RUSP,WIM,27_BESTSELLER_RUSP_WIM.png,,RUSP WIM,25_PROSECUTE_ASK.png,25_PROSECUTE_DOTS.png,ZETH WAN,RUSP WIM,RUSP WIM,ZETH WAN,25_PROSECUTE_ZETH_WAN.png,ZETH WAN,,,,,
40,1712412154296,06/04/2024 14:02:34,1712415754296,1,06/04/2024 16:02:34,139619,19,task-eihb,,36794961,BLIND,10849172,,complete,,66115251ab3ea25894e139b0,computer,Desktop or Laptop,Windows 10,Chrome 123.0.0.0,1923x924,1920x919,,,0,1i-3 A Training,4,,,1i-3,,,Pass,,1i-3 A Training,1i-3 A Training,11,Training02,TrainingB,2yfdu9,2,response,,4580,4567,4580,4580,4567,4580,1,4580,0,0,,Click Response,Option A,4,object-245,1i-3,_,11,1i-3_11,3,Training02,27_BESTSELLER,ASK,.png,27_BESTSELLER_ASK.png,RUSP,WIM,27_BESTSELLER_RUSP_WIM.png,,RUSP WIM,25_PROSECUTE_ASK.png,25_PROSECUTE_DOTS.png,ZETH WAN,RUSP WIM,RUSP WIM,ZETH WAN,25_PROSECUTE_ZETH_WAN.png,ZETH WAN,,,,,
41,1712412155660,06/04/2024 14:02:35,1712415755660,1,06/04/2024 16:02:35,139619,19,task-eihb,,36794961,BLIND,10849172,,complete,,66115251ab3ea25894e139b0,computer,Desktop or Laptop,Windows 10,Chrome 123.0.0.0,1923x924,1920x919,,,0,1i-3 A Training,4,,,1i-3,,,Pass,,1i-3 A Training,1i-3 A Training,11,Training02,TrainingC,1ouhhw,3,continue,,1377,1367,1377,1377,1367,1377,1,1377,0,0,,Click To Continue,Continue Button,6,object-272,1i-3,_,11,1i-3_11,3,Training02,27_BESTSELLER,ASK,.png,27_BESTSELLER_ASK.png,RUSP,WIM,27_BESTSELLER_RUSP_WIM.png,,RUSP WIM,25_PROSECUTE_ASK.png,25_PROSECUTE_DOTS.png,ZETH WAN,RUSP WIM,RUSP WIM,ZETH WAN,25_PROSECUTE_ZETH_WAN.png,ZETH WAN,,,,,
42,1712412169171,06/04/2024 14:02:49,1712415769171,1,06/04/2024 16:02:49,139619,19,task-eihb,,36794961,BLIND,10849172,,complete,,66115251ab3ea25894e139b0,computer,Desktop or Laptop,Windows 10,Chrome 123.0.0.0,1923x924,1920x919,,,0,1i-3 A Training,4,,,1i-3,,,Pass,,1i-3 A Training,1i-3 A Training,12,Training02,TrainingA,34efq7,1,response,FICH WUNG,2650,13516,13520,2650,13516,13520,1,2650,10870,0,,Single Text Entry,TextResponseA,4,object-97,1i-3,_,09,1i-3_09,3,Training02,32_QWC,ASK,.png,32_QWC_ASK.png,FICH,WUNG,32_QWC_FICH_WUNG.png,,FICH WUNG,13_QUIBBLER_ASK.png,13_QUIBBLER_DOTS.png,FICH WUNG,WOUX WAN,FICH WUNG,WOUX WAN,13_QUIBBLER_WOUX_WAN.png,,WOUX WAN,,,,
43,1712412175185,06/04/2024 14:02:55,1712415775185,1,06/04/2024 16:02:55,139619,19,task-eihb,,36794961,BLIND,10849172,,complete,,66115251ab3ea25894e139b0,computer,Desktop or Laptop,Windows 10,Chrome 123.0.0.0,1923x924,1920x919,,,0,1i-3 A Training,4,,,1i-3,,,Pass,,1i-3 A Training,1i-3 A Training,12,Training02,TrainingB,2yfdu9,2,response,,6016,6000,6016,6016,6000,6016,1,6016,0,0,,Click Response,Option B,5,object-246,1i-3,_,09,1i-3_09,3,Training02,32_QWC,ASK,.png,32_QWC_ASK.png,FICH,WUNG,32_QWC_FICH_WUNG.png,,FICH WUNG,13_QUIBBLER_ASK.png,13_QUIBBLER_DOTS.png,FICH WUNG,WOUX WAN,FICH WUNG,WOUX WAN,13_QUIBBLER_WOUX_WAN.png,,WOUX WAN,,,,
44,1712412176290,06/04/2024 14:02:56,1712415776290,1,06/04/2024 16:02:56,139619,19,task-eihb,,36794961,BLIND,10849172,,complete,,66115251ab3ea25894e139b0,computer,Desktop or Laptop,Windows 10,Chrome 123.0.0.0,1923x924,1920x919,,,0,1i-3 A Training,4,,,1i-3,,,Pass,,1i-3 A Training,1i-3 A Training,12,Training02,TrainingC,1ouhhw,3,continue,,1124,1118,1124,1124,1118,1124,1,1124,0,0,,Click To Continue,Continue Button,6,object-272,1i-3,_,09,1i-3_09,3,Training02,32_QWC,ASK,.png,32_QWC_ASK.png,FICH,WUNG,32_QWC_FICH_WUNG.png,,FICH WUNG,13_QUIBBLER_ASK.png,13_QUIBBLER_DOTS.png,FICH WUNG,WOUX WAN,FICH WUNG,WOUX WAN,13_QUIBBLER_WOUX_WAN.png,,WOUX WAN,,,,
45,1712412186883,06/04/2024 14:03:06,1712415786883,1,06/04/2024 16:03:06,139619,19,task-eihb,,36794961,BLIND,10849172,,complete,,66115251ab3ea25894e139b0,computer,Desktop or Laptop,Windows 10,Chrome 123.0.0.0,1923x924,1920x919,,,0,1i-3 A Training,4,,,1i-3,,,Pass,,1i-3 A Training,1i-3 A Training,13,Training02,TrainingA,34efq7,1,response,FICH WUNG,2949,10583,10599,2949,10583,10599,1,2949,7650,0,,Single Text Entry,TextResponseA,4,object-97,1i-3,_,13,1i-3_13,4,Training02,11_RONWAND,ASK,.png,11_RONWAND_ASK.png,FICH,WUNG,11_RONWAND_FICH_WUNG.png,,FICH WUNG,06_MOM_ASK.png,06_MOM_DOTS.png,ZETH WAN,FICH WUNG,FICH WUNG,ZETH WAN,06_MOM_ZETH_WAN.png,ZETH WAN,,,,,
46,1712412195448,06/04/2024 14:03:15,1712415795448,1,06/04/2024 16:03:15,139619,19,task-eihb,,36794961,BLIND,10849172,,complete,,66115251ab3ea25894e139b0,computer,Desktop or Laptop,Windows 10,Chrome 123.0.0.0,1923x924,1920x919,,,0,1i-3 A Training,4,,,1i-3,,,Pass,,1i-3 A Training,1i-3 A Training,13,Training02,TrainingB,2yfdu9,2,response,,8581,8566,8581,8581,8566,8581,1,8581,0,0,,Click Response,Option A,4,object-245,1i-3,_,13,1i-3_13,4,Training02,11_RONWAND,ASK,.png,11_RONWAND_ASK.png,FICH,WUNG,11_RONWAND_FICH_WUNG.png,,FICH WUNG,06_MOM_ASK.png,06_MOM_DOTS.png,ZETH WAN,FICH WUNG,FICH WUNG,ZETH WAN,06_MOM_ZETH_WAN.png,ZETH WAN,,,,,
47,1712412196670,06/04/2024 14:03:16,1712415796670,1,06/04/2024 16:03:16,139619,19,task-eihb,,36794961,BLIND,10849172,,complete,,66115251ab3ea25894e139b0,computer,Desktop or Laptop,Windows 10,Chrome 123.0.0.0,1923x924,1920x919,,,0,1i-3 A Training,4,,,1i-3,,,Pass,,1i-3 A Training,1i-3 A Training,13,Training02,TrainingC,1ouhhw,3,continue,,1237,1234,1237,1237,1234,1237,1,1237,0,0,,Click To Continue,Continue Button,6,object-272,1i-3,_,13,1i-3_13,4,Training02,11_RONWAND,ASK,.png,11_RONWAND_ASK.png,FICH,WUNG,11_RONWAND_FICH_WUNG.png,,FICH WUNG,06_MOM_ASK.png,06_MOM_DOTS.png,ZETH WAN,FICH WUNG,FICH WUNG,ZETH WAN,06_MOM_ZETH_WAN.png,ZETH WAN,,,,,
48,1712412208688,06/04/2024 14:03:28,1712415808688,1,06/04/2024 16:03:28,139619,19,task-eihb,,36794961,BLIND,10849172,,complete,,66115251ab3ea25894e139b0,computer,Desktop or Laptop,Windows 10,Chrome 123.0.0.0,1923x924,1920x919,,,0,1i-3 A Training,4,,,1i-3,,,Pass,,1i-3 A Training,1i-3 A Training,14,Training02,TrainingA,34efq7,1,response,RUSP WIM,2283,12016,12020,2283,12016,12020,1,2283,9737,0,,Single Text Entry,TextResponseA,4,object-97,1i-3,_,15,1i-3_15,4,Training02,06_MOM,ASK,.png,06_MOM_ASK.png,RUSP,WIM,06_MOM_RUSP_WIM.png,,RUSP WIM,26_ERISED_ASK.png,26_ERISED_DOTS.png,RUSP WIM,FICH WUNG,RUSP WIM,FICH WUNG,26_ERISED_FICH_WUNG.png,,FICH WUNG,,,,
49,1712412215505,06/04/2024 14:03:35,1712415815505,1,06/04/2024 16:03:35,139619,19,task-eihb,,36794961,BLIND,10849172,,complete,,66115251ab3ea25894e139b0,computer,Desktop or Laptop,Windows 10,Chrome 123.0.0.0,1923x924,1920x919,,,0,1i-3 A Training,4,,,1i-3,,,Pass,,1i-3 A Training,1i-3 A Training,14,Training02,TrainingB,2yfdu9,2,response,,6821,6816,6821,6821,6816,6821,1,6821,0,0,,Click Response,Option B,5,object-246,1i-3,_,15,1i-3_15,4,Training02,06_MOM,ASK,.png,06_MOM_ASK.png,RUSP,WIM,06_MOM_RUSP_WIM.png,,RUSP WIM,26_ERISED_ASK.png,26_ERISED_DOTS.png,RUSP WIM,FICH WUNG,RUSP WIM,FICH WUNG,26_ERISED_FICH_WUNG.png,,FICH WUNG,,,,
50,1712412216469,06/04/2024 14:03:36,1712415816469,1,06/04/2024 16:03:36,139619,19,task-eihb,,36794961,BLIND,10849172,,complete,,66115251ab3ea25894e139b0,computer,Desktop or Laptop,Windows 10,Chrome 123.0.0.0,1923x924,1920x919,,,0,1i-3 A Training,4,,,1i-3,,,Pass,,1i-3 A Training,1i-3 A Training,14,Training02,TrainingC,1ouhhw,3,continue,,969,966,969,969,966,969,1,969,0,0,,Click To Continue,Continue Button,6,object-272,1i-3,_,15,1i-3_15,4,Training02,06_MOM,ASK,.png,06_MOM_ASK.png,RUSP,WIM,06_MOM_RUSP_WIM.png,,RUSP WIM,26_ERISED_ASK.png,26_ERISED_DOTS.png,RUSP WIM,FICH WUNG,RUSP WIM,FICH WUNG,26_ERISED_FICH_WUNG.png,,FICH WUNG,,,,
51,1712412224688,06/04/2024 14:03:44,1712415824688,1,06/04/2024 16:03:44,139619,19,task-eihb,,36794961,BLIND,10849172,,complete,,66115251ab3ea25894e139b0,computer,Desktop or Laptop,Windows 10,Chrome 123.0.0.0,1923x924,1920x919,,,0,1i-3 A Training,4,,,1i-3,,,Pass,,1i-3 A Training,1i-3 A Training,15,Training02,TrainingA,34efq7,1,response,WOUX WAN,2151,8217,8224,2151,8217,8224,1,2151,6073,0,,Single Text Entry,TextResponseA,4,object-97,1i-3,_,16,1i-3_16,4,Training02,42_ENGLAND,ASK,.png,42_ENGLAND_ASK.png,WOUX,WAN,42_ENGLAND_WOUX_WAN.png,,WOUX WAN,41_PIXIE_ASK.png,41_PIXIE_DOTS.png,RUSP WIM,WOUX WAN,WOUX WAN,RUSP WIM,41_PIXIE_RUSP_WIM.png,RUSP WIM,,,,,
52,1712412232280,06/04/2024 14:03:52,1712415832280,1,06/04/2024 16:03:52,139619,19,task-eihb,,36794961,BLIND,10849172,,complete,,66115251ab3ea25894e139b0,computer,Desktop or Laptop,Windows 10,Chrome 123.0.0.0,1923x924,1920x919,,,0,1i-3 A Training,4,,,1i-3,,,Pass,,1i-3 A Training,1i-3 A Training,15,Training02,TrainingB,2yfdu9,2,response,,7598,7584,7598,7598,7584,7598,1,7598,0,0,,Click Response,Option B,5,object-246,1i-3,_,16,1i-3_16,4,Training02,42_ENGLAND,ASK,.png,42_ENGLAND_ASK.png,WOUX,WAN,42_ENGLAND_WOUX_WAN.png,,WOUX WAN,41_PIXIE_ASK.png,41_PIXIE_DOTS.png,RUSP WIM,WOUX WAN,WOUX WAN,RUSP WIM,41_PIXIE_RUSP_WIM.png,RUSP WIM,,,,,
53,1712412236886,06/04/2024 14:03:56,1712415836886,1,06/04/2024 16:03:56,139619,19,task-eihb,,36794961,BLIND,10849172,,complete,,66115251ab3ea25894e139b0,computer,Desktop or Laptop,Windows 10,Chrome 123.0.0.0,1923x924,1920x919,,,0,1i-3 A Training,4,,,1i-3,,,Pass,,1i-3 A Training,1i-3 A Training,15,Training02,TrainingC,1ouhhw,3,continue,,4620,4617,4620,4620,4617,4620,1,4620,0,0,,Click To Continue,Continue Button,6,object-272,1i-3,_,16,1i-3_16,4,Training02,42_ENGLAND,ASK,.png,42_ENGLAND_ASK.png,WOUX,WAN,42_ENGLAND_WOUX_WAN.png,,WOUX WAN,41_PIXIE_ASK.png,41_PIXIE_DOTS.png,RUSP WIM,WOUX WAN,WOUX WAN,RUSP WIM,41_PIXIE_RUSP_WIM.png,RUSP WIM,,,,,
54,1712412246572,06/04/2024 14:04:06,1712415846572,1,06/04/2024 16:04:06,139619,19,task-eihb,,36794961,BLIND,10849172,,complete,,66115251ab3ea25894e139b0,computer,Desktop or Laptop,Windows 10,Chrome 123.0.0.0,1923x924,1920x919,,,0,1i-3 A Training,4,,,1i-3,,,Pass,,1i-3 A Training,1i-3 A Training,16,Training02,TrainingA,34efq7,1,response,ZETH WAN,2133,9682,9689,2133,9682,9689,1,2133,7556,0,,Single Text Entry,TextResponseA,4,object-97,1i-3,_,14,1i-3_14,4,Training02,33_ROR,ASK,.png,33_ROR_ASK.png,ZETH,WAN,33_ROR_ZETH_WAN.png,,ZETH WAN,19_BURYVOLDY_ASK.png,19_BURYVOLDY_DOTS.png,ZETH WAN,WOUX WAN,ZETH WAN,WOUX WAN,19_BURYVOLDY_WOUX_WAN.png,,WOUX WAN,,,,
55,1712412252114,06/04/2024 14:04:12,1712415852114,1,06/04/2024 16:04:12,139619,19,task-eihb,,36794961,BLIND,10849172,,complete,,66115251ab3ea25894e139b0,computer,Desktop or Laptop,Windows 10,Chrome 123.0.0.0,1923x924,1920x919,,,0,1i-3 A Training,4,,,1i-3,,,Pass,,1i-3 A Training,1i-3 A Training,16,Training02,TrainingB,2yfdu9,2,response,,5549,5534,5549,5549,5534,5549,1,5549,0,0,,Click Response,Option A,4,object-245,1i-3,_,14,1i-3_14,4,Training02,33_ROR,ASK,.png,33_ROR_ASK.png,ZETH,WAN,33_ROR_ZETH_WAN.png,,ZETH WAN,19_BURYVOLDY_ASK.png,19_BURYVOLDY_DOTS.png,ZETH WAN,WOUX WAN,ZETH WAN,WOUX WAN,19_BURYVOLDY_WOUX_WAN.png,,WOUX WAN,,,,
56,1712412256446,06/04/2024 14:04:16,1712415856446,1,06/04/2024 16:04:16,139619,19,task-eihb,,36794961,BLIND,10849172,,complete,,66115251ab3ea25894e139b0,computer,Desktop or Laptop,Windows 10,Chrome 123.0.0.0,1923x924,1920x919,,,0,1i-3 A Training,4,,,1i-3,,,Pass,,1i-3 A Training,1i-3 A Training,16,Training02,TrainingC,1ouhhw,3,continue,,4347,4333,4347,4347,4333,4347,1,4347,0,0,,Click To Continue,Continue Button,6,object-272,1i-3,_,14,1i-3_14,4,Training02,33_ROR,ASK,.png,33_ROR_ASK.png,ZETH,WAN,33_ROR_ZETH_WAN.png,,ZETH WAN,19_BURYVOLDY_ASK.png,19_BURYVOLDY_DOTS.png,ZETH WAN,WOUX WAN,ZETH WAN,WOUX WAN,19_BURYVOLDY_WOUX_WAN.png,,WOUX WAN,,,,
57,1712412272278,06/04/2024 14:04:32,1712415872278,1,06/04/2024 16:04:32,139619,19,task-eihb,,36794961,BLIND,10849172,,complete,,66115251ab3ea25894e139b0,computer,Desktop or Laptop,Windows 10,Chrome 123.0.0.0,1923x924,1920x919,,,0,1i-3 A Training,4,,,1i-3,,,Pass,,1i-3 A Training,1i-3 A Training,17,Training02,TrainingA,34efq7,1,response,RUSP WIM,5417,15833,15846,5417,15833,15846,1,5417,10429,0,,Single Text Entry,TextResponseA,4,object-97,1i-3,_,19,1i-3_19,5,Training02,41_PIXIE,ASK,.png,41_PIXIE_ASK.png,RUSP,WIM,41_PIXIE_RUSP_WIM.png,,RUSP WIM,35_PROPHET_ASK.png,35_PROPHET_DOTS.png,WOUX WAN,RUSP WIM,RUSP WIM,WOUX WAN,35_PROPHET_WOUX_WAN.png,WOUX WAN,,,,,
58,1712412276650,06/04/2024 14:04:36,1712415876650,1,06/04/2024 16:04:36,139619,19,task-eihb,,36794961,BLIND,10849172,,complete,,66115251ab3ea25894e139b0,computer,Desktop or Laptop,Windows 10,Chrome 123.0.0.0,1923x924,1920x919,,,0,1i-3 A Training,4,,,1i-3,,,Pass,,1i-3 A Training,1i-3 A Training,17,Training02,TrainingB,2yfdu9,2,response,,4385,4383,4385,4385,4383,4385,1,4385,0,0,,Click Response,Option A,4,object-245,1i-3,_,19,1i-3_19,5,Training02,41_PIXIE,ASK,.png,41_PIXIE_ASK.png,RUSP,WIM,41_PIXIE_RUSP_WIM.png,,RUSP WIM,35_PROPHET_ASK.png,35_PROPHET_DOTS.png,WOUX WAN,RUSP WIM,RUSP WIM,WOUX WAN,35_PROPHET_WOUX_WAN.png,WOUX WAN,,,,,
59,1712412278936,06/04/2024 14:04:38,1712415878936,1,06/04/2024 16:04:38,139619,19,task-eihb,,36794961,BLIND,10849172,,complete,,66115251ab3ea25894e139b0,computer,Desktop or Laptop,Windows 10,Chrome 123.0.0.0,1923x924,1920x919,,,0,1i-3 A Training,4,,,1i-3,,,Pass,,1i-3 A Training,1i-3 A Training,17,Training02,TrainingC,1ouhhw,3,continue,,2288,2284,2288,2288,2284,2288,1,2288,0,0,,Click To Continue,Continue Button,6,object-272,1i-3,_,19,1i-3_19,5,Training02,41_PIXIE,ASK,.png,41_PIXIE_ASK.png,RUSP,WIM,41_PIXIE_RUSP_WIM.png,,RUSP WIM,35_PROPHET_ASK.png,35_PROPHET_DOTS.png,WOUX WAN,RUSP WIM,RUSP WIM,WOUX WAN,35_PROPHET_WOUX_WAN.png,WOUX WAN,,,,,
60,1712412288569,06/04/2024 14:04:48,1712415888569,1,06/04/2024 16:04:48,139619,19,task-eihb,,36794961,BLIND,10849172,,complete,,66115251ab3ea25894e139b0,computer,Desktop or Laptop,Windows 10,Chrome 123.0.0.0,1923x924,1920x919,,,0,1i-3 A Training,4,,,1i-3,,,Pass,,1i-3 A Training,1i-3 A Training,18,Training02,TrainingA,34efq7,1,response,ZETH WAN,5549,9633,9637,5549,9633,9637,1,5549,4088,0,,Single Text Entry,TextResponseA,4,object-97,1i-3,_,18,1i-3_18,5,Training02,05_AUROR,ASK,.png,05_AUROR_ASK.png,ZETH,WAN,05_AUROR_ZETH_WAN.png,,ZETH WAN,11_RONWAND_ASK.png,11_RONWAND_DOTS.png,ZETH WAN,FICH WUNG,ZETH WAN,FICH WUNG,11_RONWAND_FICH_WUNG.png,,FICH WUNG,,,,
61,1712412294981,06/04/2024 14:04:54,1712415894981,1,06/04/2024 16:04:54,139619,19,task-eihb,,36794961,BLIND,10849172,,complete,,66115251ab3ea25894e139b0,computer,Desktop or Laptop,Windows 10,Chrome 123.0.0.0,1923x924,1920x919,,,0,1i-3 A Training,4,,,1i-3,,,Pass,,1i-3 A Training,1i-3 A Training,18,Training02,TrainingB,2yfdu9,2,response,,6415,6400,6415,6415,6400,6415,1,6415,0,0,,Click Response,Option B,5,object-246,1i-3,_,18,1i-3_18,5,Training02,05_AUROR,ASK,.png,05_AUROR_ASK.png,ZETH,WAN,05_AUROR_ZETH_WAN.png,,ZETH WAN,11_RONWAND_ASK.png,11_RONWAND_DOTS.png,ZETH WAN,FICH WUNG,ZETH WAN,FICH WUNG,11_RONWAND_FICH_WUNG.png,,FICH WUNG,,,,
62,1712412296766,06/04/2024 14:04:56,1712415896766,1,06/04/2024 16:04:56,139619,19,task-eihb,,36794961,BLIND,10849172,,complete,,66115251ab3ea25894e139b0,computer,Desktop or Laptop,Windows 10,Chrome 123.0.0.0,1923x924,1920x919,,,0,1i-3 A Training,4,,,1i-3,,,Pass,,1i-3 A Training,1i-3 A Training,18,Training02,TrainingC,1ouhhw,3,continue,,1801,1800,1801,1801,1800,1801,1,1801,0,0,,Click To Continue,Continue Button,6,object-272,1i-3,_,18,1i-3_18,5,Training02,05_AUROR,ASK,.png,05_AUROR_ASK.png,ZETH,WAN,05_AUROR_ZETH_WAN.png,,ZETH WAN,11_RONWAND_ASK.png,11_RONWAND_DOTS.png,ZETH WAN,FICH WUNG,ZETH WAN,FICH WUNG,11_RONWAND_FICH_WUNG.png,,FICH WUNG,,,,
63,1712412305951,06/04/2024 14:05:05,1712415905951,1,06/04/2024 16:05:05,139619,19,task-eihb,,36794961,BLIND,10849172,,complete,,66115251ab3ea25894e139b0,computer,Desktop or Laptop,Windows 10,Chrome 123.0.0.0,1923x924,1920x919,,,0,1i-3 A Training,4,,,1i-3,,,Pass,,1i-3 A Training,1i-3 A Training,19,Training02,TrainingA,34efq7,1,response,WOUX WAN,3566,9167,9184,3566,9167,9184,1,3566,5618,0,,Single Text Entry,TextResponseA,4,object-97,1i-3,_,20,1i-3_20,5,Training02,21_TEACHHOG,ASK,.png,21_TEACHHOG_ASK.png,WOUX,WAN,21_TEACHHOG_WOUX_WAN.png,,WOUX WAN,42_ENGLAND_ASK.png,42_ENGLAND_DOTS.png,WOUX WAN,ZETH WAN,WOUX WAN,ZETH WAN,42_ENGLAND_ZETH_WAN.png,,ZETH WAN,,,,
64,1712412313178,06/04/2024 14:05:13,1712415913178,1,06/04/2024 16:05:13,139619,19,task-eihb,,36794961,BLIND,10849172,,complete,,66115251ab3ea25894e139b0,computer,Desktop or Laptop,Windows 10,Chrome 123.0.0.0,1923x924,1920x919,,,0,1i-3 A Training,4,,,1i-3,,,Pass,,1i-3 A Training,1i-3 A Training,19,Training02,TrainingB,2yfdu9,2,response,,7246,7232,7246,7246,7232,7246,1,7246,0,0,,Click Response,Option A,4,object-245,1i-3,_,20,1i-3_20,5,Training02,21_TEACHHOG,ASK,.png,21_TEACHHOG_ASK.png,WOUX,WAN,21_TEACHHOG_WOUX_WAN.png,,WOUX WAN,42_ENGLAND_ASK.png,42_ENGLAND_DOTS.png,WOUX WAN,ZETH WAN,WOUX WAN,ZETH WAN,42_ENGLAND_ZETH_WAN.png,,ZETH WAN,,,,
65,1712412314065,06/04/2024 14:05:14,1712415914065,1,06/04/2024 16:05:14,139619,19,task-eihb,,36794961,BLIND,10849172,,complete,,66115251ab3ea25894e139b0,computer,Desktop or Laptop,Windows 10,Chrome 123.0.0.0,1923x924,1920x919,,,0,1i-3 A Training,4,,,1i-3,,,Pass,,1i-3 A Training,1i-3 A Training,19,Training02,TrainingC,1ouhhw,3,continue,,899,883,899,899,883,899,1,899,0,0,,Click To Continue,Continue Button,6,object-272,1i-3,_,20,1i-3_20,5,Training02,21_TEACHHOG,ASK,.png,21_TEACHHOG_ASK.png,WOUX,WAN,21_TEACHHOG_WOUX_WAN.png,,WOUX WAN,42_ENGLAND_ASK.png,42_ENGLAND_DOTS.png,WOUX WAN,ZETH WAN,WOUX WAN,ZETH WAN,42_ENGLAND_ZETH_WAN.png,,ZETH WAN,,,,
66,1712412328591,06/04/2024 14:05:28,1712415928591,1,06/04/2024 16:05:28,139619,19,task-eihb,,36794961,BLIND,10849172,,complete,,66115251ab3ea25894e139b0,computer,Desktop or Laptop,Windows 10,Chrome 123.0.0.0,1923x924,1920x919,,,0,1i-3 A Training,4,,,1i-3,,,Pass,,1i-3 A Training,1i-3 A Training,20,Training02,TrainingA,34efq7,1,response,FICH WUNG,4018,14534,14544,4018,14534,14544,1,4018,10526,0,,Single Text Entry,TextResponseA,4,object-97,1i-3,_,17,1i-3_17,5,Training02,25_PROSECUTE,ASK,.png,25_PROSECUTE_ASK.png,FICH,WUNG,25_PROSECUTE_FICH_WUNG.png,,FICH WUNG,04_WHEEZES_ASK.png,04_WHEEZES_DOTS.png,RUSP WIM,FICH WUNG,FICH WUNG,RUSP WIM,04_WHEEZES_RUSP_WIM.png,RUSP WIM,,,,,
67,1712412333699,06/04/2024 14:05:33,1712415933699,1,06/04/2024 16:05:33,139619,19,task-eihb,,36794961,BLIND,10849172,,complete,,66115251ab3ea25894e139b0,computer,Desktop or Laptop,Windows 10,Chrome 123.0.0.0,1923x924,1920x919,,,0,1i-3 A Training,4,,,1i-3,,,Pass,,1i-3 A Training,1i-3 A Training,20,Training02,TrainingB,2yfdu9,2,response,,5117,5116,5117,5117,5116,5117,1,5117,0,0,,Click Response,Option A,4,object-245,1i-3,_,17,1i-3_17,5,Training02,25_PROSECUTE,ASK,.png,25_PROSECUTE_ASK.png,FICH,WUNG,25_PROSECUTE_FICH_WUNG.png,,FICH WUNG,04_WHEEZES_ASK.png,04_WHEEZES_DOTS.png,RUSP WIM,FICH WUNG,FICH WUNG,RUSP WIM,04_WHEEZES_RUSP_WIM.png,RUSP WIM,,,,,
68,1712412334710,06/04/2024 14:05:34,1712415934710,1,06/04/2024 16:05:34,139619,19,task-eihb,,36794961,BLIND,10849172,,complete,,66115251ab3ea25894e139b0,computer,Desktop or Laptop,Windows 10,Chrome 123.0.0.0,1923x924,1920x919,,,0,1i-3 A Training,4,,,1i-3,,,Pass,,1i-3 A Training,1i-3 A Training,20,Training02,TrainingC,1ouhhw,3,continue,,1013,1000,1013,1013,1000,1013,1,1013,0,0,,Click To Continue,Continue Button,6,object-272,1i-3,_,17,1i-3_17,5,Training02,25_PROSECUTE,ASK,.png,25_PROSECUTE_ASK.png,FICH,WUNG,25_PROSECUTE_FICH_WUNG.png,,FICH WUNG,04_WHEEZES_ASK.png,04_WHEEZES_DOTS.png,RUSP WIM,FICH WUNG,FICH WUNG,RUSP WIM,04_WHEEZES_RUSP_WIM.png,RUSP WIM,,,,,
69,1712412344660,06/04/2024 14:05:44,1712415944660,1,06/04/2024 16:05:44,139619,19,task-eihb,,36794961,BLIND,10849172,,complete,,66115251ab3ea25894e139b0,computer,Desktop or Laptop,Windows 10,Chrome 123.0.0.0,1923x924,1920x919,,,0,1i-3 A Training,4,,,1i-3,,,Pass,,1i-3 A Training,1i-3 A Training,21,Training02,TrainingA,34efq7,1,response,ZETH WAN,1917,9950,9963,1917,9950,9963,1,1917,8046,0,,Single Text Entry,TextResponseA,4,object-97,1i-3,_,22,1i-3_22,6,Training02,26_ERISED,ASK,.png,26_ERISED_ASK.png,ZETH,WAN,26_ERISED_ZETH_WAN.png,,ZETH WAN,18_LIVEGODRIC_ASK.png,18_LIVEGODRIC_DOTS.png,RUSP WIM,ZETH WAN,ZETH WAN,RUSP WIM,18_LIVEGODRIC_RUSP_WIM.png,RUSP WIM,,,,,
70,1712412348278,06/04/2024 14:05:48,1712415948278,1,06/04/2024 16:05:48,139619,19,task-eihb,,36794961,BLIND,10849172,,complete,,66115251ab3ea25894e139b0,computer,Desktop or Laptop,Windows 10,Chrome 123.0.0.0,1923x924,1920x919,,,0,1i-3 A Training,4,,,1i-3,,,Pass,,1i-3 A Training,1i-3 A Training,21,Training02,TrainingB,2yfdu9,2,response,,3631,3616,3631,3631,3616,3631,1,3631,0,0,,Click Response,Option A,4,object-245,1i-3,_,22,1i-3_22,6,Training02,26_ERISED,ASK,.png,26_ERISED_ASK.png,ZETH,WAN,26_ERISED_ZETH_WAN.png,,ZETH WAN,18_LIVEGODRIC_ASK.png,18_LIVEGODRIC_DOTS.png,RUSP WIM,ZETH WAN,ZETH WAN,RUSP WIM,18_LIVEGODRIC_RUSP_WIM.png,RUSP WIM,,,,,
71,1712412350398,06/04/2024 14:05:50,1712415950398,1,06/04/2024 16:05:50,139619,19,task-eihb,,36794961,BLIND,10849172,,complete,,66115251ab3ea25894e139b0,computer,Desktop or Laptop,Windows 10,Chrome 123.0.0.0,1923x924,1920x919,,,0,1i-3 A Training,4,,,1i-3,,,Pass,,1i-3 A Training,1i-3 A Training,21,Training02,TrainingC,1ouhhw,3,continue,,2135,2118,2135,2135,2118,2135,1,2135,0,0,,Click To Continue,Continue Button,6,object-272,1i-3,_,22,1i-3_22,6,Training02,26_ERISED,ASK,.png,26_ERISED_ASK.png,ZETH,WAN,26_ERISED_ZETH_WAN.png,,ZETH WAN,18_LIVEGODRIC_ASK.png,18_LIVEGODRIC_DOTS.png,RUSP WIM,ZETH WAN,ZETH WAN,RUSP WIM,18_LIVEGODRIC_RUSP_WIM.png,RUSP WIM,,,,,
72,1712412362654,06/04/2024 14:06:02,1712415962654,1,06/04/2024 16:06:02,139619,19,task-eihb,,36794961,BLIND,10849172,,complete,,66115251ab3ea25894e139b0,computer,Desktop or Laptop,Windows 10,Chrome 123.0.0.0,1923x924,1920x919,,,0,1i-3 A Training,4,,,1i-3,,,Pass,,1i-3 A Training,1i-3 A Training,22,Training02,TrainingA,34efq7,1,response,WOUX WAN,2899,12266,12273,2899,12266,12273,1,2899,9374,0,,Single Text Entry,TextResponseA,4,object-97,1i-3,_,24,1i-3_24,6,Training02,07_AZKABAN,ASK,.png,07_AZKABAN_ASK.png,WOUX,WAN,07_AZKABAN_WOUX_WAN.png,,WOUX WAN,32_QWC_ASK.png,32_QWC_DOTS.png,WOUX WAN,FICH WUNG,WOUX WAN,FICH WUNG,32_QWC_FICH_WUNG.png,,FICH WUNG,,,,
73,1712412372200,06/04/2024 14:06:12,1712415972200,1,06/04/2024 16:06:12,139619,19,task-eihb,,36794961,BLIND,10849172,,complete,,66115251ab3ea25894e139b0,computer,Desktop or Laptop,Windows 10,Chrome 123.0.0.0,1923x924,1920x919,,,0,1i-3 A Training,4,,,1i-3,,,Pass,,1i-3 A Training,1i-3 A Training,22,Training02,TrainingB,2yfdu9,2,response,,9553,9549,9553,9553,9549,9553,1,9553,0,0,,Click Response,Option B,5,object-246,1i-3,_,24,1i-3_24,6,Training02,07_AZKABAN,ASK,.png,07_AZKABAN_ASK.png,WOUX,WAN,07_AZKABAN_WOUX_WAN.png,,WOUX WAN,32_QWC_ASK.png,32_QWC_DOTS.png,WOUX WAN,FICH WUNG,WOUX WAN,FICH WUNG,32_QWC_FICH_WUNG.png,,FICH WUNG,,,,
74,1712412377526,06/04/2024 14:06:17,1712415977526,1,06/04/2024 16:06:17,139619,19,task-eihb,,36794961,BLIND,10849172,,complete,,66115251ab3ea25894e139b0,computer,Desktop or Laptop,Windows 10,Chrome 123.0.0.0,1923x924,1920x919,,,0,1i-3 A Training,4,,,1i-3,,,Pass,,1i-3 A Training,1i-3 A Training,22,Training02,TrainingC,1ouhhw,3,continue,,5331,5317,5331,5331,5317,5331,1,5331,0,0,,Click To Continue,Continue Button,6,object-272,1i-3,_,24,1i-3_24,6,Training02,07_AZKABAN,ASK,.png,07_AZKABAN_ASK.png,WOUX,WAN,07_AZKABAN_WOUX_WAN.png,,WOUX WAN,32_QWC_ASK.png,32_QWC_DOTS.png,WOUX WAN,FICH WUNG,WOUX WAN,FICH WUNG,32_QWC_FICH_WUNG.png,,FICH WUNG,,,,
75,1712412389010,06/04/2024 14:06:29,1712415989010,1,06/04/2024 16:06:29,139619,19,task-eihb,,36794961,BLIND,10849172,,complete,,66115251ab3ea25894e139b0,computer,Desktop or Laptop,Windows 10,Chrome 123.0.0.0,1923x924,1920x919,,,0,1i-3 A Training,4,,,1i-3,,,Pass,,1i-3 A Training,1i-3 A Training,23,Training02,TrainingA,34efq7,1,response,FICH WUNG,2517,11484,11497,2517,11484,11497,1,2517,8980,0,,Single Text Entry,TextResponseA,4,object-97,1i-3,_,21,1i-3_21,6,Training02,39_STOPHAGRID,ASK,.png,39_STOPHAGRID_ASK.png,FICH,WUNG,39_STOPHAGRID_FICH_WUNG.png,,FICH WUNG,14_MUNGOS_ASK.png,14_MUNGOS_DOTS.png,WOUX WAN,FICH WUNG,FICH WUNG,WOUX WAN,14_MUNGOS_WOUX_WAN.png,WOUX WAN,,,,,
76,1712412392797,06/04/2024 14:06:32,1712415992797,1,06/04/2024 16:06:32,139619,19,task-eihb,,36794961,BLIND,10849172,,complete,,66115251ab3ea25894e139b0,computer,Desktop or Laptop,Windows 10,Chrome 123.0.0.0,1923x924,1920x919,,,0,1i-3 A Training,4,,,1i-3,,,Pass,,1i-3 A Training,1i-3 A Training,23,Training02,TrainingB,2yfdu9,2,response,,3798,3782,3798,3798,3782,3798,1,3798,0,0,,Click Response,Option A,4,object-245,1i-3,_,21,1i-3_21,6,Training02,39_STOPHAGRID,ASK,.png,39_STOPHAGRID_ASK.png,FICH,WUNG,39_STOPHAGRID_FICH_WUNG.png,,FICH WUNG,14_MUNGOS_ASK.png,14_MUNGOS_DOTS.png,WOUX WAN,FICH WUNG,FICH WUNG,WOUX WAN,14_MUNGOS_WOUX_WAN.png,WOUX WAN,,,,,
77,1712412393526,06/04/2024 14:06:33,1712415993526,1,06/04/2024 16:06:33,139619,19,task-eihb,,36794961,BLIND,10849172,,complete,,66115251ab3ea25894e139b0,computer,Desktop or Laptop,Windows 10,Chrome 123.0.0.0,1923x924,1920x919,,,0,1i-3 A Training,4,,,1i-3,,,Pass,,1i-3 A Training,1i-3 A Training,23,Training02,TrainingC,1ouhhw,3,continue,,747,734,747,747,734,747,1,747,0,0,,Click To Continue,Continue Button,6,object-272,1i-3,_,21,1i-3_21,6,Training02,39_STOPHAGRID,ASK,.png,39_STOPHAGRID_ASK.png,FICH,WUNG,39_STOPHAGRID_FICH_WUNG.png,,FICH WUNG,14_MUNGOS_ASK.png,14_MUNGOS_DOTS.png,WOUX WAN,FICH WUNG,FICH WUNG,WOUX WAN,14_MUNGOS_WOUX_WAN.png,WOUX WAN,,,,,
78,1712412406998,06/04/2024 14:06:46,1712416006998,1,06/04/2024 16:06:46,139619,19,task-eihb,,36794961,BLIND,10849172,,complete,,66115251ab3ea25894e139b0,computer,Desktop or Laptop,Windows 10,Chrome 123.0.0.0,1923x924,1920x919,,,0,1i-3 A Training,4,,,1i-3,,,Pass,,1i-3 A Training,1i-3 A Training,24,Training02,TrainingA,34efq7,1,response,RUSP WIM,1967,13467,13484,1967,13467,13484,1,1967,11517,0,,Single Text Entry,TextResponseA,4,object-97,1i-3,_,23,1i-3_23,6,Training02,20_PULLSWORD,ASK,.png,20_PULLSWORD_ASK.png,RUSP,WIM,20_PULLSWORD_RUSP_WIM.png,,RUSP WIM,28_GALLEONS_ASK.png,28_GALLEONS_DOTS.png,RUSP WIM,ZETH WAN,RUSP WIM,ZETH WAN,28_GALLEONS_ZETH_WAN.png,,ZETH WAN,,,,
79,1712412416642,06/04/2024 14:06:56,1712416016642,1,06/04/2024 16:06:56,139619,19,task-eihb,,36794961,BLIND,10849172,,complete,,66115251ab3ea25894e139b0,computer,Desktop or Laptop,Windows 10,Chrome 123.0.0.0,1923x924,1920x919,,,0,1i-3 A Training,4,,,1i-3,,,Pass,,1i-3 A Training,1i-3 A Training,24,Training02,TrainingB,2yfdu9,2,response,,9662,9649,9662,9662,9649,9662,1,9662,0,0,,Click Response,Option B,5,object-246,1i-3,_,23,1i-3_23,6,Training02,20_PULLSWORD,ASK,.png,20_PULLSWORD_ASK.png,RUSP,WIM,20_PULLSWORD_RUSP_WIM.png,,RUSP WIM,28_GALLEONS_ASK.png,28_GALLEONS_DOTS.png,RUSP WIM,ZETH WAN,RUSP WIM,ZETH WAN,28_GALLEONS_ZETH_WAN.png,,ZETH WAN,,,,
80,1712412418532,06/04/2024 14:06:58,1712416018532,1,06/04/2024 16:06:58,139619,19,task-eihb,,36794961,BLIND,10849172,,complete,,66115251ab3ea25894e139b0,computer,Desktop or Laptop,Windows 10,Chrome 123.0.0.0,1923x924,1920x919,,,0,1i-3 A Training,4,,,1i-3,,,Pass,,1i-3 A Training,1i-3 A Training,24,Training02,TrainingC,1ouhhw,3,continue,,1903,1900,1903,1903,1900,1903,1,1903,0,0,,Click To Continue,Continue Button,6,object-272,1i-3,_,23,1i-3_23,6,Training02,20_PULLSWORD,ASK,.png,20_PULLSWORD_ASK.png,RUSP,WIM,20_PULLSWORD_RUSP_WIM.png,,RUSP WIM,28_GALLEONS_ASK.png,28_GALLEONS_DOTS.png,RUSP WIM,ZETH WAN,RUSP WIM,ZETH WAN,28_GALLEONS_ZETH_WAN.png,,ZETH WAN,,,,
81,1712412418536,06/04/2024 14:06:58,1712416018536,1,06/04/2024 16:06:58,139619,19,task-eihb,,36794961,BLIND,10849172,,complete,,66115251ab3ea25894e139b0,computer,Desktop or Laptop,Windows 10,Chrome 123.0.0.0,1923x924,1920x919,,,0,1i-3 A Training,4,,,1i-3,,,Pass,,1i-3 A Training,1i-3 A Training,,,,,,5,END,,,,,,,0,,,,,,,,,,,,,,,,,,,,,,,,,,,,,,,,,,,,
1,1712443821820,06/04/2024 22:50:21,1712447421820,1,07/04/2024 00:50:21,139619,19,task-eihb,,36804473,BLIND,10852236,,complete,,6611cf7bf97b450c1d826d3a,computer,Desktop or Laptop,Windows 8.1,Firefox 115.0,1920x1080,1053x917,,,0,1i-3 A Training,4,,,1i-3,,,Pass,,1i-3 A Training,1i-3 A Training,,,,,,5,BEGIN,,,,,,,0,,,,,,,,,,,,,,,,,,,,,,,,,,,,,,,,,,,,
2,1712443826488,06/04/2024 22:50:26,1712447426488,1,07/04/2024 00:50:26,139619,19,task-eihb,,36804473,BLIND,10852236,,complete,,6611cf7bf97b450c1d826d3a,computer,Desktop or Laptop,Windows 8.1,Firefox 115.0,1920x1080,1053x917,,,0,1i-3 A Training,4,,,1i-3,,,Pass,,1i-3 A Training,1i-3 A Training,1,Instructions,Attention Check 5,4xnmv6,1,continue,,3885.42,3883.3199999999997,3885.42,3885.42,3883.3199999999997,3885.42,1,3885.42,0,0,,Click To Continue,Continue Button,4,object-285,,,,,,Instructions,,,,,,,,,,,,,,,,,,,,,,
3,1712443826488,06/04/2024 22:50:26,1712447426488,1,07/04/2024 00:50:26,139619,19,task-eihb,,36804473,BLIND,10852236,,complete,,6611cf7bf97b450c1d826d3a,computer,Desktop or Laptop,Windows 8.1,Firefox 115.0,1920x1080,1053x917,,,0,1i-3 A Training,4,,,1i-3,,,Pass,,1i-3 A Training,1i-3 A Training,1,Instructions,Attention Check 5,4xnmv6,1,response,Accio!,2966.66,3883.3199999999997,3888.42,2966.66,3883.3199999999997,3888.42,1,2966.66,921.7600000000002,0,,Dropdown,Dropdown5,3,object-284,,,,,,Instructions,,,,,,,,,,,,,,,,,,,,,,
4,1712443831751,06/04/2024 22:50:31,1712447431751,1,07/04/2024 00:50:31,139619,19,task-eihb,,36804473,BLIND,10852236,,complete,,6611cf7bf97b450c1d826d3a,computer,Desktop or Laptop,Windows 8.1,Firefox 115.0,1920x1080,1053x917,,,0,1i-3 A Training,4,,,1i-3,,,Pass,,1i-3 A Training,1i-3 A Training,1,Instructions,Attention Check 6,wf497f,2,continue,,5266.1,5250,5266.1,5266.1,5250,5266.1,1,5266.1,0,0,,Click To Continue,Continue Button,4,object-292,,,,,,Instructions,,,,,,,,,,,,,,,,,,,,,,
5,1712443831752,06/04/2024 22:50:31,1712447431752,1,07/04/2024 00:50:31,139619,19,task-eihb,,36804473,BLIND,10852236,,complete,,6611cf7bf97b450c1d826d3a,computer,Desktop or Laptop,Windows 8.1,Firefox 115.0,1920x1080,1053x917,,,0,1i-3 A Training,4,,,1i-3,,,Pass,,1i-3 A Training,1i-3 A Training,1,Instructions,Attention Check 6,wf497f,2,response,The Invisibility Cloak,3600,5250,5266.66,3600,5250,5266.66,1,3600,1666.6599999999999,0,,Dropdown,Dropdown6,3,object-291,,,,,,Instructions,,,,,,,,,,,,,,,,,,,,,,
6,1712443837557,06/04/2024 22:50:37,1712447437557,1,07/04/2024 00:50:37,139619,19,task-eihb,,36804473,BLIND,10852236,,complete,,6611cf7bf97b450c1d826d3a,computer,Desktop or Laptop,Windows 8.1,Firefox 115.0,1920x1080,1053x917,,,0,1i-3 A Training,4,,,1i-3,,,Pass,,1i-3 A Training,1i-3 A Training,1,Instructions,Screen 22,3y4guk,3,continue,,5824.1,5816.680000000002,5824.1,5824.1,5816.680000000002,5824.1,1,5824.1,0,0,,Click To Continue,Continue Button,3,object-297,,,,,,Instructions,,,,,,,,,,,,,,,,,,,,,,
7,1712443866750,06/04/2024 22:51:06,1712447466750,1,07/04/2024 00:51:06,139619,19,task-eihb,,36804473,BLIND,10852236,,complete,,6611cf7bf97b450c1d826d3a,computer,Desktop or Laptop,Windows 8.1,Firefox 115.0,1920x1080,1053x917,,,0,1i-3 A Training,4,,,1i-3,,,Pass,,1i-3 A Training,1i-3 A Training,1,Instructions,Instructions 02,q3gk2e,4,continue,,29198.42,29183.32,29198.42,29198.42,29183.32,29198.42,1,29198.42,0,0,,Click To Continue,Continue Button,2,object-75,,,,,,Instructions,,,,,,,,,,,,,,,,,,,,,,
8,1712443869421,06/04/2024 22:51:09,1712447469421,1,07/04/2024 00:51:09,139619,19,task-eihb,,36804473,BLIND,10852236,,complete,,6611cf7bf97b450c1d826d3a,computer,Desktop or Laptop,Windows 8.1,Firefox 115.0,1920x1080,1053x917,,,0,1i-3 A Training,4,,,1i-3,,,Pass,,1i-3 A Training,1i-3 A Training,1,Instructions,Instructions 03,gxa3vr,5,continue,,2688.0999999999985,2683.699999999997,2688.0999999999985,2688.0999999999985,2683.699999999997,2688.0999999999985,1,2688.0999999999985,0,0,,Click To Continue,Continue Button,1,object-165,,,,,,Instructions,,,,,,,,,,,,,,,,,,,,,,
9,1712443900314,06/04/2024 22:51:40,1712447500314,1,07/04/2024 00:51:40,139619,19,task-eihb,,36804473,BLIND,10852236,,complete,,6611cf7bf97b450c1d826d3a,computer,Desktop or Laptop,Windows 8.1,Firefox 115.0,1920x1080,1053x917,,,0,1i-3 A Training,4,,,1i-3,,,Pass,,1i-3 A Training,1i-3 A Training,1,Training02,TrainingA,34efq7,1,response,FICH WUNG,13966.660000000003,30883.54,30894.4,13966.660000000003,30883.54,30894.4,1,13966.660000000003,16927.739999999998,0,,Single Text Entry,TextResponseA,4,object-97,1i-3,_,01,1i-3_01,1,Training02,04_WHEEZES,ASK,.png,04_WHEEZES_ASK.png,FICH,WUNG,04_WHEEZES_FICH_WUNG.png,,FICH WUNG,05_AUROR_ASK.png,05_AUROR_DOTS.png,FICH WUNG,ZETH WAN,FICH WUNG,ZETH WAN,05_AUROR_ZETH_WAN.png,,ZETH WAN,,,,
10,1712443917780,06/04/2024 22:51:57,1712447517780,1,07/04/2024 00:51:57,139619,19,task-eihb,,36804473,BLIND,10852236,,complete,,6611cf7bf97b450c1d826d3a,computer,Desktop or Laptop,Windows 8.1,Firefox 115.0,1920x1080,1053x917,,,0,1i-3 A Training,4,,,1i-3,,,Pass,,1i-3 A Training,1i-3 A Training,1,Training02,TrainingB,2yfdu9,2,response,,17478.86,17466.660000000003,17478.86,17478.86,17466.660000000003,17478.86,1,17478.86,0,0,,Click Response,Option B,5,object-246,1i-3,_,01,1i-3_01,1,Training02,04_WHEEZES,ASK,.png,04_WHEEZES_ASK.png,FICH,WUNG,04_WHEEZES_FICH_WUNG.png,,FICH WUNG,05_AUROR_ASK.png,05_AUROR_DOTS.png,FICH WUNG,ZETH WAN,FICH WUNG,ZETH WAN,05_AUROR_ZETH_WAN.png,,ZETH WAN,,,,
11,1712443919501,06/04/2024 22:51:59,1712447519501,1,07/04/2024 00:51:59,139619,19,task-eihb,,36804473,BLIND,10852236,,complete,,6611cf7bf97b450c1d826d3a,computer,Desktop or Laptop,Windows 8.1,Firefox 115.0,1920x1080,1053x917,,,0,1i-3 A Training,4,,,1i-3,,,Pass,,1i-3 A Training,1i-3 A Training,1,Training02,TrainingC,1ouhhw,3,continue,,1733.320000000007,1716.6600000000035,1733.320000000007,1733.320000000007,1716.6600000000035,1733.320000000007,1,1733.320000000007,0,0,,Click To Continue,Continue Button,6,object-272,1i-3,_,01,1i-3_01,1,Training02,04_WHEEZES,ASK,.png,04_WHEEZES_ASK.png,FICH,WUNG,04_WHEEZES_FICH_WUNG.png,,FICH WUNG,05_AUROR_ASK.png,05_AUROR_DOTS.png,FICH WUNG,ZETH WAN,FICH WUNG,ZETH WAN,05_AUROR_ZETH_WAN.png,,ZETH WAN,,,,
12,1712443928886,06/04/2024 22:52:08,1712447528886,1,07/04/2024 00:52:08,139619,19,task-eihb,,36804473,BLIND,10852236,,complete,,6611cf7bf97b450c1d826d3a,computer,Desktop or Laptop,Windows 8.1,Firefox 115.0,1920x1080,1053x917,,,0,1i-3 A Training,4,,,1i-3,,,Pass,,1i-3 A Training,1i-3 A Training,2,Training02,TrainingA,34efq7,1,response,ZETH WAN,7233.3399999999965,9383.339999999997,9400,7233.3399999999965,9383.339999999997,9400,1,7233.3399999999965,2166.6600000000035,0,,Single Text Entry,TextResponseA,4,object-97,1i-3,_,02,1i-3_02,1,Training02,40_BURYSNAPE,ASK,.png,40_BURYSNAPE_ASK.png,ZETH,WAN,40_BURYSNAPE_ZETH_WAN.png,,ZETH WAN,20_PULLSWORD_ASK.png,20_PULLSWORD_DOTS.png,WOUX WAN,ZETH WAN,ZETH WAN,WOUX WAN,20_PULLSWORD_WOUX_WAN.png,WOUX WAN,,,,,
13,1712443955305,06/04/2024 22:52:35,1712447555305,1,07/04/2024 00:52:35,139619,19,task-eihb,,36804473,BLIND,10852236,,complete,,6611cf7bf97b450c1d826d3a,computer,Desktop or Laptop,Windows 8.1,Firefox 115.0,1920x1080,1053x917,,,0,1i-3 A Training,4,,,1i-3,,,Pass,,1i-3 A Training,1i-3 A Training,2,Training02,TrainingB,2yfdu9,2,response,,26433.319999999992,26416.65999999999,26433.319999999992,26433.319999999992,26416.65999999999,26433.319999999992,1,26433.319999999992,0,0,,Click Response,Option A,4,object-245,1i-3,_,02,1i-3_02,1,Training02,40_BURYSNAPE,ASK,.png,40_BURYSNAPE_ASK.png,ZETH,WAN,40_BURYSNAPE_ZETH_WAN.png,,ZETH WAN,20_PULLSWORD_ASK.png,20_PULLSWORD_DOTS.png,WOUX WAN,ZETH WAN,ZETH WAN,WOUX WAN,20_PULLSWORD_WOUX_WAN.png,WOUX WAN,,,,,
14,1712443956350,06/04/2024 22:52:36,1712447556350,1,07/04/2024 00:52:36,139619,19,task-eihb,,36804473,BLIND,10852236,,complete,,6611cf7bf97b450c1d826d3a,computer,Desktop or Laptop,Windows 8.1,Firefox 115.0,1920x1080,1053x917,,,0,1i-3 A Training,4,,,1i-3,,,Pass,,1i-3 A Training,1i-3 A Training,2,Training02,TrainingC,1ouhhw,3,continue,,1065.5400000000081,1050.2799999999988,1065.5400000000081,1065.5400000000081,1050.2799999999988,1065.5400000000081,1,1065.5400000000081,0,0,,Click To Continue,Continue Button,6,object-272,1i-3,_,02,1i-3_02,1,Training02,40_BURYSNAPE,ASK,.png,40_BURYSNAPE_ASK.png,ZETH,WAN,40_BURYSNAPE_ZETH_WAN.png,,ZETH WAN,20_PULLSWORD_ASK.png,20_PULLSWORD_DOTS.png,WOUX WAN,ZETH WAN,ZETH WAN,WOUX WAN,20_PULLSWORD_WOUX_WAN.png,WOUX WAN,,,,,
15,1712443974678,06/04/2024 22:52:54,1712447574678,1,07/04/2024 00:52:54,139619,19,task-eihb,,36804473,BLIND,10852236,,complete,,6611cf7bf97b450c1d826d3a,computer,Desktop or Laptop,Windows 8.1,Firefox 115.0,1920x1080,1053x917,,,0,1i-3 A Training,4,,,1i-3,,,Pass,,1i-3 A Training,1i-3 A Training,3,Training02,TrainingA,34efq7,1,response,RUSP WIM,1650,18333.440000000002,18344.26000000001,1650,18333.440000000002,18344.26000000001,1,1650,16694.26000000001,0,,Single Text Entry,TextResponseA,4,object-97,1i-3,_,03,1i-3_03,1,Training02,13_QUIBBLER,ASK,.png,13_QUIBBLER_ASK.png,RUSP,WIM,13_QUIBBLER_RUSP_WIM.png,,RUSP WIM,27_BESTSELLER_ASK.png,27_BESTSELLER_DOTS.png,FICH WUNG,RUSP WIM,RUSP WIM,FICH WUNG,27_BESTSELLER_FICH_WUNG.png,FICH WUNG,,,,,
16,1712443986453,06/04/2024 22:53:06,1712447586453,1,07/04/2024 00:53:06,139619,19,task-eihb,,36804473,BLIND,10852236,,complete,,6611cf7bf97b450c1d826d3a,computer,Desktop or Laptop,Windows 8.1,Firefox 115.0,1920x1080,1053x917,,,0,1i-3 A Training,4,,,1i-3,,,Pass,,1i-3 A Training,1i-3 A Training,3,Training02,TrainingB,2yfdu9,2,response,,11785.820000000007,11783.339999999997,11785.820000000007,11785.820000000007,11783.339999999997,11785.820000000007,1,11785.820000000007,0,0,,Click Response,Option A,4,object-245,1i-3,_,03,1i-3_03,1,Training02,13_QUIBBLER,ASK,.png,13_QUIBBLER_ASK.png,RUSP,WIM,13_QUIBBLER_RUSP_WIM.png,,RUSP WIM,27_BESTSELLER_ASK.png,27_BESTSELLER_DOTS.png,FICH WUNG,RUSP WIM,RUSP WIM,FICH WUNG,27_BESTSELLER_FICH_WUNG.png,FICH WUNG,,,,,
17,1712443995550,06/04/2024 22:53:15,1712447595550,1,07/04/2024 00:53:15,139619,19,task-eihb,,36804473,BLIND,10852236,,complete,,6611cf7bf97b450c1d826d3a,computer,Desktop or Laptop,Windows 8.1,Firefox 115.0,1920x1080,1053x917,,,0,1i-3 A Training,4,,,1i-3,,,Pass,,1i-3 A Training,1i-3 A Training,3,Training02,TrainingC,1ouhhw,3,continue,,9098.48000000001,9083.320000000007,9098.48000000001,9098.48000000001,9083.320000000007,9098.48000000001,1,9098.48000000001,0,0,,Click To Continue,Continue Button,6,object-272,1i-3,_,03,1i-3_03,1,Training02,13_QUIBBLER,ASK,.png,13_QUIBBLER_ASK.png,RUSP,WIM,13_QUIBBLER_RUSP_WIM.png,,RUSP WIM,27_BESTSELLER_ASK.png,27_BESTSELLER_DOTS.png,FICH WUNG,RUSP WIM,RUSP WIM,FICH WUNG,27_BESTSELLER_FICH_WUNG.png,FICH WUNG,,,,,
18,1712444013999,06/04/2024 22:53:33,1712447613999,1,07/04/2024 00:53:33,139619,19,task-eihb,,36804473,BLIND,10852236,,complete,,6611cf7bf97b450c1d826d3a,computer,Desktop or Laptop,Windows 8.1,Firefox 115.0,1920x1080,1053x917,,,0,1i-3 A Training,4,,,1i-3,,,Pass,,1i-3 A Training,1i-3 A Training,4,Training02,TrainingA,34efq7,1,response,WOUX WAN,2883.3399999999965,18450,18464.160000000003,2883.3399999999965,18450,18464.160000000003,1,2883.3399999999965,15580.820000000007,0,,Single Text Entry,TextResponseA,4,object-97,1i-3,_,04,1i-3_04,1,Training02,35_PROPHET,ASK,.png,35_PROPHET_ASK.png,WOUX,WAN,35_PROPHET_WOUX_WAN.png,,WOUX WAN,40_BURYSNAPE_ASK.png,40_BURYSNAPE_DOTS.png,WOUX WAN,RUSP WIM,WOUX WAN,RUSP WIM,40_BURYSNAPE_RUSP_WIM.png,,RUSP WIM,,,,
19,1712444025644,06/04/2024 22:53:45,1712447625644,1,07/04/2024 00:53:45,139619,19,task-eihb,,36804473,BLIND,10852236,,complete,,6611cf7bf97b450c1d826d3a,computer,Desktop or Laptop,Windows 8.1,Firefox 115.0,1920x1080,1053x917,,,0,1i-3 A Training,4,,,1i-3,,,Pass,,1i-3 A Training,1i-3 A Training,4,Training02,TrainingB,2yfdu9,2,response,,11659.160000000003,11650,11659.160000000003,11659.160000000003,11650,11659.160000000003,1,11659.160000000003,0,0,,Click Response,Option B,5,object-246,1i-3,_,04,1i-3_04,1,Training02,35_PROPHET,ASK,.png,35_PROPHET_ASK.png,WOUX,WAN,35_PROPHET_WOUX_WAN.png,,WOUX WAN,40_BURYSNAPE_ASK.png,40_BURYSNAPE_DOTS.png,WOUX WAN,RUSP WIM,WOUX WAN,RUSP WIM,40_BURYSNAPE_RUSP_WIM.png,,RUSP WIM,,,,
20,1712444029821,06/04/2024 22:53:49,1712447629821,1,07/04/2024 00:53:49,139619,19,task-eihb,,36804473,BLIND,10852236,,complete,,6611cf7bf97b450c1d826d3a,computer,Desktop or Laptop,Windows 8.1,Firefox 115.0,1920x1080,1053x917,,,0,1i-3 A Training,4,,,1i-3,,,Pass,,1i-3 A Training,1i-3 A Training,4,Training02,TrainingC,1ouhhw,3,continue,,4187.1600000000035,4183.3399999999965,4187.1600000000035,4187.1600000000035,4183.3399999999965,4187.1600000000035,1,4187.1600000000035,0,0,,Click To Continue,Continue Button,6,object-272,1i-3,_,04,1i-3_04,1,Training02,35_PROPHET,ASK,.png,35_PROPHET_ASK.png,WOUX,WAN,35_PROPHET_WOUX_WAN.png,,WOUX WAN,40_BURYSNAPE_ASK.png,40_BURYSNAPE_DOTS.png,WOUX WAN,RUSP WIM,WOUX WAN,RUSP WIM,40_BURYSNAPE_RUSP_WIM.png,,RUSP WIM,,,,
21,1712444038047,06/04/2024 22:53:58,1712447638047,1,07/04/2024 00:53:58,139619,19,task-eihb,,36804473,BLIND,10852236,,complete,,6611cf7bf97b450c1d826d3a,computer,Desktop or Laptop,Windows 8.1,Firefox 115.0,1920x1080,1053x917,,,0,1i-3 A Training,4,,,1i-3,,,Pass,,1i-3 A Training,1i-3 A Training,5,Training02,TrainingA,34efq7,1,response,WOUX WAN,2383.3399999999965,8216.660000000003,8228.820000000007,2383.3399999999965,8216.660000000003,8228.820000000007,1,2383.3399999999965,5845.4800000000105,0,,Single Text Entry,TextResponseA,4,object-97,1i-3,_,08,1i-3_08,2,Training02,28_GALLEONS,ASK,.png,28_GALLEONS_ASK.png,WOUX,WAN,28_GALLEONS_WOUX_WAN.png,,WOUX WAN,39_STOPHAGRID_ASK.png,39_STOPHAGRID_DOTS.png,ZETH WAN,WOUX WAN,WOUX WAN,ZETH WAN,39_STOPHAGRID_ZETH_WAN.png,ZETH WAN,,,,,
22,1712444050829,06/04/2024 22:54:10,1712447650829,1,07/04/2024 00:54:10,139619,19,task-eihb,,36804473,BLIND,10852236,,complete,,6611cf7bf97b450c1d826d3a,computer,Desktop or Laptop,Windows 8.1,Firefox 115.0,1920x1080,1053x917,,,0,1i-3 A Training,4,,,1i-3,,,Pass,,1i-3 A Training,1i-3 A Training,5,Training02,TrainingB,2yfdu9,2,response,,12795.160000000003,12783.339999999997,12795.160000000003,12795.160000000003,12783.339999999997,12795.160000000003,1,12795.160000000003,0,0,,Click Response,Option A,4,object-245,1i-3,_,08,1i-3_08,2,Training02,28_GALLEONS,ASK,.png,28_GALLEONS_ASK.png,WOUX,WAN,28_GALLEONS_WOUX_WAN.png,,WOUX WAN,39_STOPHAGRID_ASK.png,39_STOPHAGRID_DOTS.png,ZETH WAN,WOUX WAN,WOUX WAN,ZETH WAN,39_STOPHAGRID_ZETH_WAN.png,ZETH WAN,,,,,
23,1712444068775,06/04/2024 22:54:28,1712447668775,1,07/04/2024 00:54:28,139619,19,task-eihb,,36804473,BLIND,10852236,,complete,,6611cf7bf97b450c1d826d3a,computer,Desktop or Laptop,Windows 8.1,Firefox 115.0,1920x1080,1053x917,,,0,1i-3 A Training,4,,,1i-3,,,Pass,,1i-3 A Training,1i-3 A Training,5,Training02,TrainingC,1ouhhw,3,continue,,17956.820000000007,17950,17956.820000000007,17956.820000000007,17950,17956.820000000007,1,17956.820000000007,0,0,,Click To Continue,Continue Button,6,object-272,1i-3,_,08,1i-3_08,2,Training02,28_GALLEONS,ASK,.png,28_GALLEONS_ASK.png,WOUX,WAN,28_GALLEONS_WOUX_WAN.png,,WOUX WAN,39_STOPHAGRID_ASK.png,39_STOPHAGRID_DOTS.png,ZETH WAN,WOUX WAN,WOUX WAN,ZETH WAN,39_STOPHAGRID_ZETH_WAN.png,ZETH WAN,,,,,
24,1712444075943,06/04/2024 22:54:35,1712447675943,1,07/04/2024 00:54:35,139619,19,task-eihb,,36804473,BLIND,10852236,,complete,,6611cf7bf97b450c1d826d3a,computer,Desktop or Laptop,Windows 8.1,Firefox 115.0,1920x1080,1053x917,,,0,1i-3 A Training,4,,,1i-3,,,Pass,,1i-3 A Training,1i-3 A Training,6,Training02,TrainingA,34efq7,1,response,ZETH WAN,1816.679999999993,7166.679999999993,7174.820000000007,1816.679999999993,7166.679999999993,7174.820000000007,1,1816.679999999993,5358.140000000014,0,,Single Text Entry,TextResponseA,4,object-97,1i-3,_,06,1i-3_06,2,Training02,12_SKEETER,ASK,.png,12_SKEETER_ASK.png,ZETH,WAN,12_SKEETER_ZETH_WAN.png,,ZETH WAN,12_SKEETER_ASK.png,12_SKEETER_DOTS.png,FICH WUNG,ZETH WAN,ZETH WAN,FICH WUNG,12_SKEETER_FICH_WUNG.png,FICH WUNG,,,,,
25,1712444085965,06/04/2024 22:54:45,1712447685965,1,07/04/2024 00:54:45,139619,19,task-eihb,,36804473,BLIND,10852236,,complete,,6611cf7bf97b450c1d826d3a,computer,Desktop or Laptop,Windows 8.1,Firefox 115.0,1920x1080,1053x917,,,0,1i-3 A Training,4,,,1i-3,,,Pass,,1i-3 A Training,1i-3 A Training,6,Training02,TrainingB,2yfdu9,2,response,,10030.140000000014,10016.660000000033,10030.140000000014,10030.140000000014,10016.660000000033,10030.140000000014,1,10030.140000000014,0,0,,Click Response,Option A,4,object-245,1i-3,_,06,1i-3_06,2,Training02,12_SKEETER,ASK,.png,12_SKEETER_ASK.png,ZETH,WAN,12_SKEETER_ZETH_WAN.png,,ZETH WAN,12_SKEETER_ASK.png,12_SKEETER_DOTS.png,FICH WUNG,ZETH WAN,ZETH WAN,FICH WUNG,12_SKEETER_FICH_WUNG.png,FICH WUNG,,,,,
26,1712444104454,06/04/2024 22:55:04,1712447704454,1,07/04/2024 00:55:04,139619,19,task-eihb,,36804473,BLIND,10852236,,complete,,6611cf7bf97b450c1d826d3a,computer,Desktop or Laptop,Windows 8.1,Firefox 115.0,1920x1080,1053x917,,,0,1i-3 A Training,4,,,1i-3,,,Pass,,1i-3 A Training,1i-3 A Training,6,Training02,TrainingC,1ouhhw,3,continue,,18500.01999999996,18483.339999999967,18500.01999999996,18500.01999999996,18483.339999999967,18500.01999999996,1,18500.01999999996,0,0,,Click To Continue,Continue Button,6,object-272,1i-3,_,06,1i-3_06,2,Training02,12_SKEETER,ASK,.png,12_SKEETER_ASK.png,ZETH,WAN,12_SKEETER_ZETH_WAN.png,,ZETH WAN,12_SKEETER_ASK.png,12_SKEETER_DOTS.png,FICH WUNG,ZETH WAN,ZETH WAN,FICH WUNG,12_SKEETER_FICH_WUNG.png,FICH WUNG,,,,,
27,1712444119374,06/04/2024 22:55:19,1712447719374,1,07/04/2024 00:55:19,139619,19,task-eihb,,36804473,BLIND,10852236,,complete,,6611cf7bf97b450c1d826d3a,computer,Desktop or Laptop,Windows 8.1,Firefox 115.0,1920x1080,1053x917,,,0,1i-3 A Training,4,,,1i-3,,,Pass,,1i-3 A Training,1i-3 A Training,7,Training02,TrainingA,34efq7,1,response,FICH WUNG,1883.9400000000023,14933.940000000002,14940.140000000014,1883.9400000000023,14933.940000000002,14940.140000000014,1,1883.9400000000023,13056.200000000012,0,,Single Text Entry,TextResponseA,4,object-97,1i-3,_,05,1i-3_05,2,Training02,18_LIVEGODRIC,ASK,.png,18_LIVEGODRIC_ASK.png,FICH,WUNG,18_LIVEGODRIC_FICH_WUNG.png,,FICH WUNG,07_AZKABAN_ASK.png,07_AZKABAN_DOTS.png,FICH WUNG,RUSP WIM,FICH WUNG,RUSP WIM,07_AZKABAN_RUSP_WIM.png,,RUSP WIM,,,,
28,1712444127350,06/04/2024 22:55:27,1712447727350,1,07/04/2024 00:55:27,139619,19,task-eihb,,36804473,BLIND,10852236,,complete,,6611cf7bf97b450c1d826d3a,computer,Desktop or Laptop,Windows 8.1,Firefox 115.0,1920x1080,1053x917,,,0,1i-3 A Training,4,,,1i-3,,,Pass,,1i-3 A Training,1i-3 A Training,7,Training02,TrainingB,2yfdu9,2,response,,7981.200000000012,7966.660000000033,7981.200000000012,7981.200000000012,7966.660000000033,7981.200000000012,1,7981.200000000012,0,0,,Click Response,Option B,5,object-246,1i-3,_,05,1i-3_05,2,Training02,18_LIVEGODRIC,ASK,.png,18_LIVEGODRIC_ASK.png,FICH,WUNG,18_LIVEGODRIC_FICH_WUNG.png,,FICH WUNG,07_AZKABAN_ASK.png,07_AZKABAN_DOTS.png,FICH WUNG,RUSP WIM,FICH WUNG,RUSP WIM,07_AZKABAN_RUSP_WIM.png,,RUSP WIM,,,,
29,1712444134088,06/04/2024 22:55:34,1712447734088,1,07/04/2024 00:55:34,139619,19,task-eihb,,36804473,BLIND,10852236,,complete,,6611cf7bf97b450c1d826d3a,computer,Desktop or Laptop,Windows 8.1,Firefox 115.0,1920x1080,1053x917,,,0,1i-3 A Training,4,,,1i-3,,,Pass,,1i-3 A Training,1i-3 A Training,7,Training02,TrainingC,1ouhhw,3,continue,,6749.999999999942,6733.339999999967,6749.999999999942,6749.999999999942,6733.339999999967,6749.999999999942,1,6749.999999999942,0,0,,Click To Continue,Continue Button,6,object-272,1i-3,_,05,1i-3_05,2,Training02,18_LIVEGODRIC,ASK,.png,18_LIVEGODRIC_ASK.png,FICH,WUNG,18_LIVEGODRIC_FICH_WUNG.png,,FICH WUNG,07_AZKABAN_ASK.png,07_AZKABAN_DOTS.png,FICH WUNG,RUSP WIM,FICH WUNG,RUSP WIM,07_AZKABAN_RUSP_WIM.png,,RUSP WIM,,,,
30,1712444145007,06/04/2024 22:55:45,1712447745007,1,07/04/2024 00:55:45,139619,19,task-eihb,,36804473,BLIND,10852236,,complete,,6611cf7bf97b450c1d826d3a,computer,Desktop or Laptop,Windows 8.1,Firefox 115.0,1920x1080,1053x917,,,0,1i-3 A Training,4,,,1i-3,,,Pass,,1i-3 A Training,1i-3 A Training,8,Training02,TrainingA,34efq7,1,response,RUSP WIM,1966.6600000000326,10933.340000000026,10937.200000000012,1966.6600000000326,10933.340000000026,10937.200000000012,1,1966.6600000000326,8970.539999999979,0,,Single Text Entry,TextResponseA,4,object-97,1i-3,_,07,1i-3_07,2,Training02,34_FANLETTERS,ASK,.png,34_FANLETTERS_ASK.png,RUSP,WIM,34_FANLETTERS_RUSP_WIM.png,,RUSP WIM,34_FANLETTERS_ASK.png,34_FANLETTERS_DOTS.png,RUSP WIM,WOUX WAN,RUSP WIM,WOUX WAN,34_FANLETTERS_WOUX_WAN.png,,WOUX WAN,,,,
31,1712444153198,06/04/2024 22:55:53,1712447753198,1,07/04/2024 00:55:53,139619,19,task-eihb,,36804473,BLIND,10852236,,complete,,6611cf7bf97b450c1d826d3a,computer,Desktop or Laptop,Windows 8.1,Firefox 115.0,1920x1080,1053x917,,,0,1i-3 A Training,4,,,1i-3,,,Pass,,1i-3 A Training,1i-3 A Training,8,Training02,TrainingB,2yfdu9,2,response,,8195.859999999986,8183.320000000007,8195.859999999986,8195.859999999986,8183.320000000007,8195.859999999986,1,8195.859999999986,0,0,,Click Response,Option A,4,object-245,1i-3,_,07,1i-3_07,2,Training02,34_FANLETTERS,ASK,.png,34_FANLETTERS_ASK.png,RUSP,WIM,34_FANLETTERS_RUSP_WIM.png,,RUSP WIM,34_FANLETTERS_ASK.png,34_FANLETTERS_DOTS.png,RUSP WIM,WOUX WAN,RUSP WIM,WOUX WAN,34_FANLETTERS_WOUX_WAN.png,,WOUX WAN,,,,
32,1712444155414,06/04/2024 22:55:55,1712447755414,1,07/04/2024 00:55:55,139619,19,task-eihb,,36804473,BLIND,10852236,,complete,,6611cf7bf97b450c1d826d3a,computer,Desktop or Laptop,Windows 8.1,Firefox 115.0,1920x1080,1053x917,,,0,1i-3 A Training,4,,,1i-3,,,Pass,,1i-3 A Training,1i-3 A Training,8,Training02,TrainingC,1ouhhw,3,continue,,2228.539999999979,2216.679999999993,2228.539999999979,2228.539999999979,2216.679999999993,2228.539999999979,1,2228.539999999979,0,0,,Click To Continue,Continue Button,6,object-272,1i-3,_,07,1i-3_07,2,Training02,34_FANLETTERS,ASK,.png,34_FANLETTERS_ASK.png,RUSP,WIM,34_FANLETTERS_RUSP_WIM.png,,RUSP WIM,34_FANLETTERS_ASK.png,34_FANLETTERS_DOTS.png,RUSP WIM,WOUX WAN,RUSP WIM,WOUX WAN,34_FANLETTERS_WOUX_WAN.png,,WOUX WAN,,,,
33,1712444175455,06/04/2024 22:56:15,1712447775455,1,07/04/2024 00:56:15,139619,19,task-eihb,,36804473,BLIND,10852236,,complete,,6611cf7bf97b450c1d826d3a,computer,Desktop or Laptop,Windows 8.1,Firefox 115.0,1920x1080,1053x917,,,0,1i-3 A Training,4,,,1i-3,,,Pass,,1i-3 A Training,1i-3 A Training,9,Training02,TrainingA,34efq7,1,response,ZETH WAN,9583.320000000007,20050,20051.859999999986,9583.320000000007,20050,20051.859999999986,1,9583.320000000007,10468.539999999979,0,,Single Text Entry,TextResponseA,4,object-97,1i-3,_,10,1i-3_10,3,Training02,19_BURYVOLDY,ASK,.png,19_BURYVOLDY_ASK.png,ZETH,WAN,19_BURYVOLDY_ZETH_WAN.png,,ZETH WAN,21_TEACHHOG_ASK.png,21_TEACHHOG_DOTS.png,ZETH WAN,RUSP WIM,ZETH WAN,RUSP WIM,21_TEACHHOG_RUSP_WIM.png,,RUSP WIM,,,,
34,1712444184917,06/04/2024 22:56:24,1712447784917,1,07/04/2024 00:56:24,139619,19,task-eihb,,36804473,BLIND,10852236,,complete,,6611cf7bf97b450c1d826d3a,computer,Desktop or Laptop,Windows 8.1,Firefox 115.0,1920x1080,1053x917,,,0,1i-3 A Training,4,,,1i-3,,,Pass,,1i-3 A Training,1i-3 A Training,9,Training02,TrainingB,2yfdu9,2,response,,9464.859999999986,9450,9464.859999999986,9464.859999999986,9450,9464.859999999986,1,9464.859999999986,0,0,,Click Response,Option B,5,object-246,1i-3,_,10,1i-3_10,3,Training02,19_BURYVOLDY,ASK,.png,19_BURYVOLDY_ASK.png,ZETH,WAN,19_BURYVOLDY_ZETH_WAN.png,,ZETH WAN,21_TEACHHOG_ASK.png,21_TEACHHOG_DOTS.png,ZETH WAN,RUSP WIM,ZETH WAN,RUSP WIM,21_TEACHHOG_RUSP_WIM.png,,RUSP WIM,,,,
35,1712444186309,06/04/2024 22:56:26,1712447786309,1,07/04/2024 00:56:26,139619,19,task-eihb,,36804473,BLIND,10852236,,complete,,6611cf7bf97b450c1d826d3a,computer,Desktop or Laptop,Windows 8.1,Firefox 115.0,1920x1080,1053x917,,,0,1i-3 A Training,4,,,1i-3,,,Pass,,1i-3 A Training,1i-3 A Training,9,Training02,TrainingC,1ouhhw,3,continue,,1407.859999999986,1400,1407.859999999986,1407.859999999986,1400,1407.859999999986,1,1407.859999999986,0,0,,Click To Continue,Continue Button,6,object-272,1i-3,_,10,1i-3_10,3,Training02,19_BURYVOLDY,ASK,.png,19_BURYVOLDY_ASK.png,ZETH,WAN,19_BURYVOLDY_ZETH_WAN.png,,ZETH WAN,21_TEACHHOG_ASK.png,21_TEACHHOG_DOTS.png,ZETH WAN,RUSP WIM,ZETH WAN,RUSP WIM,21_TEACHHOG_RUSP_WIM.png,,RUSP WIM,,,,
36,1712444199142,06/04/2024 22:56:39,1712447799142,1,07/04/2024 00:56:39,139619,19,task-eihb,,36804473,BLIND,10852236,,complete,,6611cf7bf97b450c1d826d3a,computer,Desktop or Laptop,Windows 8.1,Firefox 115.0,1920x1080,1053x917,,,0,1i-3 A Training,4,,,1i-3,,,Pass,,1i-3 A Training,1i-3 A Training,10,Training02,TrainingA,34efq7,1,response,RUSP WIM,10667.140000000014,12833.799999999988,12840.859999999986,10667.140000000014,12833.799999999988,12840.859999999986,1,10667.140000000014,2173.719999999972,0,,Single Text Entry,TextResponseA,4,object-97,1i-3,_,11,1i-3_11,3,Training02,27_BESTSELLER,ASK,.png,27_BESTSELLER_ASK.png,RUSP,WIM,27_BESTSELLER_RUSP_WIM.png,,RUSP WIM,25_PROSECUTE_ASK.png,25_PROSECUTE_DOTS.png,ZETH WAN,RUSP WIM,RUSP WIM,ZETH WAN,25_PROSECUTE_ZETH_WAN.png,ZETH WAN,,,,,
37,1712444210639,06/04/2024 22:56:50,1712447810639,1,07/04/2024 00:56:50,139619,19,task-eihb,,36804473,BLIND,10852236,,complete,,6611cf7bf97b450c1d826d3a,computer,Desktop or Laptop,Windows 8.1,Firefox 115.0,1920x1080,1053x917,,,0,1i-3 A Training,4,,,1i-3,,,Pass,,1i-3 A Training,1i-3 A Training,10,Training02,TrainingB,2yfdu9,2,response,,11500.020000000077,11483.340000000026,11500.020000000077,11500.020000000077,11483.340000000026,11500.020000000077,1,11500.020000000077,0,0,,Click Response,Option A,4,object-245,1i-3,_,11,1i-3_11,3,Training02,27_BESTSELLER,ASK,.png,27_BESTSELLER_ASK.png,RUSP,WIM,27_BESTSELLER_RUSP_WIM.png,,RUSP WIM,25_PROSECUTE_ASK.png,25_PROSECUTE_DOTS.png,ZETH WAN,RUSP WIM,RUSP WIM,ZETH WAN,25_PROSECUTE_ZETH_WAN.png,ZETH WAN,,,,,
38,1712444211493,06/04/2024 22:56:51,1712447811493,1,07/04/2024 00:56:51,139619,19,task-eihb,,36804473,BLIND,10852236,,complete,,6611cf7bf97b450c1d826d3a,computer,Desktop or Laptop,Windows 8.1,Firefox 115.0,1920x1080,1053x917,,,0,1i-3 A Training,4,,,1i-3,,,Pass,,1i-3 A Training,1i-3 A Training,10,Training02,TrainingC,1ouhhw,3,continue,,873.7199999999721,866.6599999999744,873.7199999999721,873.7199999999721,866.6599999999744,873.7199999999721,1,873.7199999999721,0,0,,Click To Continue,Continue Button,6,object-272,1i-3,_,11,1i-3_11,3,Training02,27_BESTSELLER,ASK,.png,27_BESTSELLER_ASK.png,RUSP,WIM,27_BESTSELLER_RUSP_WIM.png,,RUSP WIM,25_PROSECUTE_ASK.png,25_PROSECUTE_DOTS.png,ZETH WAN,RUSP WIM,RUSP WIM,ZETH WAN,25_PROSECUTE_ZETH_WAN.png,ZETH WAN,,,,,
39,1712444229935,06/04/2024 22:57:09,1712447829935,1,07/04/2024 00:57:09,139619,19,task-eihb,,36804473,BLIND,10852236,,complete,,6611cf7bf97b450c1d826d3a,computer,Desktop or Laptop,Windows 8.1,Firefox 115.0,1920x1080,1053x917,,,0,1i-3 A Training,4,,,1i-3,,,Pass,,1i-3 A Training,1i-3 A Training,11,Training02,TrainingA,34efq7,1,response,FICH WUNG,1683.3400000000256,18433.340000000026,18449.059999999998,1683.3400000000256,18433.340000000026,18449.059999999998,1,1683.3400000000256,16765.719999999972,0,,Single Text Entry,TextResponseA,4,object-97,1i-3,_,09,1i-3_09,3,Training02,32_QWC,ASK,.png,32_QWC_ASK.png,FICH,WUNG,32_QWC_FICH_WUNG.png,,FICH WUNG,13_QUIBBLER_ASK.png,13_QUIBBLER_DOTS.png,FICH WUNG,WOUX WAN,FICH WUNG,WOUX WAN,13_QUIBBLER_WOUX_WAN.png,,WOUX WAN,,,,
40,1712444244624,06/04/2024 22:57:24,1712447844624,1,07/04/2024 00:57:24,139619,19,task-eihb,,36804473,BLIND,10852236,,complete,,6611cf7bf97b450c1d826d3a,computer,Desktop or Laptop,Windows 8.1,Firefox 115.0,1920x1080,1053x917,,,0,1i-3 A Training,4,,,1i-3,,,Pass,,1i-3 A Training,1i-3 A Training,11,Training02,TrainingB,2yfdu9,2,response,,14699.979999999923,14683.319999999949,14699.979999999923,14699.979999999923,14683.319999999949,14699.979999999923,1,14699.979999999923,0,0,,Click Response,Option B,5,object-246,1i-3,_,09,1i-3_09,3,Training02,32_QWC,ASK,.png,32_QWC_ASK.png,FICH,WUNG,32_QWC_FICH_WUNG.png,,FICH WUNG,13_QUIBBLER_ASK.png,13_QUIBBLER_DOTS.png,FICH WUNG,WOUX WAN,FICH WUNG,WOUX WAN,13_QUIBBLER_WOUX_WAN.png,,WOUX WAN,,,,
41,1712444245606,06/04/2024 22:57:25,1712447845606,1,07/04/2024 00:57:25,139619,19,task-eihb,,36804473,BLIND,10852236,,complete,,6611cf7bf97b450c1d826d3a,computer,Desktop or Laptop,Windows 8.1,Firefox 115.0,1920x1080,1053x917,,,0,1i-3 A Training,4,,,1i-3,,,Pass,,1i-3 A Training,1i-3 A Training,11,Training02,TrainingC,1ouhhw,3,continue,,1003.4000000000233,1000,1003.4000000000233,1003.4000000000233,1000,1003.4000000000233,1,1003.4000000000233,0,0,,Click To Continue,Continue Button,6,object-272,1i-3,_,09,1i-3_09,3,Training02,32_QWC,ASK,.png,32_QWC_ASK.png,FICH,WUNG,32_QWC_FICH_WUNG.png,,FICH WUNG,13_QUIBBLER_ASK.png,13_QUIBBLER_DOTS.png,FICH WUNG,WOUX WAN,FICH WUNG,WOUX WAN,13_QUIBBLER_WOUX_WAN.png,,WOUX WAN,,,,
42,1712444260302,06/04/2024 22:57:40,1712447860302,1,07/04/2024 00:57:40,139619,19,task-eihb,,36804473,BLIND,10852236,,complete,,6611cf7bf97b450c1d826d3a,computer,Desktop or Laptop,Windows 8.1,Firefox 115.0,1920x1080,1053x917,,,0,1i-3 A Training,4,,,1i-3,,,Pass,,1i-3 A Training,1i-3 A Training,12,Training02,TrainingA,34efq7,1,response,WOUX WAN,8516.680000000051,14683.340000000026,14699.400000000023,8516.680000000051,14683.340000000026,14699.400000000023,1,8516.680000000051,6182.719999999972,0,,Single Text Entry,TextResponseA,4,object-97,1i-3,_,12,1i-3_12,3,Training02,14_MUNGOS,ASK,.png,14_MUNGOS_ASK.png,WOUX,WAN,14_MUNGOS_WOUX_WAN.png,,WOUX WAN,33_ROR_ASK.png,33_ROR_DOTS.png,FICH WUNG,WOUX WAN,WOUX WAN,FICH WUNG,33_ROR_FICH_WUNG.png,FICH WUNG,,,,,
43,1712444276349,06/04/2024 22:57:56,1712447876349,1,07/04/2024 00:57:56,139619,19,task-eihb,,36804473,BLIND,10852236,,complete,,6611cf7bf97b450c1d826d3a,computer,Desktop or Laptop,Windows 8.1,Firefox 115.0,1920x1080,1053x917,,,0,1i-3 A Training,4,,,1i-3,,,Pass,,1i-3 A Training,1i-3 A Training,12,Training02,TrainingB,2yfdu9,2,response,,16064.059999999998,16050,16064.059999999998,16064.059999999998,16050,16064.059999999998,1,16064.059999999998,0,0,,Click Response,Option A,4,object-245,1i-3,_,12,1i-3_12,3,Training02,14_MUNGOS,ASK,.png,14_MUNGOS_ASK.png,WOUX,WAN,14_MUNGOS_WOUX_WAN.png,,WOUX WAN,33_ROR_ASK.png,33_ROR_DOTS.png,FICH WUNG,WOUX WAN,WOUX WAN,FICH WUNG,33_ROR_FICH_WUNG.png,FICH WUNG,,,,,
44,1712444285143,06/04/2024 22:58:05,1712447885143,1,07/04/2024 00:58:05,139619,19,task-eihb,,36804473,BLIND,10852236,,complete,,6611cf7bf97b450c1d826d3a,computer,Desktop or Laptop,Windows 8.1,Firefox 115.0,1920x1080,1053x917,,,0,1i-3 A Training,4,,,1i-3,,,Pass,,1i-3 A Training,1i-3 A Training,12,Training02,TrainingC,1ouhhw,3,continue,,8808.059999999998,8800,8808.059999999998,8808.059999999998,8800,8808.059999999998,1,8808.059999999998,0,0,,Click To Continue,Continue Button,6,object-272,1i-3,_,12,1i-3_12,3,Training02,14_MUNGOS,ASK,.png,14_MUNGOS_ASK.png,WOUX,WAN,14_MUNGOS_WOUX_WAN.png,,WOUX WAN,33_ROR_ASK.png,33_ROR_DOTS.png,FICH WUNG,WOUX WAN,WOUX WAN,FICH WUNG,33_ROR_FICH_WUNG.png,FICH WUNG,,,,,
45,1712444289998,06/04/2024 22:58:09,1712447889998,1,07/04/2024 00:58:09,139619,19,task-eihb,,36804473,BLIND,10852236,,complete,,6611cf7bf97b450c1d826d3a,computer,Desktop or Laptop,Windows 8.1,Firefox 115.0,1920x1080,1053x917,,,0,1i-3 A Training,4,,,1i-3,,,Pass,,1i-3 A Training,1i-3 A Training,13,Training02,TrainingA,34efq7,1,response,ZETH WAN,2450,4850,4862.059999999998,2450,4850,4862.059999999998,1,2450,2412.0599999999977,0,,Single Text Entry,TextResponseA,4,object-97,1i-3,_,14,1i-3_14,4,Training02,33_ROR,ASK,.png,33_ROR_ASK.png,ZETH,WAN,33_ROR_ZETH_WAN.png,,ZETH WAN,19_BURYVOLDY_ASK.png,19_BURYVOLDY_DOTS.png,ZETH WAN,WOUX WAN,ZETH WAN,WOUX WAN,19_BURYVOLDY_WOUX_WAN.png,,WOUX WAN,,,,
46,1712444298950,06/04/2024 22:58:18,1712447898950,1,07/04/2024 00:58:18,139619,19,task-eihb,,36804473,BLIND,10852236,,complete,,6611cf7bf97b450c1d826d3a,computer,Desktop or Laptop,Windows 8.1,Firefox 115.0,1920x1080,1053x917,,,0,1i-3 A Training,4,,,1i-3,,,Pass,,1i-3 A Training,1i-3 A Training,13,Training02,TrainingB,2yfdu9,2,response,,8964.059999999998,8950,8964.059999999998,8964.059999999998,8950,8964.059999999998,1,8964.059999999998,0,0,,Click Response,Option B,5,object-246,1i-3,_,14,1i-3_14,4,Training02,33_ROR,ASK,.png,33_ROR_ASK.png,ZETH,WAN,33_ROR_ZETH_WAN.png,,ZETH WAN,19_BURYVOLDY_ASK.png,19_BURYVOLDY_DOTS.png,ZETH WAN,WOUX WAN,ZETH WAN,WOUX WAN,19_BURYVOLDY_WOUX_WAN.png,,WOUX WAN,,,,
47,1712444304788,06/04/2024 22:58:24,1712447904788,1,07/04/2024 00:58:24,139619,19,task-eihb,,36804473,BLIND,10852236,,complete,,6611cf7bf97b450c1d826d3a,computer,Desktop or Laptop,Windows 8.1,Firefox 115.0,1920x1080,1053x917,,,0,1i-3 A Training,4,,,1i-3,,,Pass,,1i-3 A Training,1i-3 A Training,13,Training02,TrainingC,1ouhhw,3,continue,,5849.619999999995,5832.940000000002,5849.619999999995,5849.619999999995,5832.940000000002,5849.619999999995,1,5849.619999999995,0,0,,Click To Continue,Continue Button,6,object-272,1i-3,_,14,1i-3_14,4,Training02,33_ROR,ASK,.png,33_ROR_ASK.png,ZETH,WAN,33_ROR_ZETH_WAN.png,,ZETH WAN,19_BURYVOLDY_ASK.png,19_BURYVOLDY_DOTS.png,ZETH WAN,WOUX WAN,ZETH WAN,WOUX WAN,19_BURYVOLDY_WOUX_WAN.png,,WOUX WAN,,,,
48,1712444328239,06/04/2024 22:58:48,1712447928239,1,07/04/2024 00:58:48,139619,19,task-eihb,,36804473,BLIND,10852236,,complete,,6611cf7bf97b450c1d826d3a,computer,Desktop or Laptop,Windows 8.1,Firefox 115.0,1920x1080,1053x917,,,0,1i-3 A Training,4,,,1i-3,,,Pass,,1i-3 A Training,1i-3 A Training,14,Training02,TrainingA,34efq7,1,response,RUSP WIM,4300,23466.659999999974,23470.119999999995,4300,23466.659999999974,23470.119999999995,1,4300,19170.119999999995,0,,Single Text Entry,TextResponseA,4,object-97,1i-3,_,15,1i-3_15,4,Training02,06_MOM,ASK,.png,06_MOM_ASK.png,RUSP,WIM,06_MOM_RUSP_WIM.png,,RUSP WIM,26_ERISED_ASK.png,26_ERISED_DOTS.png,RUSP WIM,FICH WUNG,RUSP WIM,FICH WUNG,26_ERISED_FICH_WUNG.png,,FICH WUNG,,,,
49,1712444333150,06/04/2024 22:58:53,1712447933150,1,07/04/2024 00:58:53,139619,19,task-eihb,,36804473,BLIND,10852236,,complete,,6611cf7bf97b450c1d826d3a,computer,Desktop or Laptop,Windows 8.1,Firefox 115.0,1920x1080,1053x917,,,0,1i-3 A Training,4,,,1i-3,,,Pass,,1i-3 A Training,1i-3 A Training,14,Training02,TrainingB,2yfdu9,2,response,,4914.460000000021,4900,4914.460000000021,4914.460000000021,4900,4914.460000000021,1,4914.460000000021,0,0,,Click Response,Option B,5,object-246,1i-3,_,15,1i-3_15,4,Training02,06_MOM,ASK,.png,06_MOM_ASK.png,RUSP,WIM,06_MOM_RUSP_WIM.png,,RUSP WIM,26_ERISED_ASK.png,26_ERISED_DOTS.png,RUSP WIM,FICH WUNG,RUSP WIM,FICH WUNG,26_ERISED_FICH_WUNG.png,,FICH WUNG,,,,
50,1712444334158,06/04/2024 22:58:54,1712447934158,1,07/04/2024 00:58:54,139619,19,task-eihb,,36804473,BLIND,10852236,,complete,,6611cf7bf97b450c1d826d3a,computer,Desktop or Laptop,Windows 8.1,Firefox 115.0,1920x1080,1053x917,,,0,1i-3 A Training,4,,,1i-3,,,Pass,,1i-3 A Training,1i-3 A Training,14,Training02,TrainingC,1ouhhw,3,continue,,1022.460000000021,1016.679999999993,1022.460000000021,1022.460000000021,1016.679999999993,1022.460000000021,1,1022.460000000021,0,0,,Click To Continue,Continue Button,6,object-272,1i-3,_,15,1i-3_15,4,Training02,06_MOM,ASK,.png,06_MOM_ASK.png,RUSP,WIM,06_MOM_RUSP_WIM.png,,RUSP WIM,26_ERISED_ASK.png,26_ERISED_DOTS.png,RUSP WIM,FICH WUNG,RUSP WIM,FICH WUNG,26_ERISED_FICH_WUNG.png,,FICH WUNG,,,,
51,1712444341182,06/04/2024 22:59:01,1712447941182,1,07/04/2024 00:59:01,139619,19,task-eihb,,36804473,BLIND,10852236,,complete,,6611cf7bf97b450c1d826d3a,computer,Desktop or Laptop,Windows 8.1,Firefox 115.0,1920x1080,1053x917,,,0,1i-3 A Training,4,,,1i-3,,,Pass,,1i-3 A Training,1i-3 A Training,15,Training02,TrainingA,34efq7,1,response,FICH WUNG,2633.320000000007,7016.660000000033,7029.780000000028,2633.320000000007,7016.660000000033,7029.780000000028,1,2633.320000000007,4396.460000000021,0,,Single Text Entry,TextResponseA,4,object-97,1i-3,_,13,1i-3_13,4,Training02,11_RONWAND,ASK,.png,11_RONWAND_ASK.png,FICH,WUNG,11_RONWAND_FICH_WUNG.png,,FICH WUNG,06_MOM_ASK.png,06_MOM_DOTS.png,ZETH WAN,FICH WUNG,FICH WUNG,ZETH WAN,06_MOM_ZETH_WAN.png,ZETH WAN,,,,,
52,1712444356933,06/04/2024 22:59:16,1712447956933,1,07/04/2024 00:59:16,139619,19,task-eihb,,36804473,BLIND,10852236,,complete,,6611cf7bf97b450c1d826d3a,computer,Desktop or Laptop,Windows 8.1,Firefox 115.0,1920x1080,1053x917,,,0,1i-3 A Training,4,,,1i-3,,,Pass,,1i-3 A Training,1i-3 A Training,15,Training02,TrainingB,2yfdu9,2,response,,15764.119999999995,15750,15764.119999999995,15764.119999999995,15750,15764.119999999995,1,15764.119999999995,0,0,,Click Response,Option A,4,object-245,1i-3,_,13,1i-3_13,4,Training02,11_RONWAND,ASK,.png,11_RONWAND_ASK.png,FICH,WUNG,11_RONWAND_FICH_WUNG.png,,FICH WUNG,06_MOM_ASK.png,06_MOM_DOTS.png,ZETH WAN,FICH WUNG,FICH WUNG,ZETH WAN,06_MOM_ZETH_WAN.png,ZETH WAN,,,,,
53,1712444358086,06/04/2024 22:59:18,1712447958086,1,07/04/2024 00:59:18,139619,19,task-eihb,,36804473,BLIND,10852236,,complete,,6611cf7bf97b450c1d826d3a,computer,Desktop or Laptop,Windows 8.1,Firefox 115.0,1920x1080,1053x917,,,0,1i-3 A Training,4,,,1i-3,,,Pass,,1i-3 A Training,1i-3 A Training,15,Training02,TrainingC,1ouhhw,3,continue,,1166.6600000000326,1150,1166.6600000000326,1166.6600000000326,1150,1166.6600000000326,1,1166.6600000000326,0,0,,Click To Continue,Continue Button,6,object-272,1i-3,_,13,1i-3_13,4,Training02,11_RONWAND,ASK,.png,11_RONWAND_ASK.png,FICH,WUNG,11_RONWAND_FICH_WUNG.png,,FICH WUNG,06_MOM_ASK.png,06_MOM_DOTS.png,ZETH WAN,FICH WUNG,FICH WUNG,ZETH WAN,06_MOM_ZETH_WAN.png,ZETH WAN,,,,,
54,1712444364542,06/04/2024 22:59:24,1712447964542,1,07/04/2024 00:59:24,139619,19,task-eihb,,36804473,BLIND,10852236,,complete,,6611cf7bf97b450c1d826d3a,computer,Desktop or Laptop,Windows 8.1,Firefox 115.0,1920x1080,1053x917,,,0,1i-3 A Training,4,,,1i-3,,,Pass,,1i-3 A Training,1i-3 A Training,16,Training02,TrainingA,34efq7,1,response,WOUX WAN,4266.660000000033,6466.660000000033,6473.119999999995,4266.660000000033,6466.660000000033,6473.119999999995,1,4266.660000000033,2206.4599999999627,0,,Single Text Entry,TextResponseA,4,object-97,1i-3,_,16,1i-3_16,4,Training02,42_ENGLAND,ASK,.png,42_ENGLAND_ASK.png,WOUX,WAN,42_ENGLAND_WOUX_WAN.png,,WOUX WAN,41_PIXIE_ASK.png,41_PIXIE_DOTS.png,RUSP WIM,WOUX WAN,WOUX WAN,RUSP WIM,41_PIXIE_RUSP_WIM.png,RUSP WIM,,,,,
55,1712444370574,06/04/2024 22:59:30,1712447970574,1,07/04/2024 00:59:30,139619,19,task-eihb,,36804473,BLIND,10852236,,complete,,6611cf7bf97b450c1d826d3a,computer,Desktop or Laptop,Windows 8.1,Firefox 115.0,1920x1080,1053x917,,,0,1i-3 A Training,4,,,1i-3,,,Pass,,1i-3 A Training,1i-3 A Training,16,Training02,TrainingB,2yfdu9,2,response,,6038.459999999963,6033.339999999967,6038.459999999963,6038.459999999963,6033.339999999967,6038.459999999963,1,6038.459999999963,0,0,,Click Response,Option A,4,object-245,1i-3,_,16,1i-3_16,4,Training02,42_ENGLAND,ASK,.png,42_ENGLAND_ASK.png,WOUX,WAN,42_ENGLAND_WOUX_WAN.png,,WOUX WAN,41_PIXIE_ASK.png,41_PIXIE_DOTS.png,RUSP WIM,WOUX WAN,WOUX WAN,RUSP WIM,41_PIXIE_RUSP_WIM.png,RUSP WIM,,,,,
56,1712444371446,06/04/2024 22:59:31,1712447971446,1,07/04/2024 00:59:31,139619,19,task-eihb,,36804473,BLIND,10852236,,complete,,6611cf7bf97b450c1d826d3a,computer,Desktop or Laptop,Windows 8.1,Firefox 115.0,1920x1080,1053x917,,,0,1i-3 A Training,4,,,1i-3,,,Pass,,1i-3 A Training,1i-3 A Training,16,Training02,TrainingC,1ouhhw,3,continue,,878.1199999999953,866.6600000000326,878.1199999999953,878.1199999999953,866.6600000000326,878.1199999999953,1,878.1199999999953,0,0,,Click To Continue,Continue Button,6,object-272,1i-3,_,16,1i-3_16,4,Training02,42_ENGLAND,ASK,.png,42_ENGLAND_ASK.png,WOUX,WAN,42_ENGLAND_WOUX_WAN.png,,WOUX WAN,41_PIXIE_ASK.png,41_PIXIE_DOTS.png,RUSP WIM,WOUX WAN,WOUX WAN,RUSP WIM,41_PIXIE_RUSP_WIM.png,RUSP WIM,,,,,
57,1712444374678,06/04/2024 22:59:34,1712447974678,1,07/04/2024 00:59:34,139619,19,task-eihb,,36804473,BLIND,10852236,,complete,,6611cf7bf97b450c1d826d3a,computer,Desktop or Laptop,Windows 8.1,Firefox 115.0,1920x1080,1053x917,,,0,1i-3 A Training,4,,,1i-3,,,Pass,,1i-3 A Training,1i-3 A Training,17,Training02,TrainingA,34efq7,1,response,RUSP WIM,1533.3399999999674,3233.3399999999674,3242.4599999999627,1533.3399999999674,3233.3399999999674,3242.4599999999627,1,1533.3399999999674,1709.1199999999953,0,,Single Text Entry,TextResponseA,4,object-97,1i-3,_,19,1i-3_19,5,Training02,41_PIXIE,ASK,.png,41_PIXIE_ASK.png,RUSP,WIM,41_PIXIE_RUSP_WIM.png,,RUSP WIM,35_PROPHET_ASK.png,35_PROPHET_DOTS.png,WOUX WAN,RUSP WIM,RUSP WIM,WOUX WAN,35_PROPHET_WOUX_WAN.png,WOUX WAN,,,,,
58,1712444379990,06/04/2024 22:59:39,1712447979990,1,07/04/2024 00:59:39,139619,19,task-eihb,,36804473,BLIND,10852236,,complete,,6611cf7bf97b450c1d826d3a,computer,Desktop or Laptop,Windows 8.1,Firefox 115.0,1920x1080,1053x917,,,0,1i-3 A Training,4,,,1i-3,,,Pass,,1i-3 A Training,1i-3 A Training,17,Training02,TrainingB,2yfdu9,2,response,,5322.119999999995,5316.660000000033,5322.119999999995,5322.119999999995,5316.660000000033,5322.119999999995,1,5322.119999999995,0,0,,Click Response,Option A,4,object-245,1i-3,_,19,1i-3_19,5,Training02,41_PIXIE,ASK,.png,41_PIXIE_ASK.png,RUSP,WIM,41_PIXIE_RUSP_WIM.png,,RUSP WIM,35_PROPHET_ASK.png,35_PROPHET_DOTS.png,WOUX WAN,RUSP WIM,RUSP WIM,WOUX WAN,35_PROPHET_WOUX_WAN.png,WOUX WAN,,,,,
59,1712444391327,06/04/2024 22:59:51,1712447991327,1,07/04/2024 00:59:51,139619,19,task-eihb,,36804473,BLIND,10852236,,complete,,6611cf7bf97b450c1d826d3a,computer,Desktop or Laptop,Windows 8.1,Firefox 115.0,1920x1080,1053x917,,,0,1i-3 A Training,4,,,1i-3,,,Pass,,1i-3 A Training,1i-3 A Training,17,Training02,TrainingC,1ouhhw,3,continue,,11341.459999999963,11333.339999999967,11341.459999999963,11341.459999999963,11333.339999999967,11341.459999999963,1,11341.459999999963,0,0,,Click To Continue,Continue Button,6,object-272,1i-3,_,19,1i-3_19,5,Training02,41_PIXIE,ASK,.png,41_PIXIE_ASK.png,RUSP,WIM,41_PIXIE_RUSP_WIM.png,,RUSP WIM,35_PROPHET_ASK.png,35_PROPHET_DOTS.png,WOUX WAN,RUSP WIM,RUSP WIM,WOUX WAN,35_PROPHET_WOUX_WAN.png,WOUX WAN,,,,,
60,1712444397422,06/04/2024 22:59:57,1712447997422,1,07/04/2024 00:59:57,139619,19,task-eihb,,36804473,BLIND,10852236,,complete,,6611cf7bf97b450c1d826d3a,computer,Desktop or Laptop,Windows 8.1,Firefox 115.0,1920x1080,1053x917,,,0,1i-3 A Training,4,,,1i-3,,,Pass,,1i-3 A Training,1i-3 A Training,18,Training02,TrainingA,34efq7,1,response,FICH WUNG,1684.6999999999534,6101.359999999986,6104.119999999995,1684.6999999999534,6101.359999999986,6104.119999999995,1,1684.6999999999534,4419.420000000042,0,,Single Text Entry,TextResponseA,4,object-97,1i-3,_,17,1i-3_17,5,Training02,25_PROSECUTE,ASK,.png,25_PROSECUTE_ASK.png,FICH,WUNG,25_PROSECUTE_FICH_WUNG.png,,FICH WUNG,04_WHEEZES_ASK.png,04_WHEEZES_DOTS.png,RUSP WIM,FICH WUNG,FICH WUNG,RUSP WIM,04_WHEEZES_RUSP_WIM.png,RUSP WIM,,,,,
61,1712444407518,06/04/2024 23:00:07,1712448007518,1,07/04/2024 01:00:07,139619,19,task-eihb,,36804473,BLIND,10852236,,complete,,6611cf7bf97b450c1d826d3a,computer,Desktop or Laptop,Windows 8.1,Firefox 115.0,1920x1080,1053x917,,,0,1i-3 A Training,4,,,1i-3,,,Pass,,1i-3 A Training,1i-3 A Training,18,Training02,TrainingB,2yfdu9,2,response,,10097.76000000001,10083.339999999967,10097.76000000001,10097.76000000001,10083.339999999967,10097.76000000001,1,10097.76000000001,0,0,,Click Response,Option A,4,object-245,1i-3,_,17,1i-3_17,5,Training02,25_PROSECUTE,ASK,.png,25_PROSECUTE_ASK.png,FICH,WUNG,25_PROSECUTE_FICH_WUNG.png,,FICH WUNG,04_WHEEZES_ASK.png,04_WHEEZES_DOTS.png,RUSP WIM,FICH WUNG,FICH WUNG,RUSP WIM,04_WHEEZES_RUSP_WIM.png,RUSP WIM,,,,,
62,1712444408270,06/04/2024 23:00:08,1712448008270,1,07/04/2024 01:00:08,139619,19,task-eihb,,36804473,BLIND,10852236,,complete,,6611cf7bf97b450c1d826d3a,computer,Desktop or Laptop,Windows 8.1,Firefox 115.0,1920x1080,1053x917,,,0,1i-3 A Training,4,,,1i-3,,,Pass,,1i-3 A Training,1i-3 A Training,18,Training02,TrainingC,1ouhhw,3,continue,,766.6799999999348,750,766.6799999999348,766.6799999999348,750,766.6799999999348,1,766.6799999999348,0,0,,Click To Continue,Continue Button,6,object-272,1i-3,_,17,1i-3_17,5,Training02,25_PROSECUTE,ASK,.png,25_PROSECUTE_ASK.png,FICH,WUNG,25_PROSECUTE_FICH_WUNG.png,,FICH WUNG,04_WHEEZES_ASK.png,04_WHEEZES_DOTS.png,RUSP WIM,FICH WUNG,FICH WUNG,RUSP WIM,04_WHEEZES_RUSP_WIM.png,RUSP WIM,,,,,
63,1712444414078,06/04/2024 23:00:14,1712448014078,1,07/04/2024 01:00:14,139619,19,task-eihb,,36804473,BLIND,10852236,,complete,,6611cf7bf97b450c1d826d3a,computer,Desktop or Laptop,Windows 8.1,Firefox 115.0,1920x1080,1053x917,,,0,1i-3 A Training,4,,,1i-3,,,Pass,,1i-3 A Training,1i-3 A Training,19,Training02,TrainingA,34efq7,1,response,WOUX WAN,2400,5816.660000000033,5824.420000000042,2400,5816.660000000033,5824.420000000042,1,2400,3424.420000000042,0,,Single Text Entry,TextResponseA,4,object-97,1i-3,_,20,1i-3_20,5,Training02,21_TEACHHOG,ASK,.png,21_TEACHHOG_ASK.png,WOUX,WAN,21_TEACHHOG_WOUX_WAN.png,,WOUX WAN,42_ENGLAND_ASK.png,42_ENGLAND_DOTS.png,WOUX WAN,ZETH WAN,WOUX WAN,ZETH WAN,42_ENGLAND_ZETH_WAN.png,,ZETH WAN,,,,
64,1712444415958,06/04/2024 23:00:15,1712448015958,1,07/04/2024 01:00:15,139619,19,task-eihb,,36804473,BLIND,10852236,,complete,,6611cf7bf97b450c1d826d3a,computer,Desktop or Laptop,Windows 8.1,Firefox 115.0,1920x1080,1053x917,,,0,1i-3 A Training,4,,,1i-3,,,Pass,,1i-3 A Training,1i-3 A Training,19,Training02,TrainingB,2yfdu9,2,response,,1887.7600000000093,1883.3399999999674,1887.7600000000093,1887.7600000000093,1883.3399999999674,1887.7600000000093,1,1887.7600000000093,0,0,,Click Response,Option B,5,object-246,1i-3,_,20,1i-3_20,5,Training02,21_TEACHHOG,ASK,.png,21_TEACHHOG_ASK.png,WOUX,WAN,21_TEACHHOG_WOUX_WAN.png,,WOUX WAN,42_ENGLAND_ASK.png,42_ENGLAND_DOTS.png,WOUX WAN,ZETH WAN,WOUX WAN,ZETH WAN,42_ENGLAND_ZETH_WAN.png,,ZETH WAN,,,,
65,1712444417134,06/04/2024 23:00:17,1712448017134,1,07/04/2024 01:00:17,139619,19,task-eihb,,36804473,BLIND,10852236,,complete,,6611cf7bf97b450c1d826d3a,computer,Desktop or Laptop,Windows 8.1,Firefox 115.0,1920x1080,1053x917,,,0,1i-3 A Training,4,,,1i-3,,,Pass,,1i-3 A Training,1i-3 A Training,19,Training02,TrainingC,1ouhhw,3,continue,,1180.420000000042,1166.6600000000326,1180.420000000042,1180.420000000042,1166.6600000000326,1180.420000000042,1,1180.420000000042,0,0,,Click To Continue,Continue Button,6,object-272,1i-3,_,20,1i-3_20,5,Training02,21_TEACHHOG,ASK,.png,21_TEACHHOG_ASK.png,WOUX,WAN,21_TEACHHOG_WOUX_WAN.png,,WOUX WAN,42_ENGLAND_ASK.png,42_ENGLAND_DOTS.png,WOUX WAN,ZETH WAN,WOUX WAN,ZETH WAN,42_ENGLAND_ZETH_WAN.png,,ZETH WAN,,,,
66,1712444420622,06/04/2024 23:00:20,1712448020622,1,07/04/2024 01:00:20,139619,19,task-eihb,,36804473,BLIND,10852236,,complete,,6611cf7bf97b450c1d826d3a,computer,Desktop or Laptop,Windows 8.1,Firefox 115.0,1920x1080,1053x917,,,0,1i-3 A Training,4,,,1i-3,,,Pass,,1i-3 A Training,1i-3 A Training,20,Training02,TrainingA,34efq7,1,response,ZETH WAN,1550,3500,3502.7600000000093,1550,3500,3502.7600000000093,1,1550,1952.7600000000093,0,,Single Text Entry,TextResponseA,4,object-97,1i-3,_,18,1i-3_18,5,Training02,05_AUROR,ASK,.png,05_AUROR_ASK.png,ZETH,WAN,05_AUROR_ZETH_WAN.png,,ZETH WAN,11_RONWAND_ASK.png,11_RONWAND_DOTS.png,ZETH WAN,FICH WUNG,ZETH WAN,FICH WUNG,11_RONWAND_FICH_WUNG.png,,FICH WUNG,,,,
67,1712444425590,06/04/2024 23:00:25,1712448025590,1,07/04/2024 01:00:25,139619,19,task-eihb,,36804473,BLIND,10852236,,complete,,6611cf7bf97b450c1d826d3a,computer,Desktop or Laptop,Windows 8.1,Firefox 115.0,1920x1080,1053x917,,,0,1i-3 A Training,4,,,1i-3,,,Pass,,1i-3 A Training,1i-3 A Training,20,Training02,TrainingB,2yfdu9,2,response,,4969.760000000009,4966.680000000051,4969.760000000009,4969.760000000009,4966.680000000051,4969.760000000009,1,4969.760000000009,0,0,,Click Response,Option B,5,object-246,1i-3,_,18,1i-3_18,5,Training02,05_AUROR,ASK,.png,05_AUROR_ASK.png,ZETH,WAN,05_AUROR_ZETH_WAN.png,,ZETH WAN,11_RONWAND_ASK.png,11_RONWAND_DOTS.png,ZETH WAN,FICH WUNG,ZETH WAN,FICH WUNG,11_RONWAND_FICH_WUNG.png,,FICH WUNG,,,,
68,1712444426358,06/04/2024 23:00:26,1712448026358,1,07/04/2024 01:00:26,139619,19,task-eihb,,36804473,BLIND,10852236,,complete,,6611cf7bf97b450c1d826d3a,computer,Desktop or Laptop,Windows 8.1,Firefox 115.0,1920x1080,1053x917,,,0,1i-3 A Training,4,,,1i-3,,,Pass,,1i-3 A Training,1i-3 A Training,20,Training02,TrainingC,1ouhhw,3,continue,,771.0799999999581,766.6599999999162,771.0799999999581,771.0799999999581,766.6599999999162,771.0799999999581,1,771.0799999999581,0,0,,Click To Continue,Continue Button,6,object-272,1i-3,_,18,1i-3_18,5,Training02,05_AUROR,ASK,.png,05_AUROR_ASK.png,ZETH,WAN,05_AUROR_ZETH_WAN.png,,ZETH WAN,11_RONWAND_ASK.png,11_RONWAND_DOTS.png,ZETH WAN,FICH WUNG,ZETH WAN,FICH WUNG,11_RONWAND_FICH_WUNG.png,,FICH WUNG,,,,
69,1712444431022,06/04/2024 23:00:31,1712448031022,1,07/04/2024 01:00:31,139619,19,task-eihb,,36804473,BLIND,10852236,,complete,,6611cf7bf97b450c1d826d3a,computer,Desktop or Laptop,Windows 8.1,Firefox 115.0,1920x1080,1053x917,,,0,1i-3 A Training,4,,,1i-3,,,Pass,,1i-3 A Training,1i-3 A Training,21,Training02,TrainingA,34efq7,1,response,RUSP WIM,1900,4666.660000000033,4669.420000000042,1900,4666.660000000033,4669.420000000042,1,1900,2769.420000000042,0,,Single Text Entry,TextResponseA,4,object-97,1i-3,_,23,1i-3_23,6,Training02,20_PULLSWORD,ASK,.png,20_PULLSWORD_ASK.png,RUSP,WIM,20_PULLSWORD_RUSP_WIM.png,,RUSP WIM,28_GALLEONS_ASK.png,28_GALLEONS_DOTS.png,RUSP WIM,ZETH WAN,RUSP WIM,ZETH WAN,28_GALLEONS_ZETH_WAN.png,,ZETH WAN,,,,
70,1712444432622,06/04/2024 23:00:32,1712448032622,1,07/04/2024 01:00:32,139619,19,task-eihb,,36804473,BLIND,10852236,,complete,,6611cf7bf97b450c1d826d3a,computer,Desktop or Laptop,Windows 8.1,Firefox 115.0,1920x1080,1053x917,,,0,1i-3 A Training,4,,,1i-3,,,Pass,,1i-3 A Training,1i-3 A Training,21,Training02,TrainingB,2yfdu9,2,response,,1601.7600000000093,1600,1601.7600000000093,1601.7600000000093,1600,1601.7600000000093,1,1601.7600000000093,0,0,,Click Response,Option B,5,object-246,1i-3,_,23,1i-3_23,6,Training02,20_PULLSWORD,ASK,.png,20_PULLSWORD_ASK.png,RUSP,WIM,20_PULLSWORD_RUSP_WIM.png,,RUSP WIM,28_GALLEONS_ASK.png,28_GALLEONS_DOTS.png,RUSP WIM,ZETH WAN,RUSP WIM,ZETH WAN,28_GALLEONS_ZETH_WAN.png,,ZETH WAN,,,,
71,1712444433246,06/04/2024 23:00:33,1712448033246,1,07/04/2024 01:00:33,139619,19,task-eihb,,36804473,BLIND,10852236,,complete,,6611cf7bf97b450c1d826d3a,computer,Desktop or Laptop,Windows 8.1,Firefox 115.0,1920x1080,1053x917,,,0,1i-3 A Training,4,,,1i-3,,,Pass,,1i-3 A Training,1i-3 A Training,21,Training02,TrainingC,1ouhhw,3,continue,,625.7600000000093,616.6800000000512,625.7600000000093,625.7600000000093,616.6800000000512,625.7600000000093,1,625.7600000000093,0,0,,Click To Continue,Continue Button,6,object-272,1i-3,_,23,1i-3_23,6,Training02,20_PULLSWORD,ASK,.png,20_PULLSWORD_ASK.png,RUSP,WIM,20_PULLSWORD_RUSP_WIM.png,,RUSP WIM,28_GALLEONS_ASK.png,28_GALLEONS_DOTS.png,RUSP WIM,ZETH WAN,RUSP WIM,ZETH WAN,28_GALLEONS_ZETH_WAN.png,,ZETH WAN,,,,
72,1712444436279,06/04/2024 23:00:36,1712448036279,1,07/04/2024 01:00:36,139619,19,task-eihb,,36804473,BLIND,10852236,,complete,,6611cf7bf97b450c1d826d3a,computer,Desktop or Laptop,Windows 8.1,Firefox 115.0,1920x1080,1053x917,,,0,1i-3 A Training,4,,,1i-3,,,Pass,,1i-3 A Training,1i-3 A Training,22,Training02,TrainingA,34efq7,1,response,FICH WUNG,1350,3033.319999999949,3042.079999999958,1350,3033.319999999949,3042.079999999958,1,1350,1692.079999999958,0,,Single Text Entry,TextResponseA,4,object-97,1i-3,_,21,1i-3_21,6,Training02,39_STOPHAGRID,ASK,.png,39_STOPHAGRID_ASK.png,FICH,WUNG,39_STOPHAGRID_FICH_WUNG.png,,FICH WUNG,14_MUNGOS_ASK.png,14_MUNGOS_DOTS.png,WOUX WAN,FICH WUNG,FICH WUNG,WOUX WAN,14_MUNGOS_WOUX_WAN.png,WOUX WAN,,,,,
73,1712444437270,06/04/2024 23:00:37,1712448037270,1,07/04/2024 01:00:37,139619,19,task-eihb,,36804473,BLIND,10852236,,complete,,6611cf7bf97b450c1d826d3a,computer,Desktop or Laptop,Windows 8.1,Firefox 115.0,1920x1080,1053x917,,,0,1i-3 A Training,4,,,1i-3,,,Pass,,1i-3 A Training,1i-3 A Training,22,Training02,TrainingB,2yfdu9,2,response,,999.7600000000093,983.3399999999674,999.7600000000093,999.7600000000093,983.3399999999674,999.7600000000093,1,999.7600000000093,0,0,,Click Response,Option A,4,object-245,1i-3,_,21,1i-3_21,6,Training02,39_STOPHAGRID,ASK,.png,39_STOPHAGRID_ASK.png,FICH,WUNG,39_STOPHAGRID_FICH_WUNG.png,,FICH WUNG,14_MUNGOS_ASK.png,14_MUNGOS_DOTS.png,WOUX WAN,FICH WUNG,FICH WUNG,WOUX WAN,14_MUNGOS_WOUX_WAN.png,WOUX WAN,,,,,
74,1712444437862,06/04/2024 23:00:37,1712448037862,1,07/04/2024 01:00:37,139619,19,task-eihb,,36804473,BLIND,10852236,,complete,,6611cf7bf97b450c1d826d3a,computer,Desktop or Laptop,Windows 8.1,Firefox 115.0,1920x1080,1053x917,,,0,1i-3 A Training,4,,,1i-3,,,Pass,,1i-3 A Training,1i-3 A Training,22,Training02,TrainingC,1ouhhw,3,continue,,608.4200000000419,600,608.4200000000419,608.4200000000419,600,608.4200000000419,1,608.4200000000419,0,0,,Click To Continue,Continue Button,6,object-272,1i-3,_,21,1i-3_21,6,Training02,39_STOPHAGRID,ASK,.png,39_STOPHAGRID_ASK.png,FICH,WUNG,39_STOPHAGRID_FICH_WUNG.png,,FICH WUNG,14_MUNGOS_ASK.png,14_MUNGOS_DOTS.png,WOUX WAN,FICH WUNG,FICH WUNG,WOUX WAN,14_MUNGOS_WOUX_WAN.png,WOUX WAN,,,,,
75,1712444440655,06/04/2024 23:00:40,1712448040655,1,07/04/2024 01:00:40,139619,19,task-eihb,,36804473,BLIND,10852236,,complete,,6611cf7bf97b450c1d826d3a,computer,Desktop or Laptop,Windows 8.1,Firefox 115.0,1920x1080,1053x917,,,0,1i-3 A Training,4,,,1i-3,,,Pass,,1i-3 A Training,1i-3 A Training,23,Training02,TrainingA,34efq7,1,response,WOUX WAN,1183.3400000000838,2783.340000000084,2800.020000000135,1183.3400000000838,2783.340000000084,2800.020000000135,1,1183.3400000000838,1616.6800000000512,0,,Single Text Entry,TextResponseA,4,object-97,1i-3,_,24,1i-3_24,6,Training02,07_AZKABAN,ASK,.png,07_AZKABAN_ASK.png,WOUX,WAN,07_AZKABAN_WOUX_WAN.png,,WOUX WAN,32_QWC_ASK.png,32_QWC_DOTS.png,WOUX WAN,FICH WUNG,WOUX WAN,FICH WUNG,32_QWC_FICH_WUNG.png,,FICH WUNG,,,,
76,1712444448702,06/04/2024 23:00:48,1712448048702,1,07/04/2024 01:00:48,139619,19,task-eihb,,36804473,BLIND,10852236,,complete,,6611cf7bf97b450c1d826d3a,computer,Desktop or Laptop,Windows 8.1,Firefox 115.0,1920x1080,1053x917,,,0,1i-3 A Training,4,,,1i-3,,,Pass,,1i-3 A Training,1i-3 A Training,23,Training02,TrainingB,2yfdu9,2,response,,8065.079999999958,8050.239999999991,8065.079999999958,8065.079999999958,8050.239999999991,8065.079999999958,1,8065.079999999958,0,0,,Click Response,Option A,4,object-245,1i-3,_,24,1i-3_24,6,Training02,07_AZKABAN,ASK,.png,07_AZKABAN_ASK.png,WOUX,WAN,07_AZKABAN_WOUX_WAN.png,,WOUX WAN,32_QWC_ASK.png,32_QWC_DOTS.png,WOUX WAN,FICH WUNG,WOUX WAN,FICH WUNG,32_QWC_FICH_WUNG.png,,FICH WUNG,,,,
77,1712444449798,06/04/2024 23:00:49,1712448049798,1,07/04/2024 01:00:49,139619,19,task-eihb,,36804473,BLIND,10852236,,complete,,6611cf7bf97b450c1d826d3a,computer,Desktop or Laptop,Windows 8.1,Firefox 115.0,1920x1080,1053x917,,,0,1i-3 A Training,4,,,1i-3,,,Pass,,1i-3 A Training,1i-3 A Training,23,Training02,TrainingC,1ouhhw,3,continue,,1111.8399999999674,1100,1111.8399999999674,1111.8399999999674,1100,1111.8399999999674,1,1111.8399999999674,0,0,,Click To Continue,Continue Button,6,object-272,1i-3,_,24,1i-3_24,6,Training02,07_AZKABAN,ASK,.png,07_AZKABAN_ASK.png,WOUX,WAN,07_AZKABAN_WOUX_WAN.png,,WOUX WAN,32_QWC_ASK.png,32_QWC_DOTS.png,WOUX WAN,FICH WUNG,WOUX WAN,FICH WUNG,32_QWC_FICH_WUNG.png,,FICH WUNG,,,,
78,1712444452726,06/04/2024 23:00:52,1712448052726,1,07/04/2024 01:00:52,139619,19,task-eihb,,36804473,BLIND,10852236,,complete,,6611cf7bf97b450c1d826d3a,computer,Desktop or Laptop,Windows 8.1,Firefox 115.0,1920x1080,1053x917,,,0,1i-3 A Training,4,,,1i-3,,,Pass,,1i-3 A Training,1i-3 A Training,24,Training02,TrainingA,34efq7,1,response,ZETH WAN,1216.6599999999162,2933.3399999999674,2938.8399999999674,1216.6599999999162,2933.3399999999674,2938.8399999999674,1,1216.6599999999162,1722.1800000000512,0,,Single Text Entry,TextResponseA,4,object-97,1i-3,_,22,1i-3_22,6,Training02,26_ERISED,ASK,.png,26_ERISED_ASK.png,ZETH,WAN,26_ERISED_ZETH_WAN.png,,ZETH WAN,18_LIVEGODRIC_ASK.png,18_LIVEGODRIC_DOTS.png,RUSP WIM,ZETH WAN,ZETH WAN,RUSP WIM,18_LIVEGODRIC_RUSP_WIM.png,RUSP WIM,,,,,
79,1712444457118,06/04/2024 23:00:57,1712448057118,1,07/04/2024 01:00:57,139619,19,task-eihb,,36804473,BLIND,10852236,,complete,,6611cf7bf97b450c1d826d3a,computer,Desktop or Laptop,Windows 8.1,Firefox 115.0,1920x1080,1053x917,,,0,1i-3 A Training,4,,,1i-3,,,Pass,,1i-3 A Training,1i-3 A Training,24,Training02,TrainingB,2yfdu9,2,response,,4398.5,4383.319999999949,4398.5,4398.5,4383.319999999949,4398.5,1,4398.5,0,0,,Click Response,Option A,4,object-245,1i-3,_,22,1i-3_22,6,Training02,26_ERISED,ASK,.png,26_ERISED_ASK.png,ZETH,WAN,26_ERISED_ZETH_WAN.png,,ZETH WAN,18_LIVEGODRIC_ASK.png,18_LIVEGODRIC_DOTS.png,RUSP WIM,ZETH WAN,ZETH WAN,RUSP WIM,18_LIVEGODRIC_RUSP_WIM.png,RUSP WIM,,,,,
80,1712444457798,06/04/2024 23:00:57,1712448057798,1,07/04/2024 01:00:57,139619,19,task-eihb,,36804473,BLIND,10852236,,complete,,6611cf7bf97b450c1d826d3a,computer,Desktop or Laptop,Windows 8.1,Firefox 115.0,1920x1080,1053x917,,,0,1i-3 A Training,4,,,1i-3,,,Pass,,1i-3 A Training,1i-3 A Training,24,Training02,TrainingC,1ouhhw,3,continue,,693.1800000000512,683.3400000000838,693.1800000000512,693.1800000000512,683.3400000000838,693.1800000000512,1,693.1800000000512,0,0,,Click To Continue,Continue Button,6,object-272,1i-3,_,22,1i-3_22,6,Training02,26_ERISED,ASK,.png,26_ERISED_ASK.png,ZETH,WAN,26_ERISED_ZETH_WAN.png,,ZETH WAN,18_LIVEGODRIC_ASK.png,18_LIVEGODRIC_DOTS.png,RUSP WIM,ZETH WAN,ZETH WAN,RUSP WIM,18_LIVEGODRIC_RUSP_WIM.png,RUSP WIM,,,,,
81,1712444457799,06/04/2024 23:00:57,1712448057799,1,07/04/2024 01:00:57,139619,19,task-eihb,,36804473,BLIND,10852236,,complete,,6611cf7bf97b450c1d826d3a,computer,Desktop or Laptop,Windows 8.1,Firefox 115.0,1920x1080,1053x917,,,0,1i-3 A Training,4,,,1i-3,,,Pass,,1i-3 A Training,1i-3 A Training,,,,,,5,END,,,,,,,0,,,,,,,,,,,,,,,,,,,,,,,,,,,,,,,,,,,,
1,1712451311472,07/04/2024 00:55:11,1712454911472,1,07/04/2024 02:55:11,139619,19,task-eihb,,36805110,BLIND,10852414,,complete,,6611ec247d3e3a9bda520622,computer,Desktop or Laptop,Windows 10,Edge 123.0.0.0,2048x1152,2040x996,,,0,1i-3 A Training,4,,,1i-3,,,Pass,,1i-3 A Training,1i-3 A Training,,,,,,5,BEGIN,,,,,,,0,,,,,,,,,,,,,,,,,,,,,,,,,,,,,,,,,,,,
2,1712451337467,07/04/2024 00:55:37,1712454937467,1,07/04/2024 02:55:37,139619,19,task-eihb,,36805110,BLIND,10852414,,complete,,6611ec247d3e3a9bda520622,computer,Desktop or Laptop,Windows 10,Edge 123.0.0.0,2048x1152,2040x996,,,0,1i-3 A Training,4,,,1i-3,,,Pass,,1i-3 A Training,1i-3 A Training,1,Instructions,Attention Check 5,4xnmv6,1,continue,,25865.19999998808,25861,25865.19999998808,25865.19999998808,25861,25865.19999998808,1,25865.19999998808,0,0,,Click To Continue,Continue Button,4,object-285,,,,,,Instructions,,,,,,,,,,,,,,,,,,,,,,
3,1712451337468,07/04/2024 00:55:37,1712454937468,1,07/04/2024 02:55:37,139619,19,task-eihb,,36805110,BLIND,10852414,,complete,,6611ec247d3e3a9bda520622,computer,Desktop or Laptop,Windows 10,Edge 123.0.0.0,2048x1152,2040x996,,,0,1i-3 A Training,4,,,1i-3,,,Pass,,1i-3 A Training,1i-3 A Training,1,Instructions,Attention Check 5,4xnmv6,1,response,Accio!,24352.7,25861,25866.29999999702,24352.7,25861,25866.29999999702,1,24352.7,1513.599999997019,0,,Dropdown,Dropdown5,3,object-284,,,,,,Instructions,,,,,,,,,,,,,,,,,,,,,,
4,1712451349406,07/04/2024 00:55:49,1712454949406,1,07/04/2024 02:55:49,139619,19,task-eihb,,36805110,BLIND,10852414,,complete,,6611ec247d3e3a9bda520622,computer,Desktop or Laptop,Windows 10,Edge 123.0.0.0,2048x1152,2040x996,,,0,1i-3 A Training,4,,,1i-3,,,Pass,,1i-3 A Training,1i-3 A Training,1,Instructions,Attention Check 6,wf497f,2,continue,,11943.39999999106,11940,11943.39999999106,11943.39999999106,11940,11943.39999999106,1,11943.39999999106,0,0,,Click To Continue,Continue Button,4,object-292,,,,,,Instructions,,,,,,,,,,,,,,,,,,,,,,
5,1712451349407,07/04/2024 00:55:49,1712454949407,1,07/04/2024 02:55:49,139619,19,task-eihb,,36805110,BLIND,10852414,,complete,,6611ec247d3e3a9bda520622,computer,Desktop or Laptop,Windows 10,Edge 123.0.0.0,2048x1152,2040x996,,,0,1i-3 A Training,4,,,1i-3,,,Pass,,1i-3 A Training,1i-3 A Training,1,Instructions,Attention Check 6,wf497f,2,response,The Invisibility Cloak,11001.099999999999,11940,11944.39999999106,11001.099999999999,11940,11944.39999999106,1,11001.099999999999,943.2999999910608,0,,Dropdown,Dropdown6,3,object-291,,,,,,Instructions,,,,,,,,,,,,,,,,,,,,,,
6,1712451353904,07/04/2024 00:55:53,1712454953904,1,07/04/2024 02:55:53,139619,19,task-eihb,,36805110,BLIND,10852414,,complete,,6611ec247d3e3a9bda520622,computer,Desktop or Laptop,Windows 10,Edge 123.0.0.0,2048x1152,2040x996,,,0,1i-3 A Training,4,,,1i-3,,,Pass,,1i-3 A Training,1i-3 A Training,1,Instructions,Screen 22,3y4guk,3,continue,,4501.5,4501,4501.5,4501.5,4501,4501.5,1,4501.5,0,0,,Click To Continue,Continue Button,3,object-297,,,,,,Instructions,,,,,,,,,,,,,,,,,,,,,,
7,1712451383174,07/04/2024 00:56:23,1712454983174,1,07/04/2024 02:56:23,139619,19,task-eihb,,36805110,BLIND,10852414,,complete,,6611ec247d3e3a9bda520622,computer,Desktop or Laptop,Windows 10,Edge 123.0.0.0,2048x1152,2040x996,,,0,1i-3 A Training,4,,,1i-3,,,Pass,,1i-3 A Training,1i-3 A Training,1,Instructions,Instructions 02,q3gk2e,4,continue,,29270.69999998808,29265.5,29270.69999998808,29270.69999998808,29265.5,29270.69999998808,1,29270.69999998808,0,0,,Click To Continue,Continue Button,2,object-75,,,,,,Instructions,,,,,,,,,,,,,,,,,,,,,,
8,1712451387095,07/04/2024 00:56:27,1712454987095,1,07/04/2024 02:56:27,139619,19,task-eihb,,36805110,BLIND,10852414,,complete,,6611ec247d3e3a9bda520622,computer,Desktop or Laptop,Windows 10,Edge 123.0.0.0,2048x1152,2040x996,,,0,1i-3 A Training,4,,,1i-3,,,Pass,,1i-3 A Training,1i-3 A Training,1,Instructions,Instructions 03,gxa3vr,5,continue,,3925.5,3919.5,3925.5,3925.5,3919.5,3925.5,1,3925.5,0,0,,Click To Continue,Continue Button,1,object-165,,,,,,Instructions,,,,,,,,,,,,,,,,,,,,,,
9,1712451398791,07/04/2024 00:56:38,1712454998791,1,07/04/2024 02:56:38,139619,19,task-eihb,,36805110,BLIND,10852414,,complete,,6611ec247d3e3a9bda520622,computer,Desktop or Laptop,Windows 10,Edge 123.0.0.0,2048x1152,2040x996,,,0,1i-3 A Training,4,,,1i-3,,,Pass,,1i-3 A Training,1i-3 A Training,1,Training02,TrainingA,34efq7,1,response,ZETH WAN,6276,11697.699999999997,11702.39999999106,6276,11697.699999999997,11702.39999999106,1,6276,5426.399999991059,0,,Single Text Entry,TextResponseA,4,object-97,1i-3,_,02,1i-3_02,1,Training02,40_BURYSNAPE,ASK,.png,40_BURYSNAPE_ASK.png,ZETH,WAN,40_BURYSNAPE_ZETH_WAN.png,,ZETH WAN,20_PULLSWORD_ASK.png,20_PULLSWORD_DOTS.png,WOUX WAN,ZETH WAN,ZETH WAN,WOUX WAN,20_PULLSWORD_WOUX_WAN.png,WOUX WAN,,,,,
10,1712451410309,07/04/2024 00:56:50,1712455010309,1,07/04/2024 02:56:50,139619,19,task-eihb,,36805110,BLIND,10852414,,complete,,6611ec247d3e3a9bda520622,computer,Desktop or Laptop,Windows 10,Edge 123.0.0.0,2048x1152,2040x996,,,0,1i-3 A Training,4,,,1i-3,,,Pass,,1i-3 A Training,1i-3 A Training,1,Training02,TrainingB,2yfdu9,2,response,,11522.599999997023,11522.100000000006,11522.599999997023,11522.599999997023,11522.100000000006,11522.599999997023,1,11522.599999997023,0,0,,Click Response,Option A,4,object-245,1i-3,_,02,1i-3_02,1,Training02,40_BURYSNAPE,ASK,.png,40_BURYSNAPE_ASK.png,ZETH,WAN,40_BURYSNAPE_ZETH_WAN.png,,ZETH WAN,20_PULLSWORD_ASK.png,20_PULLSWORD_DOTS.png,WOUX WAN,ZETH WAN,ZETH WAN,WOUX WAN,20_PULLSWORD_WOUX_WAN.png,WOUX WAN,,,,,
11,1712451417249,07/04/2024 00:56:57,1712455017249,1,07/04/2024 02:56:57,139619,19,task-eihb,,36805110,BLIND,10852414,,complete,,6611ec247d3e3a9bda520622,computer,Desktop or Laptop,Windows 10,Edge 123.0.0.0,2048x1152,2040x996,,,0,1i-3 A Training,4,,,1i-3,,,Pass,,1i-3 A Training,1i-3 A Training,1,Training02,TrainingC,1ouhhw,3,continue,,6940.099999991056,6936.199999999997,6940.099999991056,6940.099999991056,6936.199999999997,6940.099999991056,1,6940.099999991056,0,0,,Click To Continue,Continue Button,6,object-272,1i-3,_,02,1i-3_02,1,Training02,40_BURYSNAPE,ASK,.png,40_BURYSNAPE_ASK.png,ZETH,WAN,40_BURYSNAPE_ZETH_WAN.png,,ZETH WAN,20_PULLSWORD_ASK.png,20_PULLSWORD_DOTS.png,WOUX WAN,ZETH WAN,ZETH WAN,WOUX WAN,20_PULLSWORD_WOUX_WAN.png,WOUX WAN,,,,,
12,1712451425947,07/04/2024 00:57:05,1712455025947,1,07/04/2024 02:57:05,139619,19,task-eihb,,36805110,BLIND,10852414,,complete,,6611ec247d3e3a9bda520622,computer,Desktop or Laptop,Windows 10,Edge 123.0.0.0,2048x1152,2040x996,,,0,1i-3 A Training,4,,,1i-3,,,Pass,,1i-3 A Training,1i-3 A Training,2,Training02,TrainingA,34efq7,1,response,RUSP WIM,2720,8699.199999999997,8701.89999999106,2720,8699.199999999997,8701.89999999106,1,2720,5981.899999991059,0,,Single Text Entry,TextResponseA,4,object-97,1i-3,_,03,1i-3_03,1,Training02,13_QUIBBLER,ASK,.png,13_QUIBBLER_ASK.png,RUSP,WIM,13_QUIBBLER_RUSP_WIM.png,,RUSP WIM,27_BESTSELLER_ASK.png,27_BESTSELLER_DOTS.png,FICH WUNG,RUSP WIM,RUSP WIM,FICH WUNG,27_BESTSELLER_FICH_WUNG.png,FICH WUNG,,,,,
13,1712451428284,07/04/2024 00:57:08,1712455028284,1,07/04/2024 02:57:08,139619,19,task-eihb,,36805110,BLIND,10852414,,complete,,6611ec247d3e3a9bda520622,computer,Desktop or Laptop,Windows 10,Edge 123.0.0.0,2048x1152,2040x996,,,0,1i-3 A Training,4,,,1i-3,,,Pass,,1i-3 A Training,1i-3 A Training,2,Training02,TrainingB,2yfdu9,2,response,,2339.8999999940424,2338.199999999997,2339.8999999940424,2339.8999999940424,2338.199999999997,2339.8999999940424,1,2339.8999999940424,0,0,,Click Response,Option A,4,object-245,1i-3,_,03,1i-3_03,1,Training02,13_QUIBBLER,ASK,.png,13_QUIBBLER_ASK.png,RUSP,WIM,13_QUIBBLER_RUSP_WIM.png,,RUSP WIM,27_BESTSELLER_ASK.png,27_BESTSELLER_DOTS.png,FICH WUNG,RUSP WIM,RUSP WIM,FICH WUNG,27_BESTSELLER_FICH_WUNG.png,FICH WUNG,,,,,
14,1712451435061,07/04/2024 00:57:15,1712455035061,1,07/04/2024 02:57:15,139619,19,task-eihb,,36805110,BLIND,10852414,,complete,,6611ec247d3e3a9bda520622,computer,Desktop or Laptop,Windows 10,Edge 123.0.0.0,2048x1152,2040x996,,,0,1i-3 A Training,4,,,1i-3,,,Pass,,1i-3 A Training,1i-3 A Training,2,Training02,TrainingC,1ouhhw,3,continue,,6778.700000000012,6772.700000000012,6778.700000000012,6778.700000000012,6772.700000000012,6778.700000000012,1,6778.700000000012,0,0,,Click To Continue,Continue Button,6,object-272,1i-3,_,03,1i-3_03,1,Training02,13_QUIBBLER,ASK,.png,13_QUIBBLER_ASK.png,RUSP,WIM,13_QUIBBLER_RUSP_WIM.png,,RUSP WIM,27_BESTSELLER_ASK.png,27_BESTSELLER_DOTS.png,FICH WUNG,RUSP WIM,RUSP WIM,FICH WUNG,27_BESTSELLER_FICH_WUNG.png,FICH WUNG,,,,,
15,1712451447675,07/04/2024 00:57:27,1712455047675,1,07/04/2024 02:57:27,139619,19,task-eihb,,36805110,BLIND,10852414,,complete,,6611ec247d3e3a9bda520622,computer,Desktop or Laptop,Windows 10,Edge 123.0.0.0,2048x1152,2040x996,,,0,1i-3 A Training,4,,,1i-3,,,Pass,,1i-3 A Training,1i-3 A Training,3,Training02,TrainingA,34efq7,1,response,FICH WUNG,5209.799999999988,12618.600000000006,12620.299999991053,5209.799999999988,12618.600000000006,12620.299999991053,1,5209.799999999988,7410.499999991065,0,,Single Text Entry,TextResponseA,4,object-97,1i-3,_,01,1i-3_01,1,Training02,04_WHEEZES,ASK,.png,04_WHEEZES_ASK.png,FICH,WUNG,04_WHEEZES_FICH_WUNG.png,,FICH WUNG,05_AUROR_ASK.png,05_AUROR_DOTS.png,FICH WUNG,ZETH WAN,FICH WUNG,ZETH WAN,05_AUROR_ZETH_WAN.png,,ZETH WAN,,,,
16,1712451451845,07/04/2024 00:57:31,1712455051845,1,07/04/2024 02:57:31,139619,19,task-eihb,,36805110,BLIND,10852414,,complete,,6611ec247d3e3a9bda520622,computer,Desktop or Laptop,Windows 10,Edge 123.0.0.0,2048x1152,2040x996,,,0,1i-3 A Training,4,,,1i-3,,,Pass,,1i-3 A Training,1i-3 A Training,3,Training02,TrainingB,2yfdu9,2,response,,4171.099999997008,4167.799999999988,4171.099999997008,4171.099999997008,4167.799999999988,4171.099999997008,1,4171.099999997008,0,0,,Click Response,Option B,5,object-246,1i-3,_,01,1i-3_01,1,Training02,04_WHEEZES,ASK,.png,04_WHEEZES_ASK.png,FICH,WUNG,04_WHEEZES_FICH_WUNG.png,,FICH WUNG,05_AUROR_ASK.png,05_AUROR_DOTS.png,FICH WUNG,ZETH WAN,FICH WUNG,ZETH WAN,05_AUROR_ZETH_WAN.png,,ZETH WAN,,,,
17,1712451457683,07/04/2024 00:57:37,1712455057683,1,07/04/2024 02:57:37,139619,19,task-eihb,,36805110,BLIND,10852414,,complete,,6611ec247d3e3a9bda520622,computer,Desktop or Laptop,Windows 10,Edge 123.0.0.0,2048x1152,2040x996,,,0,1i-3 A Training,4,,,1i-3,,,Pass,,1i-3 A Training,1i-3 A Training,3,Training02,TrainingC,1ouhhw,3,continue,,5841.199999988079,5839.799999999988,5841.199999988079,5841.199999988079,5839.799999999988,5841.199999988079,1,5841.199999988079,0,0,,Click To Continue,Continue Button,6,object-272,1i-3,_,01,1i-3_01,1,Training02,04_WHEEZES,ASK,.png,04_WHEEZES_ASK.png,FICH,WUNG,04_WHEEZES_FICH_WUNG.png,,FICH WUNG,05_AUROR_ASK.png,05_AUROR_DOTS.png,FICH WUNG,ZETH WAN,FICH WUNG,ZETH WAN,05_AUROR_ZETH_WAN.png,,ZETH WAN,,,,
18,1712451466204,07/04/2024 00:57:46,1712455066204,1,07/04/2024 02:57:46,139619,19,task-eihb,,36805110,BLIND,10852414,,complete,,6611ec247d3e3a9bda520622,computer,Desktop or Laptop,Windows 10,Edge 123.0.0.0,2048x1152,2040x996,,,0,1i-3 A Training,4,,,1i-3,,,Pass,,1i-3 A Training,1i-3 A Training,4,Training02,TrainingA,34efq7,1,response,WOUX WAN,2835,8517.300000000017,8522.499999997031,2835,8517.300000000017,8522.499999997031,1,2835,5687.499999997031,0,,Single Text Entry,TextResponseA,4,object-97,1i-3,_,04,1i-3_04,1,Training02,35_PROPHET,ASK,.png,35_PROPHET_ASK.png,WOUX,WAN,35_PROPHET_WOUX_WAN.png,,WOUX WAN,40_BURYSNAPE_ASK.png,40_BURYSNAPE_DOTS.png,WOUX WAN,RUSP WIM,WOUX WAN,RUSP WIM,40_BURYSNAPE_RUSP_WIM.png,,RUSP WIM,,,,
19,1712451469359,07/04/2024 00:57:49,1712455069359,1,07/04/2024 02:57:49,139619,19,task-eihb,,36805110,BLIND,10852414,,complete,,6611ec247d3e3a9bda520622,computer,Desktop or Laptop,Windows 10,Edge 123.0.0.0,2048x1152,2040x996,,,0,1i-3 A Training,4,,,1i-3,,,Pass,,1i-3 A Training,1i-3 A Training,4,Training02,TrainingB,2yfdu9,2,response,,3160.0999999880733,3156.1999999999825,3160.0999999880733,3160.0999999880733,3156.1999999999825,3160.0999999880733,1,3160.0999999880733,0,0,,Click Response,Option B,5,object-246,1i-3,_,04,1i-3_04,1,Training02,35_PROPHET,ASK,.png,35_PROPHET_ASK.png,WOUX,WAN,35_PROPHET_WOUX_WAN.png,,WOUX WAN,40_BURYSNAPE_ASK.png,40_BURYSNAPE_DOTS.png,WOUX WAN,RUSP WIM,WOUX WAN,RUSP WIM,40_BURYSNAPE_RUSP_WIM.png,,RUSP WIM,,,,
20,1712451475264,07/04/2024 00:57:55,1712455075264,1,07/04/2024 02:57:55,139619,19,task-eihb,,36805110,BLIND,10852414,,complete,,6611ec247d3e3a9bda520622,computer,Desktop or Laptop,Windows 10,Edge 123.0.0.0,2048x1152,2040x996,,,0,1i-3 A Training,4,,,1i-3,,,Pass,,1i-3 A Training,1i-3 A Training,4,Training02,TrainingC,1ouhhw,3,continue,,5909.499999997031,5906.3000000000175,5909.499999997031,5909.499999997031,5906.3000000000175,5909.499999997031,1,5909.499999997031,0,0,,Click To Continue,Continue Button,6,object-272,1i-3,_,04,1i-3_04,1,Training02,35_PROPHET,ASK,.png,35_PROPHET_ASK.png,WOUX,WAN,35_PROPHET_WOUX_WAN.png,,WOUX WAN,40_BURYSNAPE_ASK.png,40_BURYSNAPE_DOTS.png,WOUX WAN,RUSP WIM,WOUX WAN,RUSP WIM,40_BURYSNAPE_RUSP_WIM.png,,RUSP WIM,,,,
21,1712451483117,07/04/2024 00:58:03,1712455083117,1,07/04/2024 02:58:03,139619,19,task-eihb,,36805110,BLIND,10852414,,complete,,6611ec247d3e3a9bda520622,computer,Desktop or Laptop,Windows 10,Edge 123.0.0.0,2048x1152,2040x996,,,0,1i-3 A Training,4,,,1i-3,,,Pass,,1i-3 A Training,1i-3 A Training,5,Training02,TrainingA,34efq7,1,response,ZETH WAN,3095.600000000006,7851,7856.199999997014,3095.600000000006,7851,7856.199999997014,1,3095.600000000006,4760.599999997008,0,,Single Text Entry,TextResponseA,4,object-97,1i-3,_,06,1i-3_06,2,Training02,12_SKEETER,ASK,.png,12_SKEETER_ASK.png,ZETH,WAN,12_SKEETER_ZETH_WAN.png,,ZETH WAN,12_SKEETER_ASK.png,12_SKEETER_DOTS.png,FICH WUNG,ZETH WAN,ZETH WAN,FICH WUNG,12_SKEETER_FICH_WUNG.png,FICH WUNG,,,,,
22,1712451484846,07/04/2024 00:58:04,1712455084846,1,07/04/2024 02:58:04,139619,19,task-eihb,,36805110,BLIND,10852414,,complete,,6611ec247d3e3a9bda520622,computer,Desktop or Laptop,Windows 10,Edge 123.0.0.0,2048x1152,2040x996,,,0,1i-3 A Training,4,,,1i-3,,,Pass,,1i-3 A Training,1i-3 A Training,5,Training02,TrainingB,2yfdu9,2,response,,1734.3999999999942,1732.6000000000058,1734.3999999999942,1734.3999999999942,1732.6000000000058,1734.3999999999942,1,1734.3999999999942,0,0,,Click Response,Option B,5,object-246,1i-3,_,06,1i-3_06,2,Training02,12_SKEETER,ASK,.png,12_SKEETER_ASK.png,ZETH,WAN,12_SKEETER_ZETH_WAN.png,,ZETH WAN,12_SKEETER_ASK.png,12_SKEETER_DOTS.png,FICH WUNG,ZETH WAN,ZETH WAN,FICH WUNG,12_SKEETER_FICH_WUNG.png,FICH WUNG,,,,,
23,1712451491973,07/04/2024 00:58:11,1712455091973,1,07/04/2024 02:58:11,139619,19,task-eihb,,36805110,BLIND,10852414,,complete,,6611ec247d3e3a9bda520622,computer,Desktop or Laptop,Windows 10,Edge 123.0.0.0,2048x1152,2040x996,,,0,1i-3 A Training,4,,,1i-3,,,Pass,,1i-3 A Training,1i-3 A Training,5,Training02,TrainingC,1ouhhw,3,continue,,7128.499999988067,7124,7128.499999988067,7128.499999988067,7124,7128.499999988067,1,7128.499999988067,0,0,,Click To Continue,Continue Button,6,object-272,1i-3,_,06,1i-3_06,2,Training02,12_SKEETER,ASK,.png,12_SKEETER_ASK.png,ZETH,WAN,12_SKEETER_ZETH_WAN.png,,ZETH WAN,12_SKEETER_ASK.png,12_SKEETER_DOTS.png,FICH WUNG,ZETH WAN,ZETH WAN,FICH WUNG,12_SKEETER_FICH_WUNG.png,FICH WUNG,,,,,
24,1712451498954,07/04/2024 00:58:18,1712455098954,1,07/04/2024 02:58:18,139619,19,task-eihb,,36805110,BLIND,10852414,,complete,,6611ec247d3e3a9bda520622,computer,Desktop or Laptop,Windows 10,Edge 123.0.0.0,2048x1152,2040x996,,,0,1i-3 A Training,4,,,1i-3,,,Pass,,1i-3 A Training,1i-3 A Training,6,Training02,TrainingA,34efq7,1,response,WOUX WAN,2532.1999999999825,6978.6999999999825,6984.799999999988,2532.1999999999825,6978.6999999999825,6984.799999999988,1,2532.1999999999825,4452.600000000006,0,,Single Text Entry,TextResponseA,4,object-97,1i-3,_,08,1i-3_08,2,Training02,28_GALLEONS,ASK,.png,28_GALLEONS_ASK.png,WOUX,WAN,28_GALLEONS_WOUX_WAN.png,,WOUX WAN,39_STOPHAGRID_ASK.png,39_STOPHAGRID_DOTS.png,ZETH WAN,WOUX WAN,WOUX WAN,ZETH WAN,39_STOPHAGRID_ZETH_WAN.png,ZETH WAN,,,,,
25,1712451502054,07/04/2024 00:58:22,1712455102054,1,07/04/2024 02:58:22,139619,19,task-eihb,,36805110,BLIND,10852414,,complete,,6611ec247d3e3a9bda520622,computer,Desktop or Laptop,Windows 10,Edge 123.0.0.0,2048x1152,2040x996,,,0,1i-3 A Training,4,,,1i-3,,,Pass,,1i-3 A Training,1i-3 A Training,6,Training02,TrainingB,2yfdu9,2,response,,3107.100000000006,3101.600000000006,3107.100000000006,3107.100000000006,3101.600000000006,3107.100000000006,1,3107.100000000006,0,0,,Click Response,Option A,4,object-245,1i-3,_,08,1i-3_08,2,Training02,28_GALLEONS,ASK,.png,28_GALLEONS_ASK.png,WOUX,WAN,28_GALLEONS_WOUX_WAN.png,,WOUX WAN,39_STOPHAGRID_ASK.png,39_STOPHAGRID_DOTS.png,ZETH WAN,WOUX WAN,WOUX WAN,ZETH WAN,39_STOPHAGRID_ZETH_WAN.png,ZETH WAN,,,,,
26,1712451507657,07/04/2024 00:58:27,1712455107657,1,07/04/2024 02:58:27,139619,19,task-eihb,,36805110,BLIND,10852414,,complete,,6611ec247d3e3a9bda520622,computer,Desktop or Laptop,Windows 10,Edge 123.0.0.0,2048x1152,2040x996,,,0,1i-3 A Training,4,,,1i-3,,,Pass,,1i-3 A Training,1i-3 A Training,6,Training02,TrainingC,1ouhhw,3,continue,,5608.0999999940395,5603.600000000006,5608.0999999940395,5608.0999999940395,5603.600000000006,5608.0999999940395,1,5608.0999999940395,0,0,,Click To Continue,Continue Button,6,object-272,1i-3,_,08,1i-3_08,2,Training02,28_GALLEONS,ASK,.png,28_GALLEONS_ASK.png,WOUX,WAN,28_GALLEONS_WOUX_WAN.png,,WOUX WAN,39_STOPHAGRID_ASK.png,39_STOPHAGRID_DOTS.png,ZETH WAN,WOUX WAN,WOUX WAN,ZETH WAN,39_STOPHAGRID_ZETH_WAN.png,ZETH WAN,,,,,
27,1712451515701,07/04/2024 00:58:35,1712455115701,1,07/04/2024 02:58:35,139619,19,task-eihb,,36805110,BLIND,10852414,,complete,,6611ec247d3e3a9bda520622,computer,Desktop or Laptop,Windows 10,Edge 123.0.0.0,2048x1152,2040x996,,,0,1i-3 A Training,4,,,1i-3,,,Pass,,1i-3 A Training,1i-3 A Training,7,Training02,TrainingA,34efq7,1,response,FICH WUNG,2647.1999999999825,8044.799999999988,8049.199999997014,2647.1999999999825,8044.799999999988,8049.199999997014,1,2647.1999999999825,5401.999999997031,0,,Single Text Entry,TextResponseA,4,object-97,1i-3,_,05,1i-3_05,2,Training02,18_LIVEGODRIC,ASK,.png,18_LIVEGODRIC_ASK.png,FICH,WUNG,18_LIVEGODRIC_FICH_WUNG.png,,FICH WUNG,07_AZKABAN_ASK.png,07_AZKABAN_DOTS.png,FICH WUNG,RUSP WIM,FICH WUNG,RUSP WIM,07_AZKABAN_RUSP_WIM.png,,RUSP WIM,,,,
28,1712451518160,07/04/2024 00:58:38,1712455118160,1,07/04/2024 02:58:38,139619,19,task-eihb,,36805110,BLIND,10852414,,complete,,6611ec247d3e3a9bda520622,computer,Desktop or Laptop,Windows 10,Edge 123.0.0.0,2048x1152,2040x996,,,0,1i-3 A Training,4,,,1i-3,,,Pass,,1i-3 A Training,1i-3 A Training,7,Training02,TrainingB,2yfdu9,2,response,,2462.999999991065,2459.5,2462.999999991065,2462.999999991065,2459.5,2462.999999991065,1,2462.999999991065,0,0,,Click Response,Option B,5,object-246,1i-3,_,05,1i-3_05,2,Training02,18_LIVEGODRIC,ASK,.png,18_LIVEGODRIC_ASK.png,FICH,WUNG,18_LIVEGODRIC_FICH_WUNG.png,,FICH WUNG,07_AZKABAN_ASK.png,07_AZKABAN_DOTS.png,FICH WUNG,RUSP WIM,FICH WUNG,RUSP WIM,07_AZKABAN_RUSP_WIM.png,,RUSP WIM,,,,
29,1712451523377,07/04/2024 00:58:43,1712455123377,1,07/04/2024 02:58:43,139619,19,task-eihb,,36805110,BLIND,10852414,,complete,,6611ec247d3e3a9bda520622,computer,Desktop or Laptop,Windows 10,Edge 123.0.0.0,2048x1152,2040x996,,,0,1i-3 A Training,4,,,1i-3,,,Pass,,1i-3 A Training,1i-3 A Training,7,Training02,TrainingC,1ouhhw,3,continue,,5220.199999994045,5215.8000000000175,5220.199999994045,5220.199999994045,5215.8000000000175,5220.199999994045,1,5220.199999994045,0,0,,Click To Continue,Continue Button,6,object-272,1i-3,_,05,1i-3_05,2,Training02,18_LIVEGODRIC,ASK,.png,18_LIVEGODRIC_ASK.png,FICH,WUNG,18_LIVEGODRIC_FICH_WUNG.png,,FICH WUNG,07_AZKABAN_ASK.png,07_AZKABAN_DOTS.png,FICH WUNG,RUSP WIM,FICH WUNG,RUSP WIM,07_AZKABAN_RUSP_WIM.png,,RUSP WIM,,,,
30,1712451532656,07/04/2024 00:58:52,1712455132656,1,07/04/2024 02:58:52,139619,19,task-eihb,,36805110,BLIND,10852414,,complete,,6611ec247d3e3a9bda520622,computer,Desktop or Laptop,Windows 10,Edge 123.0.0.0,2048x1152,2040x996,,,0,1i-3 A Training,4,,,1i-3,,,Pass,,1i-3 A Training,1i-3 A Training,8,Training02,TrainingA,34efq7,1,response,RUSP WIM,3452.899999999994,9280.599999999977,9283.699999991048,3452.899999999994,9280.599999999977,9283.699999991048,1,3452.899999999994,5830.7999999910535,0,,Single Text Entry,TextResponseA,4,object-97,1i-3,_,07,1i-3_07,2,Training02,34_FANLETTERS,ASK,.png,34_FANLETTERS_ASK.png,RUSP,WIM,34_FANLETTERS_RUSP_WIM.png,,RUSP WIM,34_FANLETTERS_ASK.png,34_FANLETTERS_DOTS.png,RUSP WIM,WOUX WAN,RUSP WIM,WOUX WAN,34_FANLETTERS_WOUX_WAN.png,,WOUX WAN,,,,
31,1712451536003,07/04/2024 00:58:56,1712455136003,1,07/04/2024 02:58:56,139619,19,task-eihb,,36805110,BLIND,10852414,,complete,,6611ec247d3e3a9bda520622,computer,Desktop or Laptop,Windows 10,Edge 123.0.0.0,2048x1152,2040x996,,,0,1i-3 A Training,4,,,1i-3,,,Pass,,1i-3 A Training,1i-3 A Training,8,Training02,TrainingB,2yfdu9,2,response,,3349.8999999880907,3343.9000000000233,3349.8999999880907,3349.8999999880907,3343.9000000000233,3349.8999999880907,1,3349.8999999880907,0,0,,Click Response,Option A,4,object-245,1i-3,_,07,1i-3_07,2,Training02,34_FANLETTERS,ASK,.png,34_FANLETTERS_ASK.png,RUSP,WIM,34_FANLETTERS_RUSP_WIM.png,,RUSP WIM,34_FANLETTERS_ASK.png,34_FANLETTERS_DOTS.png,RUSP WIM,WOUX WAN,RUSP WIM,WOUX WAN,34_FANLETTERS_WOUX_WAN.png,,WOUX WAN,,,,
32,1712451541051,07/04/2024 00:59:01,1712455141051,1,07/04/2024 02:59:01,139619,19,task-eihb,,36805110,BLIND,10852414,,complete,,6611ec247d3e3a9bda520622,computer,Desktop or Laptop,Windows 10,Edge 123.0.0.0,2048x1152,2040x996,,,0,1i-3 A Training,4,,,1i-3,,,Pass,,1i-3 A Training,1i-3 A Training,8,Training02,TrainingC,1ouhhw,3,continue,,5054.599999997008,5052.299999999988,5054.599999997008,5054.599999997008,5052.299999999988,5054.599999997008,1,5054.599999997008,0,0,,Click To Continue,Continue Button,6,object-272,1i-3,_,07,1i-3_07,2,Training02,34_FANLETTERS,ASK,.png,34_FANLETTERS_ASK.png,RUSP,WIM,34_FANLETTERS_RUSP_WIM.png,,RUSP WIM,34_FANLETTERS_ASK.png,34_FANLETTERS_DOTS.png,RUSP WIM,WOUX WAN,RUSP WIM,WOUX WAN,34_FANLETTERS_WOUX_WAN.png,,WOUX WAN,,,,
33,1712451549132,07/04/2024 00:59:09,1712455149132,1,07/04/2024 02:59:09,139619,19,task-eihb,,36805110,BLIND,10852414,,complete,,6611ec247d3e3a9bda520622,computer,Desktop or Laptop,Windows 10,Edge 123.0.0.0,2048x1152,2040x996,,,0,1i-3 A Training,4,,,1i-3,,,Pass,,1i-3 A Training,1i-3 A Training,9,Training02,TrainingA,34efq7,1,response,RUSP WIM,2544.2999999999884,8081.200000000012,8082.5999999940395,2544.2999999999884,8081.200000000012,8082.5999999940395,1,2544.2999999999884,5538.299999994051,0,,Single Text Entry,TextResponseA,4,object-97,1i-3,_,11,1i-3_11,3,Training02,27_BESTSELLER,ASK,.png,27_BESTSELLER_ASK.png,RUSP,WIM,27_BESTSELLER_RUSP_WIM.png,,RUSP WIM,25_PROSECUTE_ASK.png,25_PROSECUTE_DOTS.png,ZETH WAN,RUSP WIM,RUSP WIM,ZETH WAN,25_PROSECUTE_ZETH_WAN.png,ZETH WAN,,,,,
34,1712451551787,07/04/2024 00:59:11,1712455151787,1,07/04/2024 02:59:11,139619,19,task-eihb,,36805110,BLIND,10852414,,complete,,6611ec247d3e3a9bda520622,computer,Desktop or Laptop,Windows 10,Edge 123.0.0.0,2048x1152,2040x996,,,0,1i-3 A Training,4,,,1i-3,,,Pass,,1i-3 A Training,1i-3 A Training,9,Training02,TrainingB,2yfdu9,2,response,,2656.4999999880674,2653.5,2656.4999999880674,2656.4999999880674,2653.5,2656.4999999880674,1,2656.4999999880674,0,0,,Click Response,Option A,4,object-245,1i-3,_,11,1i-3_11,3,Training02,27_BESTSELLER,ASK,.png,27_BESTSELLER_ASK.png,RUSP,WIM,27_BESTSELLER_RUSP_WIM.png,,RUSP WIM,25_PROSECUTE_ASK.png,25_PROSECUTE_DOTS.png,ZETH WAN,RUSP WIM,RUSP WIM,ZETH WAN,25_PROSECUTE_ZETH_WAN.png,ZETH WAN,,,,,
35,1712451557768,07/04/2024 00:59:17,1712455157768,1,07/04/2024 02:59:17,139619,19,task-eihb,,36805110,BLIND,10852414,,complete,,6611ec247d3e3a9bda520622,computer,Desktop or Laptop,Windows 10,Edge 123.0.0.0,2048x1152,2040x996,,,0,1i-3 A Training,4,,,1i-3,,,Pass,,1i-3 A Training,1i-3 A Training,9,Training02,TrainingC,1ouhhw,3,continue,,5984.499999988067,5979.399999999994,5984.499999988067,5984.499999988067,5979.399999999994,5984.499999988067,1,5984.499999988067,0,0,,Click To Continue,Continue Button,6,object-272,1i-3,_,11,1i-3_11,3,Training02,27_BESTSELLER,ASK,.png,27_BESTSELLER_ASK.png,RUSP,WIM,27_BESTSELLER_RUSP_WIM.png,,RUSP WIM,25_PROSECUTE_ASK.png,25_PROSECUTE_DOTS.png,ZETH WAN,RUSP WIM,RUSP WIM,ZETH WAN,25_PROSECUTE_ZETH_WAN.png,ZETH WAN,,,,,
36,1712451565025,07/04/2024 00:59:25,1712455165025,1,07/04/2024 02:59:25,139619,19,task-eihb,,36805110,BLIND,10852414,,complete,,6611ec247d3e3a9bda520622,computer,Desktop or Laptop,Windows 10,Edge 123.0.0.0,2048x1152,2040x996,,,0,1i-3 A Training,4,,,1i-3,,,Pass,,1i-3 A Training,1i-3 A Training,10,Training02,TrainingA,34efq7,1,response,ZETH WAN,2895.100000000006,7256.799999999988,7261.599999988073,2895.100000000006,7256.799999999988,7261.599999988073,1,2895.100000000006,4366.499999988067,0,,Single Text Entry,TextResponseA,4,object-97,1i-3,_,10,1i-3_10,3,Training02,19_BURYVOLDY,ASK,.png,19_BURYVOLDY_ASK.png,ZETH,WAN,19_BURYVOLDY_ZETH_WAN.png,,ZETH WAN,21_TEACHHOG_ASK.png,21_TEACHHOG_DOTS.png,ZETH WAN,RUSP WIM,ZETH WAN,RUSP WIM,21_TEACHHOG_RUSP_WIM.png,,RUSP WIM,,,,
37,1712451566528,07/04/2024 00:59:26,1712455166528,1,07/04/2024 02:59:26,139619,19,task-eihb,,36805110,BLIND,10852414,,complete,,6611ec247d3e3a9bda520622,computer,Desktop or Laptop,Windows 10,Edge 123.0.0.0,2048x1152,2040x996,,,0,1i-3 A Training,4,,,1i-3,,,Pass,,1i-3 A Training,1i-3 A Training,10,Training02,TrainingB,2yfdu9,2,response,,1507.1000000000058,1502.3999999999942,1507.1000000000058,1507.1000000000058,1502.3999999999942,1507.1000000000058,1,1507.1000000000058,0,0,,Click Response,Option B,5,object-246,1i-3,_,10,1i-3_10,3,Training02,19_BURYVOLDY,ASK,.png,19_BURYVOLDY_ASK.png,ZETH,WAN,19_BURYVOLDY_ZETH_WAN.png,,ZETH WAN,21_TEACHHOG_ASK.png,21_TEACHHOG_DOTS.png,ZETH WAN,RUSP WIM,ZETH WAN,RUSP WIM,21_TEACHHOG_RUSP_WIM.png,,RUSP WIM,,,,
38,1712451574819,07/04/2024 00:59:34,1712455174819,1,07/04/2024 02:59:34,139619,19,task-eihb,,36805110,BLIND,10852414,,complete,,6611ec247d3e3a9bda520622,computer,Desktop or Laptop,Windows 10,Edge 123.0.0.0,2048x1152,2040x996,,,0,1i-3 A Training,4,,,1i-3,,,Pass,,1i-3 A Training,1i-3 A Training,10,Training02,TrainingC,1ouhhw,3,continue,,8296.499999997031,8293.200000000012,8296.499999997031,8296.499999997031,8293.200000000012,8296.499999997031,1,8296.499999997031,0,0,,Click To Continue,Continue Button,6,object-272,1i-3,_,10,1i-3_10,3,Training02,19_BURYVOLDY,ASK,.png,19_BURYVOLDY_ASK.png,ZETH,WAN,19_BURYVOLDY_ZETH_WAN.png,,ZETH WAN,21_TEACHHOG_ASK.png,21_TEACHHOG_DOTS.png,ZETH WAN,RUSP WIM,ZETH WAN,RUSP WIM,21_TEACHHOG_RUSP_WIM.png,,RUSP WIM,,,,
39,1712451582409,07/04/2024 00:59:42,1712455182409,1,07/04/2024 02:59:42,139619,19,task-eihb,,36805110,BLIND,10852414,,complete,,6611ec247d3e3a9bda520622,computer,Desktop or Laptop,Windows 10,Edge 123.0.0.0,2048x1152,2040x996,,,0,1i-3 A Training,4,,,1i-3,,,Pass,,1i-3 A Training,1i-3 A Training,11,Training02,TrainingA,34efq7,1,response,WOUX WAN,2744.2000000000116,7590.5,7592.699999988079,2744.2000000000116,7590.5,7592.699999988079,1,2744.2000000000116,4848.499999988067,0,,Single Text Entry,TextResponseA,4,object-97,1i-3,_,12,1i-3_12,3,Training02,14_MUNGOS,ASK,.png,14_MUNGOS_ASK.png,WOUX,WAN,14_MUNGOS_WOUX_WAN.png,,WOUX WAN,33_ROR_ASK.png,33_ROR_DOTS.png,FICH WUNG,WOUX WAN,WOUX WAN,FICH WUNG,33_ROR_FICH_WUNG.png,FICH WUNG,,,,,
40,1712451584631,07/04/2024 00:59:44,1712455184631,1,07/04/2024 02:59:44,139619,19,task-eihb,,36805110,BLIND,10852414,,complete,,6611ec247d3e3a9bda520622,computer,Desktop or Laptop,Windows 10,Edge 123.0.0.0,2048x1152,2040x996,,,0,1i-3 A Training,4,,,1i-3,,,Pass,,1i-3 A Training,1i-3 A Training,11,Training02,TrainingB,2yfdu9,2,response,,2224.3999999910593,2223.2999999999884,2224.3999999910593,2224.3999999910593,2223.2999999999884,2224.3999999910593,1,2224.3999999910593,0,0,,Click Response,Option A,4,object-245,1i-3,_,12,1i-3_12,3,Training02,14_MUNGOS,ASK,.png,14_MUNGOS_ASK.png,WOUX,WAN,14_MUNGOS_WOUX_WAN.png,,WOUX WAN,33_ROR_ASK.png,33_ROR_DOTS.png,FICH WUNG,WOUX WAN,WOUX WAN,FICH WUNG,33_ROR_FICH_WUNG.png,FICH WUNG,,,,,
41,1712451592721,07/04/2024 00:59:52,1712455192721,1,07/04/2024 02:59:52,139619,19,task-eihb,,36805110,BLIND,10852414,,complete,,6611ec247d3e3a9bda520622,computer,Desktop or Laptop,Windows 10,Edge 123.0.0.0,2048x1152,2040x996,,,0,1i-3 A Training,4,,,1i-3,,,Pass,,1i-3 A Training,1i-3 A Training,11,Training02,TrainingC,1ouhhw,3,continue,,8090.899999988091,8087.200000000012,8090.899999988091,8090.899999988091,8087.200000000012,8090.899999988091,1,8090.899999988091,0,0,,Click To Continue,Continue Button,6,object-272,1i-3,_,12,1i-3_12,3,Training02,14_MUNGOS,ASK,.png,14_MUNGOS_ASK.png,WOUX,WAN,14_MUNGOS_WOUX_WAN.png,,WOUX WAN,33_ROR_ASK.png,33_ROR_DOTS.png,FICH WUNG,WOUX WAN,WOUX WAN,FICH WUNG,33_ROR_FICH_WUNG.png,FICH WUNG,,,,,
42,1712451600796,07/04/2024 01:00:00,1712455200796,1,07/04/2024 03:00:00,139619,19,task-eihb,,36805110,BLIND,10852414,,complete,,6611ec247d3e3a9bda520622,computer,Desktop or Laptop,Windows 10,Edge 123.0.0.0,2048x1152,2040x996,,,0,1i-3 A Training,4,,,1i-3,,,Pass,,1i-3 A Training,1i-3 A Training,12,Training02,TrainingA,34efq7,1,response,FICH WUNG,2283.7999999999884,8075.099999999977,8079,2283.7999999999884,8075.099999999977,8079,1,2283.7999999999884,5795.200000000012,0,,Single Text Entry,TextResponseA,4,object-97,1i-3,_,09,1i-3_09,3,Training02,32_QWC,ASK,.png,32_QWC_ASK.png,FICH,WUNG,32_QWC_FICH_WUNG.png,,FICH WUNG,13_QUIBBLER_ASK.png,13_QUIBBLER_DOTS.png,FICH WUNG,WOUX WAN,FICH WUNG,WOUX WAN,13_QUIBBLER_WOUX_WAN.png,,WOUX WAN,,,,
43,1712451603199,07/04/2024 01:00:03,1712455203199,1,07/04/2024 03:00:03,139619,19,task-eihb,,36805110,BLIND,10852414,,complete,,6611ec247d3e3a9bda520622,computer,Desktop or Laptop,Windows 10,Edge 123.0.0.0,2048x1152,2040x996,,,0,1i-3 A Training,4,,,1i-3,,,Pass,,1i-3 A Training,1i-3 A Training,12,Training02,TrainingB,2yfdu9,2,response,,2406.699999997043,2405,2406.699999997043,2406.699999997043,2405,2406.699999997043,1,2406.699999997043,0,0,,Click Response,Option B,5,object-246,1i-3,_,09,1i-3_09,3,Training02,32_QWC,ASK,.png,32_QWC_ASK.png,FICH,WUNG,32_QWC_FICH_WUNG.png,,FICH WUNG,13_QUIBBLER_ASK.png,13_QUIBBLER_DOTS.png,FICH WUNG,WOUX WAN,FICH WUNG,WOUX WAN,13_QUIBBLER_WOUX_WAN.png,,WOUX WAN,,,,
44,1712451608556,07/04/2024 01:00:08,1712455208556,1,07/04/2024 03:00:08,139619,19,task-eihb,,36805110,BLIND,10852414,,complete,,6611ec247d3e3a9bda520622,computer,Desktop or Laptop,Windows 10,Edge 123.0.0.0,2048x1152,2040x996,,,0,1i-3 A Training,4,,,1i-3,,,Pass,,1i-3 A Training,1i-3 A Training,12,Training02,TrainingC,1ouhhw,3,continue,,5358.400000000023,5355.100000000035,5358.400000000023,5358.400000000023,5355.100000000035,5358.400000000023,1,5358.400000000023,0,0,,Click To Continue,Continue Button,6,object-272,1i-3,_,09,1i-3_09,3,Training02,32_QWC,ASK,.png,32_QWC_ASK.png,FICH,WUNG,32_QWC_FICH_WUNG.png,,FICH WUNG,13_QUIBBLER_ASK.png,13_QUIBBLER_DOTS.png,FICH WUNG,WOUX WAN,FICH WUNG,WOUX WAN,13_QUIBBLER_WOUX_WAN.png,,WOUX WAN,,,,
45,1712451615386,07/04/2024 01:00:15,1712455215386,1,07/04/2024 03:00:15,139619,19,task-eihb,,36805110,BLIND,10852414,,complete,,6611ec247d3e3a9bda520622,computer,Desktop or Laptop,Windows 10,Edge 123.0.0.0,2048x1152,2040x996,,,0,1i-3 A Training,4,,,1i-3,,,Pass,,1i-3 A Training,1i-3 A Training,13,Training02,TrainingA,34efq7,1,response,FICH WUNG,2217.2000000000116,6833.299999999988,6834.199999991048,2217.2000000000116,6833.299999999988,6834.199999991048,1,2217.2000000000116,4616.999999991036,0,,Single Text Entry,TextResponseA,4,object-97,1i-3,_,13,1i-3_13,4,Training02,11_RONWAND,ASK,.png,11_RONWAND_ASK.png,FICH,WUNG,11_RONWAND_FICH_WUNG.png,,FICH WUNG,06_MOM_ASK.png,06_MOM_DOTS.png,ZETH WAN,FICH WUNG,FICH WUNG,ZETH WAN,06_MOM_ZETH_WAN.png,ZETH WAN,,,,,
46,1712451618006,07/04/2024 01:00:18,1712455218006,1,07/04/2024 03:00:18,139619,19,task-eihb,,36805110,BLIND,10852414,,complete,,6611ec247d3e3a9bda520622,computer,Desktop or Laptop,Windows 10,Edge 123.0.0.0,2048x1152,2040x996,,,0,1i-3 A Training,4,,,1i-3,,,Pass,,1i-3 A Training,1i-3 A Training,13,Training02,TrainingB,2yfdu9,2,response,,2620.199999988079,2616.9000000000233,2620.199999988079,2620.199999988079,2616.9000000000233,2620.199999988079,1,2620.199999988079,0,0,,Click Response,Option A,4,object-245,1i-3,_,13,1i-3_13,4,Training02,11_RONWAND,ASK,.png,11_RONWAND_ASK.png,FICH,WUNG,11_RONWAND_FICH_WUNG.png,,FICH WUNG,06_MOM_ASK.png,06_MOM_DOTS.png,ZETH WAN,FICH WUNG,FICH WUNG,ZETH WAN,06_MOM_ZETH_WAN.png,ZETH WAN,,,,,
47,1712451622735,07/04/2024 01:00:22,1712455222735,1,07/04/2024 03:00:22,139619,19,task-eihb,,36805110,BLIND,10852414,,complete,,6611ec247d3e3a9bda520622,computer,Desktop or Laptop,Windows 10,Edge 123.0.0.0,2048x1152,2040x996,,,0,1i-3 A Training,4,,,1i-3,,,Pass,,1i-3 A Training,1i-3 A Training,13,Training02,TrainingC,1ouhhw,3,continue,,4732.299999988056,4731.199999999953,4732.299999988056,4732.299999988056,4731.199999999953,4732.299999988056,1,4732.299999988056,0,0,,Click To Continue,Continue Button,6,object-272,1i-3,_,13,1i-3_13,4,Training02,11_RONWAND,ASK,.png,11_RONWAND_ASK.png,FICH,WUNG,11_RONWAND_FICH_WUNG.png,,FICH WUNG,06_MOM_ASK.png,06_MOM_DOTS.png,ZETH WAN,FICH WUNG,FICH WUNG,ZETH WAN,06_MOM_ZETH_WAN.png,ZETH WAN,,,,,
48,1712451629018,07/04/2024 01:00:29,1712455229018,1,07/04/2024 03:00:29,139619,19,task-eihb,,36805110,BLIND,10852414,,complete,,6611ec247d3e3a9bda520622,computer,Desktop or Laptop,Windows 10,Edge 123.0.0.0,2048x1152,2040x996,,,0,1i-3 A Training,4,,,1i-3,,,Pass,,1i-3 A Training,1i-3 A Training,14,Training02,TrainingA,34efq7,1,response,WOUX WAN,1926.4000000000233,6282,6285.199999997043,1926.4000000000233,6282,6285.199999997043,1,1926.4000000000233,4358.79999999702,0,,Single Text Entry,TextResponseA,4,object-97,1i-3,_,16,1i-3_16,4,Training02,42_ENGLAND,ASK,.png,42_ENGLAND_ASK.png,WOUX,WAN,42_ENGLAND_WOUX_WAN.png,,WOUX WAN,41_PIXIE_ASK.png,41_PIXIE_DOTS.png,RUSP WIM,WOUX WAN,WOUX WAN,RUSP WIM,41_PIXIE_RUSP_WIM.png,RUSP WIM,,,,,
49,1712451630917,07/04/2024 01:00:30,1712455230917,1,07/04/2024 03:00:30,139619,19,task-eihb,,36805110,BLIND,10852414,,complete,,6611ec247d3e3a9bda520622,computer,Desktop or Laptop,Windows 10,Edge 123.0.0.0,2048x1152,2040x996,,,0,1i-3 A Training,4,,,1i-3,,,Pass,,1i-3 A Training,1i-3 A Training,14,Training02,TrainingB,2yfdu9,2,response,,1902.199999997043,1896.2000000000116,1902.199999997043,1902.199999997043,1896.2000000000116,1902.199999997043,1,1902.199999997043,0,0,,Click Response,Option A,4,object-245,1i-3,_,16,1i-3_16,4,Training02,42_ENGLAND,ASK,.png,42_ENGLAND_ASK.png,WOUX,WAN,42_ENGLAND_WOUX_WAN.png,,WOUX WAN,41_PIXIE_ASK.png,41_PIXIE_DOTS.png,RUSP WIM,WOUX WAN,WOUX WAN,RUSP WIM,41_PIXIE_RUSP_WIM.png,RUSP WIM,,,,,
50,1712451635697,07/04/2024 01:00:35,1712455235697,1,07/04/2024 03:00:35,139619,19,task-eihb,,36805110,BLIND,10852414,,complete,,6611ec247d3e3a9bda520622,computer,Desktop or Laptop,Windows 10,Edge 123.0.0.0,2048x1152,2040x996,,,0,1i-3 A Training,4,,,1i-3,,,Pass,,1i-3 A Training,1i-3 A Training,14,Training02,TrainingC,1ouhhw,3,continue,,4786.099999991071,4785.700000000012,4786.099999991071,4786.099999991071,4785.700000000012,4786.099999991071,1,4786.099999991071,0,0,,Click To Continue,Continue Button,6,object-272,1i-3,_,16,1i-3_16,4,Training02,42_ENGLAND,ASK,.png,42_ENGLAND_ASK.png,WOUX,WAN,42_ENGLAND_WOUX_WAN.png,,WOUX WAN,41_PIXIE_ASK.png,41_PIXIE_DOTS.png,RUSP WIM,WOUX WAN,WOUX WAN,RUSP WIM,41_PIXIE_RUSP_WIM.png,RUSP WIM,,,,,
51,1712451642021,07/04/2024 01:00:42,1712455242021,1,07/04/2024 03:00:42,139619,19,task-eihb,,36805110,BLIND,10852414,,complete,,6611ec247d3e3a9bda520622,computer,Desktop or Laptop,Windows 10,Edge 123.0.0.0,2048x1152,2040x996,,,0,1i-3 A Training,4,,,1i-3,,,Pass,,1i-3 A Training,1i-3 A Training,15,Training02,TrainingA,34efq7,1,response,ZETH WAN,2211.0999999999767,6318.400000000023,6324.5,2211.0999999999767,6318.400000000023,6324.5,1,2211.0999999999767,4113.400000000023,0,,Single Text Entry,TextResponseA,4,object-97,1i-3,_,14,1i-3_14,4,Training02,33_ROR,ASK,.png,33_ROR_ASK.png,ZETH,WAN,33_ROR_ZETH_WAN.png,,ZETH WAN,19_BURYVOLDY_ASK.png,19_BURYVOLDY_DOTS.png,ZETH WAN,WOUX WAN,ZETH WAN,WOUX WAN,19_BURYVOLDY_WOUX_WAN.png,,WOUX WAN,,,,
52,1712451643902,07/04/2024 01:00:43,1712455243902,1,07/04/2024 03:00:43,139619,19,task-eihb,,36805110,BLIND,10852414,,complete,,6611ec247d3e3a9bda520622,computer,Desktop or Laptop,Windows 10,Edge 123.0.0.0,2048x1152,2040x996,,,0,1i-3 A Training,4,,,1i-3,,,Pass,,1i-3 A Training,1i-3 A Training,15,Training02,TrainingB,2yfdu9,2,response,,1886.1999999940163,1883.899999999965,1886.1999999940163,1886.1999999940163,1883.899999999965,1886.1999999940163,1,1886.1999999940163,0,0,,Click Response,Option B,5,object-246,1i-3,_,14,1i-3_14,4,Training02,33_ROR,ASK,.png,33_ROR_ASK.png,ZETH,WAN,33_ROR_ZETH_WAN.png,,ZETH WAN,19_BURYVOLDY_ASK.png,19_BURYVOLDY_DOTS.png,ZETH WAN,WOUX WAN,ZETH WAN,WOUX WAN,19_BURYVOLDY_WOUX_WAN.png,,WOUX WAN,,,,
53,1712451647975,07/04/2024 01:00:47,1712455247975,1,07/04/2024 03:00:47,139619,19,task-eihb,,36805110,BLIND,10852414,,complete,,6611ec247d3e3a9bda520622,computer,Desktop or Laptop,Windows 10,Edge 123.0.0.0,2048x1152,2040x996,,,0,1i-3 A Training,4,,,1i-3,,,Pass,,1i-3 A Training,1i-3 A Training,15,Training02,TrainingC,1ouhhw,3,continue,,4075.9999999970314,4070.9000000000233,4075.9999999970314,4075.9999999970314,4070.9000000000233,4075.9999999970314,1,4075.9999999970314,0,0,,Click To Continue,Continue Button,6,object-272,1i-3,_,14,1i-3_14,4,Training02,33_ROR,ASK,.png,33_ROR_ASK.png,ZETH,WAN,33_ROR_ZETH_WAN.png,,ZETH WAN,19_BURYVOLDY_ASK.png,19_BURYVOLDY_DOTS.png,ZETH WAN,WOUX WAN,ZETH WAN,WOUX WAN,19_BURYVOLDY_WOUX_WAN.png,,WOUX WAN,,,,
54,1712451654674,07/04/2024 01:00:54,1712455254674,1,07/04/2024 03:00:54,139619,19,task-eihb,,36805110,BLIND,10852414,,complete,,6611ec247d3e3a9bda520622,computer,Desktop or Laptop,Windows 10,Edge 123.0.0.0,2048x1152,2040x996,,,0,1i-3 A Training,4,,,1i-3,,,Pass,,1i-3 A Training,1i-3 A Training,16,Training02,TrainingA,34efq7,1,response,RUSP WIM,2150.5,6700.099999999977,6703.799999999988,2150.5,6700.099999999977,6703.799999999988,1,2150.5,4553.299999999988,0,,Single Text Entry,TextResponseA,4,object-97,1i-3,_,15,1i-3_15,4,Training02,06_MOM,ASK,.png,06_MOM_ASK.png,RUSP,WIM,06_MOM_RUSP_WIM.png,,RUSP WIM,26_ERISED_ASK.png,26_ERISED_DOTS.png,RUSP WIM,FICH WUNG,RUSP WIM,FICH WUNG,26_ERISED_FICH_WUNG.png,,FICH WUNG,,,,
55,1712451655914,07/04/2024 01:00:55,1712455255914,1,07/04/2024 03:00:55,139619,19,task-eihb,,36805110,BLIND,10852414,,complete,,6611ec247d3e3a9bda520622,computer,Desktop or Laptop,Windows 10,Edge 123.0.0.0,2048x1152,2040x996,,,0,1i-3 A Training,4,,,1i-3,,,Pass,,1i-3 A Training,1i-3 A Training,16,Training02,TrainingB,2yfdu9,2,response,,1243.7999999940512,1241.7999999999884,1243.7999999940512,1243.7999999940512,1241.7999999999884,1243.7999999940512,1,1243.7999999940512,0,0,,Click Response,Option B,5,object-246,1i-3,_,15,1i-3_15,4,Training02,06_MOM,ASK,.png,06_MOM_ASK.png,RUSP,WIM,06_MOM_RUSP_WIM.png,,RUSP WIM,26_ERISED_ASK.png,26_ERISED_DOTS.png,RUSP WIM,FICH WUNG,RUSP WIM,FICH WUNG,26_ERISED_FICH_WUNG.png,,FICH WUNG,,,,
56,1712451659840,07/04/2024 01:00:59,1712455259840,1,07/04/2024 03:00:59,139619,19,task-eihb,,36805110,BLIND,10852414,,complete,,6611ec247d3e3a9bda520622,computer,Desktop or Laptop,Windows 10,Edge 123.0.0.0,2048x1152,2040x996,,,0,1i-3 A Training,4,,,1i-3,,,Pass,,1i-3 A Training,1i-3 A Training,16,Training02,TrainingC,1ouhhw,3,continue,,3927.7999999910826,3925.4000000000233,3927.7999999910826,3927.7999999910826,3925.4000000000233,3927.7999999910826,1,3927.7999999910826,0,0,,Click To Continue,Continue Button,6,object-272,1i-3,_,15,1i-3_15,4,Training02,06_MOM,ASK,.png,06_MOM_ASK.png,RUSP,WIM,06_MOM_RUSP_WIM.png,,RUSP WIM,26_ERISED_ASK.png,26_ERISED_DOTS.png,RUSP WIM,FICH WUNG,RUSP WIM,FICH WUNG,26_ERISED_FICH_WUNG.png,,FICH WUNG,,,,
57,1712451668440,07/04/2024 01:01:08,1712455268440,1,07/04/2024 03:01:08,139619,19,task-eihb,,36805110,BLIND,10852414,,complete,,6611ec247d3e3a9bda520622,computer,Desktop or Laptop,Windows 10,Edge 123.0.0.0,2048x1152,2040x996,,,0,1i-3 A Training,4,,,1i-3,,,Pass,,1i-3 A Training,1i-3 A Training,17,Training02,TrainingA,34efq7,1,response,RUSP WIM,4313.200000000012,8602.200000000012,8602.79999999702,4313.200000000012,8602.200000000012,8602.79999999702,1,4313.200000000012,4289.599999997008,0,,Single Text Entry,TextResponseA,4,object-97,1i-3,_,19,1i-3_19,5,Training02,41_PIXIE,ASK,.png,41_PIXIE_ASK.png,RUSP,WIM,41_PIXIE_RUSP_WIM.png,,RUSP WIM,35_PROPHET_ASK.png,35_PROPHET_DOTS.png,WOUX WAN,RUSP WIM,RUSP WIM,WOUX WAN,35_PROPHET_WOUX_WAN.png,WOUX WAN,,,,,
58,1712451670051,07/04/2024 01:01:10,1712455270051,1,07/04/2024 03:01:10,139619,19,task-eihb,,36805110,BLIND,10852414,,complete,,6611ec247d3e3a9bda520622,computer,Desktop or Laptop,Windows 10,Edge 123.0.0.0,2048x1152,2040x996,,,0,1i-3 A Training,4,,,1i-3,,,Pass,,1i-3 A Training,1i-3 A Training,17,Training02,TrainingB,2yfdu9,2,response,,1611.6999999910477,1611.399999999965,1611.6999999910477,1611.6999999910477,1611.399999999965,1611.6999999910477,1,1611.6999999910477,0,0,,Click Response,Option A,4,object-245,1i-3,_,19,1i-3_19,5,Training02,41_PIXIE,ASK,.png,41_PIXIE_ASK.png,RUSP,WIM,41_PIXIE_RUSP_WIM.png,,RUSP WIM,35_PROPHET_ASK.png,35_PROPHET_DOTS.png,WOUX WAN,RUSP WIM,RUSP WIM,WOUX WAN,35_PROPHET_WOUX_WAN.png,WOUX WAN,,,,,
59,1712451674502,07/04/2024 01:01:14,1712455274502,1,07/04/2024 03:01:14,139619,19,task-eihb,,36805110,BLIND,10852414,,complete,,6611ec247d3e3a9bda520622,computer,Desktop or Laptop,Windows 10,Edge 123.0.0.0,2048x1152,2040x996,,,0,1i-3 A Training,4,,,1i-3,,,Pass,,1i-3 A Training,1i-3 A Training,17,Training02,TrainingC,1ouhhw,3,continue,,4451.499999994063,4446.400000000023,4451.499999994063,4451.499999994063,4446.400000000023,4451.499999994063,1,4451.499999994063,0,0,,Click To Continue,Continue Button,6,object-272,1i-3,_,19,1i-3_19,5,Training02,41_PIXIE,ASK,.png,41_PIXIE_ASK.png,RUSP,WIM,41_PIXIE_RUSP_WIM.png,,RUSP WIM,35_PROPHET_ASK.png,35_PROPHET_DOTS.png,WOUX WAN,RUSP WIM,RUSP WIM,WOUX WAN,35_PROPHET_WOUX_WAN.png,WOUX WAN,,,,,
60,1712451682295,07/04/2024 01:01:22,1712455282295,1,07/04/2024 03:01:22,139619,19,task-eihb,,36805110,BLIND,10852414,,complete,,6611ec247d3e3a9bda520622,computer,Desktop or Laptop,Windows 10,Edge 123.0.0.0,2048x1152,2040x996,,,0,1i-3 A Training,4,,,1i-3,,,Pass,,1i-3 A Training,1i-3 A Training,18,Training02,TrainingA,34efq7,1,response,ZETH WAN,2168.7999999999884,7796.599999999977,7798,2168.7999999999884,7796.599999999977,7798,1,2168.7999999999884,5629.200000000012,0,,Single Text Entry,TextResponseA,4,object-97,1i-3,_,18,1i-3_18,5,Training02,05_AUROR,ASK,.png,05_AUROR_ASK.png,ZETH,WAN,05_AUROR_ZETH_WAN.png,,ZETH WAN,11_RONWAND_ASK.png,11_RONWAND_DOTS.png,ZETH WAN,FICH WUNG,ZETH WAN,FICH WUNG,11_RONWAND_FICH_WUNG.png,,FICH WUNG,,,,
61,1712451684166,07/04/2024 01:01:24,1712455284166,1,07/04/2024 03:01:24,139619,19,task-eihb,,36805110,BLIND,10852414,,complete,,6611ec247d3e3a9bda520622,computer,Desktop or Laptop,Windows 10,Edge 123.0.0.0,2048x1152,2040x996,,,0,1i-3 A Training,4,,,1i-3,,,Pass,,1i-3 A Training,1i-3 A Training,18,Training02,TrainingB,2yfdu9,2,response,,1870.9999999940628,1865.8000000000466,1870.9999999940628,1870.9999999940628,1865.8000000000466,1870.9999999940628,1,1870.9999999940628,0,0,,Click Response,Option B,5,object-246,1i-3,_,18,1i-3_18,5,Training02,05_AUROR,ASK,.png,05_AUROR_ASK.png,ZETH,WAN,05_AUROR_ZETH_WAN.png,,ZETH WAN,11_RONWAND_ASK.png,11_RONWAND_DOTS.png,ZETH WAN,FICH WUNG,ZETH WAN,FICH WUNG,11_RONWAND_FICH_WUNG.png,,FICH WUNG,,,,
62,1712451688557,07/04/2024 01:01:28,1712455288557,1,07/04/2024 03:01:28,139619,19,task-eihb,,36805110,BLIND,10852414,,complete,,6611ec247d3e3a9bda520622,computer,Desktop or Laptop,Windows 10,Edge 123.0.0.0,2048x1152,2040x996,,,0,1i-3 A Training,4,,,1i-3,,,Pass,,1i-3 A Training,1i-3 A Training,18,Training02,TrainingC,1ouhhw,3,continue,,4396.3999999969965,4391.899999999965,4396.3999999969965,4396.3999999969965,4391.899999999965,4396.3999999969965,1,4396.3999999969965,0,0,,Click To Continue,Continue Button,6,object-272,1i-3,_,18,1i-3_18,5,Training02,05_AUROR,ASK,.png,05_AUROR_ASK.png,ZETH,WAN,05_AUROR_ZETH_WAN.png,,ZETH WAN,11_RONWAND_ASK.png,11_RONWAND_DOTS.png,ZETH WAN,FICH WUNG,ZETH WAN,FICH WUNG,11_RONWAND_FICH_WUNG.png,,FICH WUNG,,,,
63,1712451696572,07/04/2024 01:01:36,1712455296572,1,07/04/2024 03:01:36,139619,19,task-eihb,,36805110,BLIND,10852414,,complete,,6611ec247d3e3a9bda520622,computer,Desktop or Laptop,Windows 10,Edge 123.0.0.0,2048x1152,2040x996,,,0,1i-3 A Training,4,,,1i-3,,,Pass,,1i-3 A Training,1i-3 A Training,19,Training02,TrainingA,34efq7,1,response,WOUX WAN,2532.2000000000116,8014.5,8019.200000000012,2532.2000000000116,8014.5,8019.200000000012,1,2532.2000000000116,5487,0,,Single Text Entry,TextResponseA,4,object-97,1i-3,_,20,1i-3_20,5,Training02,21_TEACHHOG,ASK,.png,21_TEACHHOG_ASK.png,WOUX,WAN,21_TEACHHOG_WOUX_WAN.png,,WOUX WAN,42_ENGLAND_ASK.png,42_ENGLAND_DOTS.png,WOUX WAN,ZETH WAN,WOUX WAN,ZETH WAN,42_ENGLAND_ZETH_WAN.png,,ZETH WAN,,,,
64,1712451698366,07/04/2024 01:01:38,1712455298366,1,07/04/2024 03:01:38,139619,19,task-eihb,,36805110,BLIND,10852414,,complete,,6611ec247d3e3a9bda520622,computer,Desktop or Laptop,Windows 10,Edge 123.0.0.0,2048x1152,2040x996,,,0,1i-3 A Training,4,,,1i-3,,,Pass,,1i-3 A Training,1i-3 A Training,19,Training02,TrainingB,2yfdu9,2,response,,1798.7000000000116,1793.2000000000116,1798.7000000000116,1798.7000000000116,1793.2000000000116,1798.7000000000116,1,1798.7000000000116,0,0,,Click Response,Option B,5,object-246,1i-3,_,20,1i-3_20,5,Training02,21_TEACHHOG,ASK,.png,21_TEACHHOG_ASK.png,WOUX,WAN,21_TEACHHOG_WOUX_WAN.png,,WOUX WAN,42_ENGLAND_ASK.png,42_ENGLAND_DOTS.png,WOUX WAN,ZETH WAN,WOUX WAN,ZETH WAN,42_ENGLAND_ZETH_WAN.png,,ZETH WAN,,,,
65,1712451699476,07/04/2024 01:01:39,1712455299476,1,07/04/2024 03:01:39,139619,19,task-eihb,,36805110,BLIND,10852414,,complete,,6611ec247d3e3a9bda520622,computer,Desktop or Laptop,Windows 10,Edge 123.0.0.0,2048x1152,2040x996,,,0,1i-3 A Training,4,,,1i-3,,,Pass,,1i-3 A Training,1i-3 A Training,19,Training02,TrainingC,1ouhhw,3,continue,,1116,1114.5999999999767,1116,1116,1114.5999999999767,1116,1,1116,0,0,,Click To Continue,Continue Button,6,object-272,1i-3,_,20,1i-3_20,5,Training02,21_TEACHHOG,ASK,.png,21_TEACHHOG_ASK.png,WOUX,WAN,21_TEACHHOG_WOUX_WAN.png,,WOUX WAN,42_ENGLAND_ASK.png,42_ENGLAND_DOTS.png,WOUX WAN,ZETH WAN,WOUX WAN,ZETH WAN,42_ENGLAND_ZETH_WAN.png,,ZETH WAN,,,,
66,1712451708250,07/04/2024 01:01:48,1712455308250,1,07/04/2024 03:01:48,139619,19,task-eihb,,36805110,BLIND,10852414,,complete,,6611ec247d3e3a9bda520622,computer,Desktop or Laptop,Windows 10,Edge 123.0.0.0,2048x1152,2040x996,,,0,1i-3 A Training,4,,,1i-3,,,Pass,,1i-3 A Training,1i-3 A Training,20,Training02,TrainingA,34efq7,1,response,FICH WUNG,3307.8000000000466,8771.800000000047,8775.099999988102,3307.8000000000466,8771.800000000047,8775.099999988102,1,3307.8000000000466,5467.299999988056,0,,Single Text Entry,TextResponseA,4,object-97,1i-3,_,17,1i-3_17,5,Training02,25_PROSECUTE,ASK,.png,25_PROSECUTE_ASK.png,FICH,WUNG,25_PROSECUTE_FICH_WUNG.png,,FICH WUNG,04_WHEEZES_ASK.png,04_WHEEZES_DOTS.png,RUSP WIM,FICH WUNG,FICH WUNG,RUSP WIM,04_WHEEZES_RUSP_WIM.png,RUSP WIM,,,,,
67,1712451709465,07/04/2024 01:01:49,1712455309465,1,07/04/2024 03:01:49,139619,19,task-eihb,,36805110,BLIND,10852414,,complete,,6611ec247d3e3a9bda520622,computer,Desktop or Laptop,Windows 10,Edge 123.0.0.0,2048x1152,2040x996,,,0,1i-3 A Training,4,,,1i-3,,,Pass,,1i-3 A Training,1i-3 A Training,20,Training02,TrainingB,2yfdu9,2,response,,1218.7999999880558,1217.5999999999767,1218.7999999880558,1218.7999999880558,1217.5999999999767,1218.7999999880558,1,1218.7999999880558,0,0,,Click Response,Option A,4,object-245,1i-3,_,17,1i-3_17,5,Training02,25_PROSECUTE,ASK,.png,25_PROSECUTE_ASK.png,FICH,WUNG,25_PROSECUTE_FICH_WUNG.png,,FICH WUNG,04_WHEEZES_ASK.png,04_WHEEZES_DOTS.png,RUSP WIM,FICH WUNG,FICH WUNG,RUSP WIM,04_WHEEZES_RUSP_WIM.png,RUSP WIM,,,,,
68,1712451710308,07/04/2024 01:01:50,1712455310308,1,07/04/2024 03:01:50,139619,19,task-eihb,,36805110,BLIND,10852414,,complete,,6611ec247d3e3a9bda520622,computer,Desktop or Laptop,Windows 10,Edge 123.0.0.0,2048x1152,2040x996,,,0,1i-3 A Training,4,,,1i-3,,,Pass,,1i-3 A Training,1i-3 A Training,20,Training02,TrainingC,1ouhhw,3,continue,,843.5999999940395,842.0999999999767,843.5999999940395,843.5999999940395,842.0999999999767,843.5999999940395,1,843.5999999940395,0,0,,Click To Continue,Continue Button,6,object-272,1i-3,_,17,1i-3_17,5,Training02,25_PROSECUTE,ASK,.png,25_PROSECUTE_ASK.png,FICH,WUNG,25_PROSECUTE_FICH_WUNG.png,,FICH WUNG,04_WHEEZES_ASK.png,04_WHEEZES_DOTS.png,RUSP WIM,FICH WUNG,FICH WUNG,RUSP WIM,04_WHEEZES_RUSP_WIM.png,RUSP WIM,,,,,
69,1712451717556,07/04/2024 01:01:57,1712455317556,1,07/04/2024 03:01:57,139619,19,task-eihb,,36805110,BLIND,10852414,,complete,,6611ec247d3e3a9bda520622,computer,Desktop or Laptop,Windows 10,Edge 123.0.0.0,2048x1152,2040x996,,,0,1i-3 A Training,4,,,1i-3,,,Pass,,1i-3 A Training,1i-3 A Training,21,Training02,TrainingA,34efq7,1,response,FICH WUNG,2253.5,7245.200000000012,7249.799999991083,2253.5,7245.200000000012,7249.799999991083,1,2253.5,4996.299999991083,0,,Single Text Entry,TextResponseA,4,object-97,1i-3,_,21,1i-3_21,6,Training02,39_STOPHAGRID,ASK,.png,39_STOPHAGRID_ASK.png,FICH,WUNG,39_STOPHAGRID_FICH_WUNG.png,,FICH WUNG,14_MUNGOS_ASK.png,14_MUNGOS_DOTS.png,WOUX WAN,FICH WUNG,FICH WUNG,WOUX WAN,14_MUNGOS_WOUX_WAN.png,WOUX WAN,,,,,
70,1712451726477,07/04/2024 01:02:06,1712455326477,1,07/04/2024 03:02:06,139619,19,task-eihb,,36805110,BLIND,10852414,,complete,,6611ec247d3e3a9bda520622,computer,Desktop or Laptop,Windows 10,Edge 123.0.0.0,2048x1152,2040x996,,,0,1i-3 A Training,4,,,1i-3,,,Pass,,1i-3 A Training,1i-3 A Training,21,Training02,TrainingB,2yfdu9,2,response,,8925.799999994051,8923.200000000012,8925.799999994051,8925.799999994051,8923.200000000012,8925.799999994051,1,8925.799999994051,0,0,,Click Response,Option A,4,object-245,1i-3,_,21,1i-3_21,6,Training02,39_STOPHAGRID,ASK,.png,39_STOPHAGRID_ASK.png,FICH,WUNG,39_STOPHAGRID_FICH_WUNG.png,,FICH WUNG,14_MUNGOS_ASK.png,14_MUNGOS_DOTS.png,WOUX WAN,FICH WUNG,FICH WUNG,WOUX WAN,14_MUNGOS_WOUX_WAN.png,WOUX WAN,,,,,
71,1712451727262,07/04/2024 01:02:07,1712455327262,1,07/04/2024 03:02:07,139619,19,task-eihb,,36805110,BLIND,10852414,,complete,,6611ec247d3e3a9bda520622,computer,Desktop or Laptop,Windows 10,Edge 123.0.0.0,2048x1152,2040x996,,,0,1i-3 A Training,4,,,1i-3,,,Pass,,1i-3 A Training,1i-3 A Training,21,Training02,TrainingC,1ouhhw,3,continue,,787.4000000000233,781.4000000000233,787.4000000000233,787.4000000000233,781.4000000000233,787.4000000000233,1,787.4000000000233,0,0,,Click To Continue,Continue Button,6,object-272,1i-3,_,21,1i-3_21,6,Training02,39_STOPHAGRID,ASK,.png,39_STOPHAGRID_ASK.png,FICH,WUNG,39_STOPHAGRID_FICH_WUNG.png,,FICH WUNG,14_MUNGOS_ASK.png,14_MUNGOS_DOTS.png,WOUX WAN,FICH WUNG,FICH WUNG,WOUX WAN,14_MUNGOS_WOUX_WAN.png,WOUX WAN,,,,,
72,1712451734214,07/04/2024 01:02:14,1712455334214,1,07/04/2024 03:02:14,139619,19,task-eihb,,36805110,BLIND,10852414,,complete,,6611ec247d3e3a9bda520622,computer,Desktop or Laptop,Windows 10,Edge 123.0.0.0,2048x1152,2040x996,,,0,1i-3 A Training,4,,,1i-3,,,Pass,,1i-3 A Training,1i-3 A Training,22,Training02,TrainingA,34efq7,1,response,ZETH WAN,2816.899999999965,6954.5,6958.299999988056,2816.899999999965,6954.5,6958.299999988056,1,2816.899999999965,4141.399999988091,0,,Single Text Entry,TextResponseA,4,object-97,1i-3,_,22,1i-3_22,6,Training02,26_ERISED,ASK,.png,26_ERISED_ASK.png,ZETH,WAN,26_ERISED_ZETH_WAN.png,,ZETH WAN,18_LIVEGODRIC_ASK.png,18_LIVEGODRIC_DOTS.png,RUSP WIM,ZETH WAN,ZETH WAN,RUSP WIM,18_LIVEGODRIC_RUSP_WIM.png,RUSP WIM,,,,,
73,1712451735897,07/04/2024 01:02:15,1712455335897,1,07/04/2024 03:02:15,139619,19,task-eihb,,36805110,BLIND,10852414,,complete,,6611ec247d3e3a9bda520622,computer,Desktop or Laptop,Windows 10,Edge 123.0.0.0,2048x1152,2040x996,,,0,1i-3 A Training,4,,,1i-3,,,Pass,,1i-3 A Training,1i-3 A Training,22,Training02,TrainingB,2yfdu9,2,response,,1685.999999991036,1684,1685.999999991036,1685.999999991036,1684,1685.999999991036,1,1685.999999991036,0,0,,Click Response,Option A,4,object-245,1i-3,_,22,1i-3_22,6,Training02,26_ERISED,ASK,.png,26_ERISED_ASK.png,ZETH,WAN,26_ERISED_ZETH_WAN.png,,ZETH WAN,18_LIVEGODRIC_ASK.png,18_LIVEGODRIC_DOTS.png,RUSP WIM,ZETH WAN,ZETH WAN,RUSP WIM,18_LIVEGODRIC_RUSP_WIM.png,RUSP WIM,,,,,
74,1712451737094,07/04/2024 01:02:17,1712455337094,1,07/04/2024 03:02:17,139619,19,task-eihb,,36805110,BLIND,10852414,,complete,,6611ec247d3e3a9bda520622,computer,Desktop or Laptop,Windows 10,Edge 123.0.0.0,2048x1152,2040x996,,,0,1i-3 A Training,4,,,1i-3,,,Pass,,1i-3 A Training,1i-3 A Training,22,Training02,TrainingC,1ouhhw,3,continue,,1199.399999999965,1193.399999999965,1199.399999999965,1199.399999999965,1193.399999999965,1199.399999999965,1,1199.399999999965,0,0,,Click To Continue,Continue Button,6,object-272,1i-3,_,22,1i-3_22,6,Training02,26_ERISED,ASK,.png,26_ERISED_ASK.png,ZETH,WAN,26_ERISED_ZETH_WAN.png,,ZETH WAN,18_LIVEGODRIC_ASK.png,18_LIVEGODRIC_DOTS.png,RUSP WIM,ZETH WAN,ZETH WAN,RUSP WIM,18_LIVEGODRIC_RUSP_WIM.png,RUSP WIM,,,,,
75,1712451742459,07/04/2024 01:02:22,1712455342459,1,07/04/2024 03:02:22,139619,19,task-eihb,,36805110,BLIND,10852414,,complete,,6611ec247d3e3a9bda520622,computer,Desktop or Laptop,Windows 10,Edge 123.0.0.0,2048x1152,2040x996,,,0,1i-3 A Training,4,,,1i-3,,,Pass,,1i-3 A Training,1i-3 A Training,23,Training02,TrainingA,34efq7,1,response,RUSP WIM,2344.5,5367.299999999988,5370.700000000012,2344.5,5367.299999999988,5370.700000000012,1,2344.5,3026.2000000000116,0,,Single Text Entry,TextResponseA,4,object-97,1i-3,_,23,1i-3_23,6,Training02,20_PULLSWORD,ASK,.png,20_PULLSWORD_ASK.png,RUSP,WIM,20_PULLSWORD_RUSP_WIM.png,,RUSP WIM,28_GALLEONS_ASK.png,28_GALLEONS_DOTS.png,RUSP WIM,ZETH WAN,RUSP WIM,ZETH WAN,28_GALLEONS_ZETH_WAN.png,,ZETH WAN,,,,
76,1712451743324,07/04/2024 01:02:23,1712455343324,1,07/04/2024 03:02:23,139619,19,task-eihb,,36805110,BLIND,10852414,,complete,,6611ec247d3e3a9bda520622,computer,Desktop or Laptop,Windows 10,Edge 123.0.0.0,2048x1152,2040x996,,,0,1i-3 A Training,4,,,1i-3,,,Pass,,1i-3 A Training,1i-3 A Training,23,Training02,TrainingB,2yfdu9,2,response,,868.7999999910826,866.3000000000466,868.7999999910826,868.7999999910826,866.3000000000466,868.7999999910826,1,868.7999999910826,0,0,,Click Response,Option B,5,object-246,1i-3,_,23,1i-3_23,6,Training02,20_PULLSWORD,ASK,.png,20_PULLSWORD_ASK.png,RUSP,WIM,20_PULLSWORD_RUSP_WIM.png,,RUSP WIM,28_GALLEONS_ASK.png,28_GALLEONS_DOTS.png,RUSP WIM,ZETH WAN,RUSP WIM,ZETH WAN,28_GALLEONS_ZETH_WAN.png,,ZETH WAN,,,,
77,1712451743951,07/04/2024 01:02:23,1712455343951,1,07/04/2024 03:02:23,139619,19,task-eihb,,36805110,BLIND,10852414,,complete,,6611ec247d3e3a9bda520622,computer,Desktop or Laptop,Windows 10,Edge 123.0.0.0,2048x1152,2040x996,,,0,1i-3 A Training,4,,,1i-3,,,Pass,,1i-3 A Training,1i-3 A Training,23,Training02,TrainingC,1ouhhw,3,continue,,629.0999999999767,624,629.0999999999767,629.0999999999767,624,629.0999999999767,1,629.0999999999767,0,0,,Click To Continue,Continue Button,6,object-272,1i-3,_,23,1i-3_23,6,Training02,20_PULLSWORD,ASK,.png,20_PULLSWORD_ASK.png,RUSP,WIM,20_PULLSWORD_RUSP_WIM.png,,RUSP WIM,28_GALLEONS_ASK.png,28_GALLEONS_DOTS.png,RUSP WIM,ZETH WAN,RUSP WIM,ZETH WAN,28_GALLEONS_ZETH_WAN.png,,ZETH WAN,,,,
78,1712451748970,07/04/2024 01:02:28,1712455348970,1,07/04/2024 03:02:28,139619,19,task-eihb,,36805110,BLIND,10852414,,complete,,6611ec247d3e3a9bda520622,computer,Desktop or Laptop,Windows 10,Edge 123.0.0.0,2048x1152,2040x996,,,0,1i-3 A Training,4,,,1i-3,,,Pass,,1i-3 A Training,1i-3 A Training,24,Training02,TrainingA,34efq7,1,response,WOUX WAN,1938.5,5021.899999999965,5025.099999999977,1938.5,5021.899999999965,5025.099999999977,1,1938.5,3086.5999999999767,0,,Single Text Entry,TextResponseA,4,object-97,1i-3,_,24,1i-3_24,6,Training02,07_AZKABAN,ASK,.png,07_AZKABAN_ASK.png,WOUX,WAN,07_AZKABAN_WOUX_WAN.png,,WOUX WAN,32_QWC_ASK.png,32_QWC_DOTS.png,WOUX WAN,FICH WUNG,WOUX WAN,FICH WUNG,32_QWC_FICH_WUNG.png,,FICH WUNG,,,,
79,1712451749689,07/04/2024 01:02:29,1712455349689,1,07/04/2024 03:02:29,139619,19,task-eihb,,36805110,BLIND,10852414,,complete,,6611ec247d3e3a9bda520622,computer,Desktop or Laptop,Windows 10,Edge 123.0.0.0,2048x1152,2040x996,,,0,1i-3 A Training,4,,,1i-3,,,Pass,,1i-3 A Training,1i-3 A Training,24,Training02,TrainingB,2yfdu9,2,response,,721.8999999880907,721,721.8999999880907,721.8999999880907,721,721.8999999880907,1,721.8999999880907,0,0,,Click Response,Option B,5,object-246,1i-3,_,24,1i-3_24,6,Training02,07_AZKABAN,ASK,.png,07_AZKABAN_ASK.png,WOUX,WAN,07_AZKABAN_WOUX_WAN.png,,WOUX WAN,32_QWC_ASK.png,32_QWC_DOTS.png,WOUX WAN,FICH WUNG,WOUX WAN,FICH WUNG,32_QWC_FICH_WUNG.png,,FICH WUNG,,,,
80,1712451750795,07/04/2024 01:02:30,1712455350795,1,07/04/2024 03:02:30,139619,19,task-eihb,,36805110,BLIND,10852414,,complete,,6611ec247d3e3a9bda520622,computer,Desktop or Laptop,Windows 10,Edge 123.0.0.0,2048x1152,2040x996,,,0,1i-3 A Training,4,,,1i-3,,,Pass,,1i-3 A Training,1i-3 A Training,24,Training02,TrainingC,1ouhhw,3,continue,,1107.4999999970314,1102.4000000000233,1107.4999999970314,1107.4999999970314,1102.4000000000233,1107.4999999970314,1,1107.4999999970314,0,0,,Click To Continue,Continue Button,6,object-272,1i-3,_,24,1i-3_24,6,Training02,07_AZKABAN,ASK,.png,07_AZKABAN_ASK.png,WOUX,WAN,07_AZKABAN_WOUX_WAN.png,,WOUX WAN,32_QWC_ASK.png,32_QWC_DOTS.png,WOUX WAN,FICH WUNG,WOUX WAN,FICH WUNG,32_QWC_FICH_WUNG.png,,FICH WUNG,,,,
81,1712451750797,07/04/2024 01:02:30,1712455350797,1,07/04/2024 03:02:30,139619,19,task-eihb,,36805110,BLIND,10852414,,complete,,6611ec247d3e3a9bda520622,computer,Desktop or Laptop,Windows 10,Edge 123.0.0.0,2048x1152,2040x996,,,0,1i-3 A Training,4,,,1i-3,,,Pass,,1i-3 A Training,1i-3 A Training,,,,,,5,END,,,,,,,0,,,,,,,,,,,,,,,,,,,,,,,,,,,,,,,,,,,,
1,1712486722108,07/04/2024 10:45:22,1712490322108,1,07/04/2024 12:45:22,139619,19,task-eihb,,36807913,BLIND,10853280,,complete,,66127707f08f0db0e246879c,computer,Desktop or Laptop,Windows 10,Chrome 123.0.0.0,1280x720,1280x585,,,0,1i-3 A Training,4,,,1i-3,,,Pass,,1i-3 A Training,1i-3 A Training,,,,,,5,BEGIN,,,,,,,0,,,,,,,,,,,,,,,,,,,,,,,,,,,,,,,,,,,,
2,1712486727706,07/04/2024 10:45:27,1712490327706,1,07/04/2024 12:45:27,139619,19,task-eihb,,36807913,BLIND,10853280,,complete,,66127707f08f0db0e246879c,computer,Desktop or Laptop,Windows 10,Chrome 123.0.0.0,1280x720,1280x585,,,0,1i-3 A Training,4,,,1i-3,,,Pass,,1i-3 A Training,1i-3 A Training,1,Instructions,Attention Check 5,4xnmv6,1,continue,,5168.300000000187,5163.5,5168.300000000187,5168.300000000187,5163.5,5168.300000000187,1,5168.300000000187,0,0,,Click To Continue,Continue Button,4,object-285,,,,,,Instructions,,,,,,,,,,,,,,,,,,,,,,
3,1712486727707,07/04/2024 10:45:27,1712490327707,1,07/04/2024 12:45:27,139619,19,task-eihb,,36807913,BLIND,10853280,,complete,,66127707f08f0db0e246879c,computer,Desktop or Laptop,Windows 10,Chrome 123.0.0.0,1280x720,1280x585,,,0,1i-3 A Training,4,,,1i-3,,,Pass,,1i-3 A Training,1i-3 A Training,1,Instructions,Attention Check 5,4xnmv6,1,response,Accio!,4064.1,5163.5,5170.500000000373,4064.1,5163.5,5170.500000000373,1,4064.1,1106.400000000373,0,,Dropdown,Dropdown5,3,object-284,,,,,,Instructions,,,,,,,,,,,,,,,,,,,,,,
4,1712486734764,07/04/2024 10:45:34,1712490334764,1,07/04/2024 12:45:34,139619,19,task-eihb,,36807913,BLIND,10853280,,complete,,66127707f08f0db0e246879c,computer,Desktop or Laptop,Windows 10,Chrome 123.0.0.0,1280x720,1280x585,,,0,1i-3 A Training,4,,,1i-3,,,Pass,,1i-3 A Training,1i-3 A Training,1,Instructions,Attention Check 6,wf497f,2,continue,,7064.2000000000935,7061.700000000001,7064.2000000000935,7064.2000000000935,7061.700000000001,7064.2000000000935,1,7064.2000000000935,0,0,,Click To Continue,Continue Button,4,object-292,,,,,,Instructions,,,,,,,,,,,,,,,,,,,,,,
5,1712486734770,07/04/2024 10:45:34,1712490334770,1,07/04/2024 12:45:34,139619,19,task-eihb,,36807913,BLIND,10853280,,complete,,66127707f08f0db0e246879c,computer,Desktop or Laptop,Windows 10,Chrome 123.0.0.0,1280x720,1280x585,,,0,1i-3 A Training,4,,,1i-3,,,Pass,,1i-3 A Training,1i-3 A Training,1,Instructions,Attention Check 6,wf497f,2,response,The Invisibility Cloak,6412.1,7061.700000000001,7070.300000000187,6412.1,7061.700000000001,7070.300000000187,1,6412.1,658.2000000001863,0,,Dropdown,Dropdown6,3,object-291,,,,,,Instructions,,,,,,,,,,,,,,,,,,,,,,
6,1712486739116,07/04/2024 10:45:39,1712490339116,1,07/04/2024 12:45:39,139619,19,task-eihb,,36807913,BLIND,10853280,,complete,,66127707f08f0db0e246879c,computer,Desktop or Laptop,Windows 10,Chrome 123.0.0.0,1280x720,1280x585,,,0,1i-3 A Training,4,,,1i-3,,,Pass,,1i-3 A Training,1i-3 A Training,1,Instructions,Screen 22,3y4guk,3,continue,,4354.500000000093,4347.4,4354.500000000093,4354.500000000093,4347.4,4354.500000000093,1,4354.500000000093,0,0,,Click To Continue,Continue Button,3,object-297,,,,,,Instructions,,,,,,,,,,,,,,,,,,,,,,
7,1712486753488,07/04/2024 10:45:53,1712490353488,1,07/04/2024 12:45:53,139619,19,task-eihb,,36807913,BLIND,10853280,,complete,,66127707f08f0db0e246879c,computer,Desktop or Laptop,Windows 10,Chrome 123.0.0.0,1280x720,1280x585,,,0,1i-3 A Training,4,,,1i-3,,,Pass,,1i-3 A Training,1i-3 A Training,1,Instructions,Instructions 02,q3gk2e,4,continue,,14378.600000000093,14373.8,14378.600000000093,14378.600000000093,14373.8,14378.600000000093,1,14378.600000000093,0,0,,Click To Continue,Continue Button,2,object-75,,,,,,Instructions,,,,,,,,,,,,,,,,,,,,,,
8,1712486756437,07/04/2024 10:45:56,1712490356437,1,07/04/2024 12:45:56,139619,19,task-eihb,,36807913,BLIND,10853280,,complete,,66127707f08f0db0e246879c,computer,Desktop or Laptop,Windows 10,Chrome 123.0.0.0,1280x720,1280x585,,,0,1i-3 A Training,4,,,1i-3,,,Pass,,1i-3 A Training,1i-3 A Training,1,Instructions,Instructions 03,gxa3vr,5,continue,,2954.50000000028,2947.7999999999993,2954.50000000028,2954.50000000028,2947.7999999999993,2954.50000000028,1,2954.50000000028,0,0,,Click To Continue,Continue Button,1,object-165,,,,,,Instructions,,,,,,,,,,,,,,,,,,,,,,
9,1712486770314,07/04/2024 10:46:10,1712490370314,1,07/04/2024 12:46:10,139619,19,task-eihb,,36807913,BLIND,10853280,,complete,,66127707f08f0db0e246879c,computer,Desktop or Laptop,Windows 10,Chrome 123.0.0.0,1280x720,1280x585,,,0,1i-3 A Training,4,,,1i-3,,,Pass,,1i-3 A Training,1i-3 A Training,1,Training02,TrainingA,34efq7,1,response,WOUX WAN,9543.599999999999,13874.099999999999,13883.000000000095,9543.599999999999,13874.099999999999,13883.000000000095,1,9543.599999999999,4339.400000000096,0,,Single Text Entry,TextResponseA,4,object-97,1i-3,_,04,1i-3_04,1,Training02,35_PROPHET,ASK,.png,35_PROPHET_ASK.png,WOUX,WAN,35_PROPHET_WOUX_WAN.png,,WOUX WAN,40_BURYSNAPE_ASK.png,40_BURYSNAPE_DOTS.png,WOUX WAN,RUSP WIM,WOUX WAN,RUSP WIM,40_BURYSNAPE_RUSP_WIM.png,,RUSP WIM,,,,
10,1712486783622,07/04/2024 10:46:23,1712490383622,1,07/04/2024 12:46:23,139619,19,task-eihb,,36807913,BLIND,10853280,,complete,,66127707f08f0db0e246879c,computer,Desktop or Laptop,Windows 10,Chrome 123.0.0.0,1280x720,1280x585,,,0,1i-3 A Training,4,,,1i-3,,,Pass,,1i-3 A Training,1i-3 A Training,1,Training02,TrainingB,2yfdu9,2,response,,13317.100000000282,13308.100000000006,13317.100000000282,13317.100000000282,13308.100000000006,13317.100000000282,1,13317.100000000282,0,0,,Click Response,Option B,5,object-246,1i-3,_,04,1i-3_04,1,Training02,35_PROPHET,ASK,.png,35_PROPHET_ASK.png,WOUX,WAN,35_PROPHET_WOUX_WAN.png,,WOUX WAN,40_BURYSNAPE_ASK.png,40_BURYSNAPE_DOTS.png,WOUX WAN,RUSP WIM,WOUX WAN,RUSP WIM,40_BURYSNAPE_RUSP_WIM.png,,RUSP WIM,,,,
11,1712486784749,07/04/2024 10:46:24,1712490384749,1,07/04/2024 12:46:24,139619,19,task-eihb,,36807913,BLIND,10853280,,complete,,66127707f08f0db0e246879c,computer,Desktop or Laptop,Windows 10,Chrome 123.0.0.0,1280x720,1280x585,,,0,1i-3 A Training,4,,,1i-3,,,Pass,,1i-3 A Training,1i-3 A Training,1,Training02,TrainingC,1ouhhw,3,continue,,1136.4000000001834,1132.199999999997,1136.4000000001834,1136.4000000001834,1132.199999999997,1136.4000000001834,1,1136.4000000001834,0,0,,Click To Continue,Continue Button,6,object-272,1i-3,_,04,1i-3_04,1,Training02,35_PROPHET,ASK,.png,35_PROPHET_ASK.png,WOUX,WAN,35_PROPHET_WOUX_WAN.png,,WOUX WAN,40_BURYSNAPE_ASK.png,40_BURYSNAPE_DOTS.png,WOUX WAN,RUSP WIM,WOUX WAN,RUSP WIM,40_BURYSNAPE_RUSP_WIM.png,,RUSP WIM,,,,
12,1712486803421,07/04/2024 10:46:43,1712490403421,1,07/04/2024 12:46:43,139619,19,task-eihb,,36807913,BLIND,10853280,,complete,,66127707f08f0db0e246879c,computer,Desktop or Laptop,Windows 10,Chrome 123.0.0.0,1280x720,1280x585,,,0,1i-3 A Training,4,,,1i-3,,,Pass,,1i-3 A Training,1i-3 A Training,2,Training02,TrainingA,34efq7,1,response,RUSP WIM,9643.600000000006,18671.199999999997,18676,9643.600000000006,18671.199999999997,18676,1,9643.600000000006,9032.399999999994,0,,Single Text Entry,TextResponseA,4,object-97,1i-3,_,03,1i-3_03,1,Training02,13_QUIBBLER,ASK,.png,13_QUIBBLER_ASK.png,RUSP,WIM,13_QUIBBLER_RUSP_WIM.png,,RUSP WIM,27_BESTSELLER_ASK.png,27_BESTSELLER_DOTS.png,FICH WUNG,RUSP WIM,RUSP WIM,FICH WUNG,27_BESTSELLER_FICH_WUNG.png,FICH WUNG,,,,,
13,1712486828564,07/04/2024 10:47:08,1712490428564,1,07/04/2024 12:47:08,139619,19,task-eihb,,36807913,BLIND,10853280,,complete,,66127707f08f0db0e246879c,computer,Desktop or Laptop,Windows 10,Chrome 123.0.0.0,1280x720,1280x585,,,0,1i-3 A Training,4,,,1i-3,,,Pass,,1i-3 A Training,1i-3 A Training,2,Training02,TrainingB,2yfdu9,2,response,,25147.300000000003,25133.199999999997,25147.300000000003,25147.300000000003,25133.199999999997,25147.300000000003,1,25147.300000000003,0,0,,Click Response,Option A,4,object-245,1i-3,_,03,1i-3_03,1,Training02,13_QUIBBLER,ASK,.png,13_QUIBBLER_ASK.png,RUSP,WIM,13_QUIBBLER_RUSP_WIM.png,,RUSP WIM,27_BESTSELLER_ASK.png,27_BESTSELLER_DOTS.png,FICH WUNG,RUSP WIM,RUSP WIM,FICH WUNG,27_BESTSELLER_FICH_WUNG.png,FICH WUNG,,,,,
14,1712486839274,07/04/2024 10:47:19,1712490439274,1,07/04/2024 12:47:19,139619,19,task-eihb,,36807913,BLIND,10853280,,complete,,66127707f08f0db0e246879c,computer,Desktop or Laptop,Windows 10,Chrome 123.0.0.0,1280x720,1280x585,,,0,1i-3 A Training,4,,,1i-3,,,Pass,,1i-3 A Training,1i-3 A Training,2,Training02,TrainingC,1ouhhw,3,continue,,10724.700000000099,10709.800000000003,10724.700000000099,10724.700000000099,10709.800000000003,10724.700000000099,1,10724.700000000099,0,0,,Click To Continue,Continue Button,6,object-272,1i-3,_,03,1i-3_03,1,Training02,13_QUIBBLER,ASK,.png,13_QUIBBLER_ASK.png,RUSP,WIM,13_QUIBBLER_RUSP_WIM.png,,RUSP WIM,27_BESTSELLER_ASK.png,27_BESTSELLER_DOTS.png,FICH WUNG,RUSP WIM,RUSP WIM,FICH WUNG,27_BESTSELLER_FICH_WUNG.png,FICH WUNG,,,,,
15,1712486863232,07/04/2024 10:47:43,1712490463232,1,07/04/2024 12:47:43,139619,19,task-eihb,,36807913,BLIND,10853280,,complete,,66127707f08f0db0e246879c,computer,Desktop or Laptop,Windows 10,Chrome 123.0.0.0,1280x720,1280x585,,,0,1i-3 A Training,4,,,1i-3,,,Pass,,1i-3 A Training,1i-3 A Training,3,Training02,TrainingA,34efq7,1,response,ZETH WAN,19969.800000000003,23967.300000000003,23972.700000000375,19969.800000000003,23967.300000000003,23972.700000000375,1,19969.800000000003,4002.9000000003725,0,,Single Text Entry,TextResponseA,4,object-97,1i-3,_,02,1i-3_02,1,Training02,40_BURYSNAPE,ASK,.png,40_BURYSNAPE_ASK.png,ZETH,WAN,40_BURYSNAPE_ZETH_WAN.png,,ZETH WAN,20_PULLSWORD_ASK.png,20_PULLSWORD_DOTS.png,WOUX WAN,ZETH WAN,ZETH WAN,WOUX WAN,20_PULLSWORD_WOUX_WAN.png,WOUX WAN,,,,,
16,1712486878009,07/04/2024 10:47:58,1712490478009,1,07/04/2024 12:47:58,139619,19,task-eihb,,36807913,BLIND,10853280,,complete,,66127707f08f0db0e246879c,computer,Desktop or Laptop,Windows 10,Chrome 123.0.0.0,1280x720,1280x585,,,0,1i-3 A Training,4,,,1i-3,,,Pass,,1i-3 A Training,1i-3 A Training,3,Training02,TrainingB,2yfdu9,2,response,,14782,14773.700000000012,14782,14782,14773.700000000012,14782,1,14782,0,0,,Click Response,Option B,5,object-246,1i-3,_,02,1i-3_02,1,Training02,40_BURYSNAPE,ASK,.png,40_BURYSNAPE_ASK.png,ZETH,WAN,40_BURYSNAPE_ZETH_WAN.png,,ZETH WAN,20_PULLSWORD_ASK.png,20_PULLSWORD_DOTS.png,WOUX WAN,ZETH WAN,ZETH WAN,WOUX WAN,20_PULLSWORD_WOUX_WAN.png,WOUX WAN,,,,,
17,1712486900235,07/04/2024 10:48:20,1712490500235,1,07/04/2024 12:48:20,139619,19,task-eihb,,36807913,BLIND,10853280,,complete,,66127707f08f0db0e246879c,computer,Desktop or Laptop,Windows 10,Chrome 123.0.0.0,1280x720,1280x585,,,0,1i-3 A Training,4,,,1i-3,,,Pass,,1i-3 A Training,1i-3 A Training,3,Training02,TrainingC,1ouhhw,3,continue,,22235.000000000175,22218.5,22235.000000000175,22235.000000000175,22218.5,22235.000000000175,1,22235.000000000175,0,0,,Click To Continue,Continue Button,6,object-272,1i-3,_,02,1i-3_02,1,Training02,40_BURYSNAPE,ASK,.png,40_BURYSNAPE_ASK.png,ZETH,WAN,40_BURYSNAPE_ZETH_WAN.png,,ZETH WAN,20_PULLSWORD_ASK.png,20_PULLSWORD_DOTS.png,WOUX WAN,ZETH WAN,ZETH WAN,WOUX WAN,20_PULLSWORD_WOUX_WAN.png,WOUX WAN,,,,,
18,1712486935708,07/04/2024 10:48:55,1712490535708,1,07/04/2024 12:48:55,139619,19,task-eihb,,36807913,BLIND,10853280,,complete,,66127707f08f0db0e246879c,computer,Desktop or Laptop,Windows 10,Chrome 123.0.0.0,1280x720,1280x585,,,0,1i-3 A Training,4,,,1i-3,,,Pass,,1i-3 A Training,1i-3 A Training,4,Training02,TrainingA,34efq7,1,response,FICH WUNG,18787.099999999977,35475.899999999994,35489.20000000036,18787.099999999977,35475.899999999994,35489.20000000036,1,18787.099999999977,16702.100000000384,0,,Single Text Entry,TextResponseA,4,object-97,1i-3,_,01,1i-3_01,1,Training02,04_WHEEZES,ASK,.png,04_WHEEZES_ASK.png,FICH,WUNG,04_WHEEZES_FICH_WUNG.png,,FICH WUNG,05_AUROR_ASK.png,05_AUROR_DOTS.png,FICH WUNG,ZETH WAN,FICH WUNG,ZETH WAN,05_AUROR_ZETH_WAN.png,,ZETH WAN,,,,
19,1712486948758,07/04/2024 10:49:08,1712490548758,1,07/04/2024 12:49:08,139619,19,task-eihb,,36807913,BLIND,10853280,,complete,,66127707f08f0db0e246879c,computer,Desktop or Laptop,Windows 10,Chrome 123.0.0.0,1280x720,1280x585,,,0,1i-3 A Training,4,,,1i-3,,,Pass,,1i-3 A Training,1i-3 A Training,4,Training02,TrainingB,2yfdu9,2,response,,13063.399999999994,13058.199999999983,13063.399999999994,13063.399999999994,13058.199999999983,13063.399999999994,1,13063.399999999994,0,0,,Click Response,Option A,4,object-245,1i-3,_,01,1i-3_01,1,Training02,04_WHEEZES,ASK,.png,04_WHEEZES_ASK.png,FICH,WUNG,04_WHEEZES_FICH_WUNG.png,,FICH WUNG,05_AUROR_ASK.png,05_AUROR_DOTS.png,FICH WUNG,ZETH WAN,FICH WUNG,ZETH WAN,05_AUROR_ZETH_WAN.png,,ZETH WAN,,,,
20,1712486956289,07/04/2024 10:49:16,1712490556289,1,07/04/2024 12:49:16,139619,19,task-eihb,,36807913,BLIND,10853280,,complete,,66127707f08f0db0e246879c,computer,Desktop or Laptop,Windows 10,Chrome 123.0.0.0,1280x720,1280x585,,,0,1i-3 A Training,4,,,1i-3,,,Pass,,1i-3 A Training,1i-3 A Training,4,Training02,TrainingC,1ouhhw,3,continue,,7536.100000000384,7528.400000000023,7536.100000000384,7536.100000000384,7528.400000000023,7536.100000000384,1,7536.100000000384,0,0,,Click To Continue,Continue Button,6,object-272,1i-3,_,01,1i-3_01,1,Training02,04_WHEEZES,ASK,.png,04_WHEEZES_ASK.png,FICH,WUNG,04_WHEEZES_FICH_WUNG.png,,FICH WUNG,05_AUROR_ASK.png,05_AUROR_DOTS.png,FICH WUNG,ZETH WAN,FICH WUNG,ZETH WAN,05_AUROR_ZETH_WAN.png,,ZETH WAN,,,,
21,1712486974813,07/04/2024 10:49:34,1712490574813,1,07/04/2024 12:49:34,139619,19,task-eihb,,36807913,BLIND,10853280,,complete,,66127707f08f0db0e246879c,computer,Desktop or Laptop,Windows 10,Chrome 123.0.0.0,1280x720,1280x585,,,0,1i-3 A Training,4,,,1i-3,,,Pass,,1i-3 A Training,1i-3 A Training,5,Training02,TrainingA,34efq7,1,response,ZETH WAN,8693.899999999994,18521.099999999977,18531.500000000175,8693.899999999994,18521.099999999977,18531.500000000175,1,8693.899999999994,9837.60000000018,0,,Single Text Entry,TextResponseA,4,object-97,1i-3,_,06,1i-3_06,2,Training02,12_SKEETER,ASK,.png,12_SKEETER_ASK.png,ZETH,WAN,12_SKEETER_ZETH_WAN.png,,ZETH WAN,12_SKEETER_ASK.png,12_SKEETER_DOTS.png,FICH WUNG,ZETH WAN,ZETH WAN,FICH WUNG,12_SKEETER_FICH_WUNG.png,FICH WUNG,,,,,
22,1712486982625,07/04/2024 10:49:42,1712490582625,1,07/04/2024 12:49:42,139619,19,task-eihb,,36807913,BLIND,10853280,,complete,,66127707f08f0db0e246879c,computer,Desktop or Laptop,Windows 10,Chrome 123.0.0.0,1280x720,1280x585,,,0,1i-3 A Training,4,,,1i-3,,,Pass,,1i-3 A Training,1i-3 A Training,5,Training02,TrainingB,2yfdu9,2,response,,7822.900000000198,7811.400000000023,7822.900000000198,7822.900000000198,7811.400000000023,7822.900000000198,1,7822.900000000198,0,0,,Click Response,Option B,5,object-246,1i-3,_,06,1i-3_06,2,Training02,12_SKEETER,ASK,.png,12_SKEETER_ASK.png,ZETH,WAN,12_SKEETER_ZETH_WAN.png,,ZETH WAN,12_SKEETER_ASK.png,12_SKEETER_DOTS.png,FICH WUNG,ZETH WAN,ZETH WAN,FICH WUNG,12_SKEETER_FICH_WUNG.png,FICH WUNG,,,,,
23,1712486988992,07/04/2024 10:49:48,1712490588992,1,07/04/2024 12:49:48,139619,19,task-eihb,,36807913,BLIND,10853280,,complete,,66127707f08f0db0e246879c,computer,Desktop or Laptop,Windows 10,Chrome 123.0.0.0,1280x720,1280x585,,,0,1i-3 A Training,4,,,1i-3,,,Pass,,1i-3 A Training,1i-3 A Training,5,Training02,TrainingC,1ouhhw,3,continue,,6378.700000000012,6362.299999999988,6378.700000000012,6378.700000000012,6362.299999999988,6378.700000000012,1,6378.700000000012,0,0,,Click To Continue,Continue Button,6,object-272,1i-3,_,06,1i-3_06,2,Training02,12_SKEETER,ASK,.png,12_SKEETER_ASK.png,ZETH,WAN,12_SKEETER_ZETH_WAN.png,,ZETH WAN,12_SKEETER_ASK.png,12_SKEETER_DOTS.png,FICH WUNG,ZETH WAN,ZETH WAN,FICH WUNG,12_SKEETER_FICH_WUNG.png,FICH WUNG,,,,,
24,1712486997274,07/04/2024 10:49:57,1712490597274,1,07/04/2024 12:49:57,139619,19,task-eihb,,36807913,BLIND,10853280,,complete,,66127707f08f0db0e246879c,computer,Desktop or Laptop,Windows 10,Chrome 123.0.0.0,1280x720,1280x585,,,0,1i-3 A Training,4,,,1i-3,,,Pass,,1i-3 A Training,1i-3 A Training,6,Training02,TrainingA,34efq7,1,response,FICH WUNG,5912.599999999977,8294.599999999977,8298.100000000093,5912.599999999977,8294.599999999977,8298.100000000093,1,5912.599999999977,2385.5000000001164,0,,Single Text Entry,TextResponseA,4,object-97,1i-3,_,05,1i-3_05,2,Training02,18_LIVEGODRIC,ASK,.png,18_LIVEGODRIC_ASK.png,FICH,WUNG,18_LIVEGODRIC_FICH_WUNG.png,,FICH WUNG,07_AZKABAN_ASK.png,07_AZKABAN_DOTS.png,FICH WUNG,RUSP WIM,FICH WUNG,RUSP WIM,07_AZKABAN_RUSP_WIM.png,,RUSP WIM,,,,
25,1712487002277,07/04/2024 10:50:02,1712490602277,1,07/04/2024 12:50:02,139619,19,task-eihb,,36807913,BLIND,10853280,,complete,,66127707f08f0db0e246879c,computer,Desktop or Laptop,Windows 10,Chrome 123.0.0.0,1280x720,1280x585,,,0,1i-3 A Training,4,,,1i-3,,,Pass,,1i-3 A Training,1i-3 A Training,6,Training02,TrainingB,2yfdu9,2,response,,5006.400000000023,4996.600000000035,5006.400000000023,5006.400000000023,4996.600000000035,5006.400000000023,1,5006.400000000023,0,0,,Click Response,Option B,5,object-246,1i-3,_,05,1i-3_05,2,Training02,18_LIVEGODRIC,ASK,.png,18_LIVEGODRIC_ASK.png,FICH,WUNG,18_LIVEGODRIC_FICH_WUNG.png,,FICH WUNG,07_AZKABAN_ASK.png,07_AZKABAN_DOTS.png,FICH WUNG,RUSP WIM,FICH WUNG,RUSP WIM,07_AZKABAN_RUSP_WIM.png,,RUSP WIM,,,,
26,1712487008458,07/04/2024 10:50:08,1712490608458,1,07/04/2024 12:50:08,139619,19,task-eihb,,36807913,BLIND,10853280,,complete,,66127707f08f0db0e246879c,computer,Desktop or Laptop,Windows 10,Chrome 123.0.0.0,1280x720,1280x585,,,0,1i-3 A Training,4,,,1i-3,,,Pass,,1i-3 A Training,1i-3 A Training,6,Training02,TrainingC,1ouhhw,3,continue,,6190.600000000268,6179.599999999977,6190.600000000268,6190.600000000268,6179.599999999977,6190.600000000268,1,6190.600000000268,0,0,,Click To Continue,Continue Button,6,object-272,1i-3,_,05,1i-3_05,2,Training02,18_LIVEGODRIC,ASK,.png,18_LIVEGODRIC_ASK.png,FICH,WUNG,18_LIVEGODRIC_FICH_WUNG.png,,FICH WUNG,07_AZKABAN_ASK.png,07_AZKABAN_DOTS.png,FICH WUNG,RUSP WIM,FICH WUNG,RUSP WIM,07_AZKABAN_RUSP_WIM.png,,RUSP WIM,,,,
27,1712487018843,07/04/2024 10:50:18,1712490618843,1,07/04/2024 12:50:18,139619,19,task-eihb,,36807913,BLIND,10853280,,complete,,66127707f08f0db0e246879c,computer,Desktop or Laptop,Windows 10,Chrome 123.0.0.0,1280x720,1280x585,,,0,1i-3 A Training,4,,,1i-3,,,Pass,,1i-3 A Training,1i-3 A Training,7,Training02,TrainingA,34efq7,1,response,WOUX WAN,7044.900000000023,10392.700000000012,10396.600000000384,7044.900000000023,10392.700000000012,10396.600000000384,1,7044.900000000023,3351.700000000361,0,,Single Text Entry,TextResponseA,4,object-97,1i-3,_,08,1i-3_08,2,Training02,28_GALLEONS,ASK,.png,28_GALLEONS_ASK.png,WOUX,WAN,28_GALLEONS_WOUX_WAN.png,,WOUX WAN,39_STOPHAGRID_ASK.png,39_STOPHAGRID_DOTS.png,ZETH WAN,WOUX WAN,WOUX WAN,ZETH WAN,39_STOPHAGRID_ZETH_WAN.png,ZETH WAN,,,,,
28,1712487027651,07/04/2024 10:50:27,1712490627651,1,07/04/2024 12:50:27,139619,19,task-eihb,,36807913,BLIND,10853280,,complete,,66127707f08f0db0e246879c,computer,Desktop or Laptop,Windows 10,Chrome 123.0.0.0,1280x720,1280x585,,,0,1i-3 A Training,4,,,1i-3,,,Pass,,1i-3 A Training,1i-3 A Training,7,Training02,TrainingB,2yfdu9,2,response,,8810.899999999965,8794.299999999988,8810.899999999965,8810.899999999965,8794.299999999988,8810.899999999965,1,8810.899999999965,0,0,,Click Response,Option A,4,object-245,1i-3,_,08,1i-3_08,2,Training02,28_GALLEONS,ASK,.png,28_GALLEONS_ASK.png,WOUX,WAN,28_GALLEONS_WOUX_WAN.png,,WOUX WAN,39_STOPHAGRID_ASK.png,39_STOPHAGRID_DOTS.png,ZETH WAN,WOUX WAN,WOUX WAN,ZETH WAN,39_STOPHAGRID_ZETH_WAN.png,ZETH WAN,,,,,
29,1712487031253,07/04/2024 10:50:31,1712490631253,1,07/04/2024 12:50:31,139619,19,task-eihb,,36807913,BLIND,10853280,,complete,,66127707f08f0db0e246879c,computer,Desktop or Laptop,Windows 10,Chrome 123.0.0.0,1280x720,1280x585,,,0,1i-3 A Training,4,,,1i-3,,,Pass,,1i-3 A Training,1i-3 A Training,7,Training02,TrainingC,1ouhhw,3,continue,,3619.400000000198,3614.2999999999884,3619.400000000198,3619.400000000198,3614.2999999999884,3619.400000000198,1,3619.400000000198,0,0,,Click To Continue,Continue Button,6,object-272,1i-3,_,08,1i-3_08,2,Training02,28_GALLEONS,ASK,.png,28_GALLEONS_ASK.png,WOUX,WAN,28_GALLEONS_WOUX_WAN.png,,WOUX WAN,39_STOPHAGRID_ASK.png,39_STOPHAGRID_DOTS.png,ZETH WAN,WOUX WAN,WOUX WAN,ZETH WAN,39_STOPHAGRID_ZETH_WAN.png,ZETH WAN,,,,,
30,1712487039869,07/04/2024 10:50:39,1712490639869,1,07/04/2024 12:50:39,139619,19,task-eihb,,36807913,BLIND,10853280,,complete,,66127707f08f0db0e246879c,computer,Desktop or Laptop,Windows 10,Chrome 123.0.0.0,1280x720,1280x585,,,0,1i-3 A Training,4,,,1i-3,,,Pass,,1i-3 A Training,1i-3 A Training,8,Training02,TrainingA,34efq7,1,response,RUSP WIM,4663.400000000023,8610.700000000012,8621.000000000116,4663.400000000023,8610.700000000012,8621.000000000116,1,4663.400000000023,3957.600000000093,0,,Single Text Entry,TextResponseA,4,object-97,1i-3,_,07,1i-3_07,2,Training02,34_FANLETTERS,ASK,.png,34_FANLETTERS_ASK.png,RUSP,WIM,34_FANLETTERS_RUSP_WIM.png,,RUSP WIM,34_FANLETTERS_ASK.png,34_FANLETTERS_DOTS.png,RUSP WIM,WOUX WAN,RUSP WIM,WOUX WAN,34_FANLETTERS_WOUX_WAN.png,,WOUX WAN,,,,
31,1712487045159,07/04/2024 10:50:45,1712490645159,1,07/04/2024 12:50:45,139619,19,task-eihb,,36807913,BLIND,10853280,,complete,,66127707f08f0db0e246879c,computer,Desktop or Laptop,Windows 10,Chrome 123.0.0.0,1280x720,1280x585,,,0,1i-3 A Training,4,,,1i-3,,,Pass,,1i-3 A Training,1i-3 A Training,8,Training02,TrainingB,2yfdu9,2,response,,5300.100000000384,5297,5300.100000000384,5300.100000000384,5297,5300.100000000384,1,5300.100000000384,0,0,,Click Response,Option A,4,object-245,1i-3,_,07,1i-3_07,2,Training02,34_FANLETTERS,ASK,.png,34_FANLETTERS_ASK.png,RUSP,WIM,34_FANLETTERS_RUSP_WIM.png,,RUSP WIM,34_FANLETTERS_ASK.png,34_FANLETTERS_DOTS.png,RUSP WIM,WOUX WAN,RUSP WIM,WOUX WAN,34_FANLETTERS_WOUX_WAN.png,,WOUX WAN,,,,
32,1712487047063,07/04/2024 10:50:47,1712490647063,1,07/04/2024 12:50:47,139619,19,task-eihb,,36807913,BLIND,10853280,,complete,,66127707f08f0db0e246879c,computer,Desktop or Laptop,Windows 10,Chrome 123.0.0.0,1280x720,1280x585,,,0,1i-3 A Training,4,,,1i-3,,,Pass,,1i-3 A Training,1i-3 A Training,8,Training02,TrainingC,1ouhhw,3,continue,,1906.8000000001048,1898.600000000035,1906.8000000001048,1906.8000000001048,1898.600000000035,1906.8000000001048,1,1906.8000000001048,0,0,,Click To Continue,Continue Button,6,object-272,1i-3,_,07,1i-3_07,2,Training02,34_FANLETTERS,ASK,.png,34_FANLETTERS_ASK.png,RUSP,WIM,34_FANLETTERS_RUSP_WIM.png,,RUSP WIM,34_FANLETTERS_ASK.png,34_FANLETTERS_DOTS.png,RUSP WIM,WOUX WAN,RUSP WIM,WOUX WAN,34_FANLETTERS_WOUX_WAN.png,,WOUX WAN,,,,
33,1712487054334,07/04/2024 10:50:54,1712490654334,1,07/04/2024 12:50:54,139619,19,task-eihb,,36807913,BLIND,10853280,,complete,,66127707f08f0db0e246879c,computer,Desktop or Laptop,Windows 10,Chrome 123.0.0.0,1280x720,1280x585,,,0,1i-3 A Training,4,,,1i-3,,,Pass,,1i-3 A Training,1i-3 A Training,9,Training02,TrainingA,34efq7,1,response,WOUX WAN,4280.5,7278.099999999977,7279.300000000163,4280.5,7278.099999999977,7279.300000000163,1,4280.5,2998.800000000163,0,,Single Text Entry,TextResponseA,4,object-97,1i-3,_,12,1i-3_12,3,Training02,14_MUNGOS,ASK,.png,14_MUNGOS_ASK.png,WOUX,WAN,14_MUNGOS_WOUX_WAN.png,,WOUX WAN,33_ROR_ASK.png,33_ROR_DOTS.png,FICH WUNG,WOUX WAN,WOUX WAN,FICH WUNG,33_ROR_FICH_WUNG.png,FICH WUNG,,,,,
34,1712487058387,07/04/2024 10:50:58,1712490658387,1,07/04/2024 12:50:58,139619,19,task-eihb,,36807913,BLIND,10853280,,complete,,66127707f08f0db0e246879c,computer,Desktop or Laptop,Windows 10,Chrome 123.0.0.0,1280x720,1280x585,,,0,1i-3 A Training,4,,,1i-3,,,Pass,,1i-3 A Training,1i-3 A Training,9,Training02,TrainingB,2yfdu9,2,response,,4053.8000000002794,4047.7000000000116,4053.8000000002794,4053.8000000002794,4047.7000000000116,4053.8000000002794,1,4053.8000000002794,0,0,,Click Response,Option A,4,object-245,1i-3,_,12,1i-3_12,3,Training02,14_MUNGOS,ASK,.png,14_MUNGOS_ASK.png,WOUX,WAN,14_MUNGOS_WOUX_WAN.png,,WOUX WAN,33_ROR_ASK.png,33_ROR_DOTS.png,FICH WUNG,WOUX WAN,WOUX WAN,FICH WUNG,33_ROR_FICH_WUNG.png,FICH WUNG,,,,,
35,1712487061685,07/04/2024 10:51:01,1712490661685,1,07/04/2024 12:51:01,139619,19,task-eihb,,36807913,BLIND,10853280,,complete,,66127707f08f0db0e246879c,computer,Desktop or Laptop,Windows 10,Chrome 123.0.0.0,1280x720,1280x585,,,0,1i-3 A Training,4,,,1i-3,,,Pass,,1i-3 A Training,1i-3 A Training,9,Training02,TrainingC,1ouhhw,3,continue,,3304.5000000001746,3297.7999999999884,3304.5000000001746,3304.5000000001746,3297.7999999999884,3304.5000000001746,1,3304.5000000001746,0,0,,Click To Continue,Continue Button,6,object-272,1i-3,_,12,1i-3_12,3,Training02,14_MUNGOS,ASK,.png,14_MUNGOS_ASK.png,WOUX,WAN,14_MUNGOS_WOUX_WAN.png,,WOUX WAN,33_ROR_ASK.png,33_ROR_DOTS.png,FICH WUNG,WOUX WAN,WOUX WAN,FICH WUNG,33_ROR_FICH_WUNG.png,FICH WUNG,,,,,
36,1712487070419,07/04/2024 10:51:10,1712490670419,1,07/04/2024 12:51:10,139619,19,task-eihb,,36807913,BLIND,10853280,,complete,,66127707f08f0db0e246879c,computer,Desktop or Laptop,Windows 10,Chrome 123.0.0.0,1280x720,1280x585,,,0,1i-3 A Training,4,,,1i-3,,,Pass,,1i-3 A Training,1i-3 A Training,10,Training02,TrainingA,34efq7,1,response,FICH WUNG,5779.299999999988,8727.599999999977,8740.30000000028,5779.299999999988,8727.599999999977,8740.30000000028,1,5779.299999999988,2961.000000000291,0,,Single Text Entry,TextResponseA,4,object-97,1i-3,_,09,1i-3_09,3,Training02,32_QWC,ASK,.png,32_QWC_ASK.png,FICH,WUNG,32_QWC_FICH_WUNG.png,,FICH WUNG,13_QUIBBLER_ASK.png,13_QUIBBLER_DOTS.png,FICH WUNG,WOUX WAN,FICH WUNG,WOUX WAN,13_QUIBBLER_WOUX_WAN.png,,WOUX WAN,,,,
37,1712487077871,07/04/2024 10:51:17,1712490677871,1,07/04/2024 12:51:17,139619,19,task-eihb,,36807913,BLIND,10853280,,complete,,66127707f08f0db0e246879c,computer,Desktop or Laptop,Windows 10,Chrome 123.0.0.0,1280x720,1280x585,,,0,1i-3 A Training,4,,,1i-3,,,Pass,,1i-3 A Training,1i-3 A Training,10,Training02,TrainingB,2yfdu9,2,response,,7465.10000000021,7461.300000000047,7465.10000000021,7465.10000000021,7461.300000000047,7465.10000000021,1,7465.10000000021,0,0,,Click Response,Option B,5,object-246,1i-3,_,09,1i-3_09,3,Training02,32_QWC,ASK,.png,32_QWC_ASK.png,FICH,WUNG,32_QWC_FICH_WUNG.png,,FICH WUNG,13_QUIBBLER_ASK.png,13_QUIBBLER_DOTS.png,FICH WUNG,WOUX WAN,FICH WUNG,WOUX WAN,13_QUIBBLER_WOUX_WAN.png,,WOUX WAN,,,,
38,1712487080407,07/04/2024 10:51:20,1712490680407,1,07/04/2024 12:51:20,139619,19,task-eihb,,36807913,BLIND,10853280,,complete,,66127707f08f0db0e246879c,computer,Desktop or Laptop,Windows 10,Chrome 123.0.0.0,1280x720,1280x585,,,0,1i-3 A Training,4,,,1i-3,,,Pass,,1i-3 A Training,1i-3 A Training,10,Training02,TrainingC,1ouhhw,3,continue,,2540.0000000003492,2531.899999999965,2540.0000000003492,2540.0000000003492,2531.899999999965,2540.0000000003492,1,2540.0000000003492,0,0,,Click To Continue,Continue Button,6,object-272,1i-3,_,09,1i-3_09,3,Training02,32_QWC,ASK,.png,32_QWC_ASK.png,FICH,WUNG,32_QWC_FICH_WUNG.png,,FICH WUNG,13_QUIBBLER_ASK.png,13_QUIBBLER_DOTS.png,FICH WUNG,WOUX WAN,FICH WUNG,WOUX WAN,13_QUIBBLER_WOUX_WAN.png,,WOUX WAN,,,,
39,1712487086551,07/04/2024 10:51:26,1712490686551,1,07/04/2024 12:51:26,139619,19,task-eihb,,36807913,BLIND,10853280,,complete,,66127707f08f0db0e246879c,computer,Desktop or Laptop,Windows 10,Chrome 123.0.0.0,1280x720,1280x585,,,0,1i-3 A Training,4,,,1i-3,,,Pass,,1i-3 A Training,1i-3 A Training,11,Training02,TrainingA,34efq7,1,response,ZETH WAN,3697.7000000000116,6145.799999999988,6152.200000000012,3697.7000000000116,6145.799999999988,6152.200000000012,1,3697.7000000000116,2454.5,0,,Single Text Entry,TextResponseA,4,object-97,1i-3,_,10,1i-3_10,3,Training02,19_BURYVOLDY,ASK,.png,19_BURYVOLDY_ASK.png,ZETH,WAN,19_BURYVOLDY_ZETH_WAN.png,,ZETH WAN,21_TEACHHOG_ASK.png,21_TEACHHOG_DOTS.png,ZETH WAN,RUSP WIM,ZETH WAN,RUSP WIM,21_TEACHHOG_RUSP_WIM.png,,RUSP WIM,,,,
40,1712487089807,07/04/2024 10:51:29,1712490689807,1,07/04/2024 12:51:29,139619,19,task-eihb,,36807913,BLIND,10853280,,complete,,66127707f08f0db0e246879c,computer,Desktop or Laptop,Windows 10,Chrome 123.0.0.0,1280x720,1280x585,,,0,1i-3 A Training,4,,,1i-3,,,Pass,,1i-3 A Training,1i-3 A Training,11,Training02,TrainingB,2yfdu9,2,response,,3261.9000000000233,3248.3000000000466,3261.9000000000233,3261.9000000000233,3248.3000000000466,3261.9000000000233,1,3261.9000000000233,0,0,,Click Response,Option B,5,object-246,1i-3,_,10,1i-3_10,3,Training02,19_BURYVOLDY,ASK,.png,19_BURYVOLDY_ASK.png,ZETH,WAN,19_BURYVOLDY_ZETH_WAN.png,,ZETH WAN,21_TEACHHOG_ASK.png,21_TEACHHOG_DOTS.png,ZETH WAN,RUSP WIM,ZETH WAN,RUSP WIM,21_TEACHHOG_RUSP_WIM.png,,RUSP WIM,,,,
41,1712487091879,07/04/2024 10:51:31,1712490691879,1,07/04/2024 12:51:31,139619,19,task-eihb,,36807913,BLIND,10853280,,complete,,66127707f08f0db0e246879c,computer,Desktop or Laptop,Windows 10,Chrome 123.0.0.0,1280x720,1280x585,,,0,1i-3 A Training,4,,,1i-3,,,Pass,,1i-3 A Training,1i-3 A Training,11,Training02,TrainingC,1ouhhw,3,continue,,2085.70000000007,2081.6999999999534,2085.70000000007,2085.70000000007,2081.6999999999534,2085.70000000007,1,2085.70000000007,0,0,,Click To Continue,Continue Button,6,object-272,1i-3,_,10,1i-3_10,3,Training02,19_BURYVOLDY,ASK,.png,19_BURYVOLDY_ASK.png,ZETH,WAN,19_BURYVOLDY_ZETH_WAN.png,,ZETH WAN,21_TEACHHOG_ASK.png,21_TEACHHOG_DOTS.png,ZETH WAN,RUSP WIM,ZETH WAN,RUSP WIM,21_TEACHHOG_RUSP_WIM.png,,RUSP WIM,,,,
42,1712487100879,07/04/2024 10:51:40,1712490700879,1,07/04/2024 12:51:40,139619,19,task-eihb,,36807913,BLIND,10853280,,complete,,66127707f08f0db0e246879c,computer,Desktop or Laptop,Windows 10,Chrome 123.0.0.0,1280x720,1280x585,,,0,1i-3 A Training,4,,,1i-3,,,Pass,,1i-3 A Training,1i-3 A Training,12,Training02,TrainingA,34efq7,1,response,RUSP WIM,6578.900000000023,8993.700000000012,9004.400000000023,6578.900000000023,8993.700000000012,9004.400000000023,1,6578.900000000023,2425.5,0,,Single Text Entry,TextResponseA,4,object-97,1i-3,_,11,1i-3_11,3,Training02,27_BESTSELLER,ASK,.png,27_BESTSELLER_ASK.png,RUSP,WIM,27_BESTSELLER_RUSP_WIM.png,,RUSP WIM,25_PROSECUTE_ASK.png,25_PROSECUTE_DOTS.png,ZETH WAN,RUSP WIM,RUSP WIM,ZETH WAN,25_PROSECUTE_ZETH_WAN.png,ZETH WAN,,,,,
43,1712487106470,07/04/2024 10:51:46,1712490706470,1,07/04/2024 12:51:46,139619,19,task-eihb,,36807913,BLIND,10853280,,complete,,66127707f08f0db0e246879c,computer,Desktop or Laptop,Windows 10,Chrome 123.0.0.0,1280x720,1280x585,,,0,1i-3 A Training,4,,,1i-3,,,Pass,,1i-3 A Training,1i-3 A Training,12,Training02,TrainingB,2yfdu9,2,response,,5602.200000000012,5596.299999999988,5602.200000000012,5602.200000000012,5596.299999999988,5602.200000000012,1,5602.200000000012,0,0,,Click Response,Option A,4,object-245,1i-3,_,11,1i-3_11,3,Training02,27_BESTSELLER,ASK,.png,27_BESTSELLER_ASK.png,RUSP,WIM,27_BESTSELLER_RUSP_WIM.png,,RUSP WIM,25_PROSECUTE_ASK.png,25_PROSECUTE_DOTS.png,ZETH WAN,RUSP WIM,RUSP WIM,ZETH WAN,25_PROSECUTE_ZETH_WAN.png,ZETH WAN,,,,,
44,1712487109009,07/04/2024 10:51:49,1712490709009,1,07/04/2024 12:51:49,139619,19,task-eihb,,36807913,BLIND,10853280,,complete,,66127707f08f0db0e246879c,computer,Desktop or Laptop,Windows 10,Chrome 123.0.0.0,1280x720,1280x585,,,0,1i-3 A Training,4,,,1i-3,,,Pass,,1i-3 A Training,1i-3 A Training,12,Training02,TrainingC,1ouhhw,3,continue,,2544.800000000396,2531.600000000035,2544.800000000396,2544.800000000396,2531.600000000035,2544.800000000396,1,2544.800000000396,0,0,,Click To Continue,Continue Button,6,object-272,1i-3,_,11,1i-3_11,3,Training02,27_BESTSELLER,ASK,.png,27_BESTSELLER_ASK.png,RUSP,WIM,27_BESTSELLER_RUSP_WIM.png,,RUSP WIM,25_PROSECUTE_ASK.png,25_PROSECUTE_DOTS.png,ZETH WAN,RUSP WIM,RUSP WIM,ZETH WAN,25_PROSECUTE_ZETH_WAN.png,ZETH WAN,,,,,
45,1712487119537,07/04/2024 10:51:59,1712490719537,1,07/04/2024 12:51:59,139619,19,task-eihb,,36807913,BLIND,10853280,,complete,,66127707f08f0db0e246879c,computer,Desktop or Laptop,Windows 10,Chrome 123.0.0.0,1280x720,1280x585,,,0,1i-3 A Training,4,,,1i-3,,,Pass,,1i-3 A Training,1i-3 A Training,13,Training02,TrainingA,34efq7,1,response,FICH WUNG,5646.099999999977,10526.700000000012,10541.100000000268,5646.099999999977,10526.700000000012,10541.100000000268,1,5646.099999999977,4895.000000000291,0,,Single Text Entry,TextResponseA,4,object-97,1i-3,_,13,1i-3_13,4,Training02,11_RONWAND,ASK,.png,11_RONWAND_ASK.png,FICH,WUNG,11_RONWAND_FICH_WUNG.png,,FICH WUNG,06_MOM_ASK.png,06_MOM_DOTS.png,ZETH WAN,FICH WUNG,FICH WUNG,ZETH WAN,06_MOM_ZETH_WAN.png,ZETH WAN,,,,,
46,1712487125381,07/04/2024 10:52:05,1712490725381,1,07/04/2024 12:52:05,139619,19,task-eihb,,36807913,BLIND,10853280,,complete,,66127707f08f0db0e246879c,computer,Desktop or Laptop,Windows 10,Chrome 123.0.0.0,1280x720,1280x585,,,0,1i-3 A Training,4,,,1i-3,,,Pass,,1i-3 A Training,1i-3 A Training,13,Training02,TrainingB,2yfdu9,2,response,,5857.900000000256,5846.299999999988,5857.900000000256,5857.900000000256,5846.299999999988,5857.900000000256,1,5857.900000000256,0,0,,Click Response,Option A,4,object-245,1i-3,_,13,1i-3_13,4,Training02,11_RONWAND,ASK,.png,11_RONWAND_ASK.png,FICH,WUNG,11_RONWAND_FICH_WUNG.png,,FICH WUNG,06_MOM_ASK.png,06_MOM_DOTS.png,ZETH WAN,FICH WUNG,FICH WUNG,ZETH WAN,06_MOM_ZETH_WAN.png,ZETH WAN,,,,,
47,1712487127305,07/04/2024 10:52:07,1712490727305,1,07/04/2024 12:52:07,139619,19,task-eihb,,36807913,BLIND,10853280,,complete,,66127707f08f0db0e246879c,computer,Desktop or Laptop,Windows 10,Chrome 123.0.0.0,1280x720,1280x585,,,0,1i-3 A Training,4,,,1i-3,,,Pass,,1i-3 A Training,1i-3 A Training,13,Training02,TrainingC,1ouhhw,3,continue,,1936.1000000002678,1931.7999999999884,1936.1000000002678,1936.1000000002678,1931.7999999999884,1936.1000000002678,1,1936.1000000002678,0,0,,Click To Continue,Continue Button,6,object-272,1i-3,_,13,1i-3_13,4,Training02,11_RONWAND,ASK,.png,11_RONWAND_ASK.png,FICH,WUNG,11_RONWAND_FICH_WUNG.png,,FICH WUNG,06_MOM_ASK.png,06_MOM_DOTS.png,ZETH WAN,FICH WUNG,FICH WUNG,ZETH WAN,06_MOM_ZETH_WAN.png,ZETH WAN,,,,,
48,1712487133827,07/04/2024 10:52:13,1712490733827,1,07/04/2024 12:52:13,139619,19,task-eihb,,36807913,BLIND,10853280,,complete,,66127707f08f0db0e246879c,computer,Desktop or Laptop,Windows 10,Chrome 123.0.0.0,1280x720,1280x585,,,0,1i-3 A Training,4,,,1i-3,,,Pass,,1i-3 A Training,1i-3 A Training,14,Training02,TrainingA,34efq7,1,response,ZETH WAN,4380.599999999977,6512.400000000023,6526.4000000003725,4380.599999999977,6512.400000000023,6526.4000000003725,1,4380.599999999977,2145.800000000396,0,,Single Text Entry,TextResponseA,4,object-97,1i-3,_,14,1i-3_14,4,Training02,33_ROR,ASK,.png,33_ROR_ASK.png,ZETH,WAN,33_ROR_ZETH_WAN.png,,ZETH WAN,19_BURYVOLDY_ASK.png,19_BURYVOLDY_DOTS.png,ZETH WAN,WOUX WAN,ZETH WAN,WOUX WAN,19_BURYVOLDY_WOUX_WAN.png,,WOUX WAN,,,,
49,1712487138130,07/04/2024 10:52:18,1712490738130,1,07/04/2024 12:52:18,139619,19,task-eihb,,36807913,BLIND,10853280,,complete,,66127707f08f0db0e246879c,computer,Desktop or Laptop,Windows 10,Chrome 123.0.0.0,1280x720,1280x585,,,0,1i-3 A Training,4,,,1i-3,,,Pass,,1i-3 A Training,1i-3 A Training,14,Training02,TrainingB,2yfdu9,2,response,,4316.300000000163,4313.599999999977,4316.300000000163,4316.300000000163,4313.599999999977,4316.300000000163,1,4316.300000000163,0,0,,Click Response,Option A,4,object-245,1i-3,_,14,1i-3_14,4,Training02,33_ROR,ASK,.png,33_ROR_ASK.png,ZETH,WAN,33_ROR_ZETH_WAN.png,,ZETH WAN,19_BURYVOLDY_ASK.png,19_BURYVOLDY_DOTS.png,ZETH WAN,WOUX WAN,ZETH WAN,WOUX WAN,19_BURYVOLDY_WOUX_WAN.png,,WOUX WAN,,,,
50,1712487139375,07/04/2024 10:52:19,1712490739375,1,07/04/2024 12:52:19,139619,19,task-eihb,,36807913,BLIND,10853280,,complete,,66127707f08f0db0e246879c,computer,Desktop or Laptop,Windows 10,Chrome 123.0.0.0,1280x720,1280x585,,,0,1i-3 A Training,4,,,1i-3,,,Pass,,1i-3 A Training,1i-3 A Training,14,Training02,TrainingC,1ouhhw,3,continue,,1248,1232.5999999999767,1248,1248,1232.5999999999767,1248,1,1248,0,0,,Click To Continue,Continue Button,6,object-272,1i-3,_,14,1i-3_14,4,Training02,33_ROR,ASK,.png,33_ROR_ASK.png,ZETH,WAN,33_ROR_ZETH_WAN.png,,ZETH WAN,19_BURYVOLDY_ASK.png,19_BURYVOLDY_DOTS.png,ZETH WAN,WOUX WAN,ZETH WAN,WOUX WAN,19_BURYVOLDY_WOUX_WAN.png,,WOUX WAN,,,,
51,1712487145512,07/04/2024 10:52:25,1712490745512,1,07/04/2024 12:52:25,139619,19,task-eihb,,36807913,BLIND,10853280,,complete,,66127707f08f0db0e246879c,computer,Desktop or Laptop,Windows 10,Chrome 123.0.0.0,1280x720,1280x585,,,0,1i-3 A Training,4,,,1i-3,,,Pass,,1i-3 A Training,1i-3 A Training,15,Training02,TrainingA,34efq7,1,response,WOUX WAN,3464.8000000000466,6145.900000000023,6152.500000000116,3464.8000000000466,6145.900000000023,6152.500000000116,1,3464.8000000000466,2687.70000000007,0,,Single Text Entry,TextResponseA,4,object-97,1i-3,_,16,1i-3_16,4,Training02,42_ENGLAND,ASK,.png,42_ENGLAND_ASK.png,WOUX,WAN,42_ENGLAND_WOUX_WAN.png,,WOUX WAN,41_PIXIE_ASK.png,41_PIXIE_DOTS.png,RUSP WIM,WOUX WAN,WOUX WAN,RUSP WIM,41_PIXIE_RUSP_WIM.png,RUSP WIM,,,,,
52,1712487151684,07/04/2024 10:52:31,1712490751684,1,07/04/2024 12:52:31,139619,19,task-eihb,,36807913,BLIND,10853280,,complete,,66127707f08f0db0e246879c,computer,Desktop or Laptop,Windows 10,Chrome 123.0.0.0,1280x720,1280x585,,,0,1i-3 A Training,4,,,1i-3,,,Pass,,1i-3 A Training,1i-3 A Training,15,Training02,TrainingB,2yfdu9,2,response,,6178.200000000186,6162.799999999988,6178.200000000186,6178.200000000186,6162.799999999988,6178.200000000186,1,6178.200000000186,0,0,,Click Response,Option A,4,object-245,1i-3,_,16,1i-3_16,4,Training02,42_ENGLAND,ASK,.png,42_ENGLAND_ASK.png,WOUX,WAN,42_ENGLAND_WOUX_WAN.png,,WOUX WAN,41_PIXIE_ASK.png,41_PIXIE_DOTS.png,RUSP WIM,WOUX WAN,WOUX WAN,RUSP WIM,41_PIXIE_RUSP_WIM.png,RUSP WIM,,,,,
53,1712487154715,07/04/2024 10:52:34,1712490754715,1,07/04/2024 12:52:34,139619,19,task-eihb,,36807913,BLIND,10853280,,complete,,66127707f08f0db0e246879c,computer,Desktop or Laptop,Windows 10,Chrome 123.0.0.0,1280x720,1280x585,,,0,1i-3 A Training,4,,,1i-3,,,Pass,,1i-3 A Training,1i-3 A Training,15,Training02,TrainingC,1ouhhw,3,continue,,3046.500000000291,3031.100000000035,3046.500000000291,3046.500000000291,3031.100000000035,3046.500000000291,1,3046.500000000291,0,0,,Click To Continue,Continue Button,6,object-272,1i-3,_,16,1i-3_16,4,Training02,42_ENGLAND,ASK,.png,42_ENGLAND_ASK.png,WOUX,WAN,42_ENGLAND_WOUX_WAN.png,,WOUX WAN,41_PIXIE_ASK.png,41_PIXIE_DOTS.png,RUSP WIM,WOUX WAN,WOUX WAN,RUSP WIM,41_PIXIE_RUSP_WIM.png,RUSP WIM,,,,,
54,1712487160529,07/04/2024 10:52:40,1712490760529,1,07/04/2024 12:52:40,139619,19,task-eihb,,36807913,BLIND,10853280,,complete,,66127707f08f0db0e246879c,computer,Desktop or Laptop,Windows 10,Chrome 123.0.0.0,1280x720,1280x585,,,0,1i-3 A Training,4,,,1i-3,,,Pass,,1i-3 A Training,1i-3 A Training,16,Training02,TrainingA,34efq7,1,response,RUSP WIM,3647.7999999999884,5812.599999999977,5828.800000000163,3647.7999999999884,5812.599999999977,5828.800000000163,1,3647.7999999999884,2181.0000000001746,0,,Single Text Entry,TextResponseA,4,object-97,1i-3,_,15,1i-3_15,4,Training02,06_MOM,ASK,.png,06_MOM_ASK.png,RUSP,WIM,06_MOM_RUSP_WIM.png,,RUSP WIM,26_ERISED_ASK.png,26_ERISED_DOTS.png,RUSP WIM,FICH WUNG,RUSP WIM,FICH WUNG,26_ERISED_FICH_WUNG.png,,FICH WUNG,,,,
55,1712487168285,07/04/2024 10:52:48,1712490768285,1,07/04/2024 12:52:48,139619,19,task-eihb,,36807913,BLIND,10853280,,complete,,66127707f08f0db0e246879c,computer,Desktop or Laptop,Windows 10,Chrome 123.0.0.0,1280x720,1280x585,,,0,1i-3 A Training,4,,,1i-3,,,Pass,,1i-3 A Training,1i-3 A Training,16,Training02,TrainingB,2yfdu9,2,response,,7773,7761.5,7773,7773,7761.5,7773,1,7773,0,0,,Click Response,Option B,5,object-246,1i-3,_,15,1i-3_15,4,Training02,06_MOM,ASK,.png,06_MOM_ASK.png,RUSP,WIM,06_MOM_RUSP_WIM.png,,RUSP WIM,26_ERISED_ASK.png,26_ERISED_DOTS.png,RUSP WIM,FICH WUNG,RUSP WIM,FICH WUNG,26_ERISED_FICH_WUNG.png,,FICH WUNG,,,,
56,1712487170047,07/04/2024 10:52:50,1712490770047,1,07/04/2024 12:52:50,139619,19,task-eihb,,36807913,BLIND,10853280,,complete,,66127707f08f0db0e246879c,computer,Desktop or Laptop,Windows 10,Chrome 123.0.0.0,1280x720,1280x585,,,0,1i-3 A Training,4,,,1i-3,,,Pass,,1i-3 A Training,1i-3 A Training,16,Training02,TrainingC,1ouhhw,3,continue,,1773.2000000001863,1765.5999999999767,1773.2000000001863,1773.2000000001863,1765.5999999999767,1773.2000000001863,1,1773.2000000001863,0,0,,Click To Continue,Continue Button,6,object-272,1i-3,_,15,1i-3_15,4,Training02,06_MOM,ASK,.png,06_MOM_ASK.png,RUSP,WIM,06_MOM_RUSP_WIM.png,,RUSP WIM,26_ERISED_ASK.png,26_ERISED_DOTS.png,RUSP WIM,FICH WUNG,RUSP WIM,FICH WUNG,26_ERISED_FICH_WUNG.png,,FICH WUNG,,,,
57,1712487175883,07/04/2024 10:52:55,1712490775883,1,07/04/2024 12:52:55,139619,19,task-eihb,,36807913,BLIND,10853280,,complete,,66127707f08f0db0e246879c,computer,Desktop or Laptop,Windows 10,Chrome 123.0.0.0,1280x720,1280x585,,,0,1i-3 A Training,4,,,1i-3,,,Pass,,1i-3 A Training,1i-3 A Training,17,Training02,TrainingA,34efq7,1,response,ZETH WAN,3480.9000000000233,5829.600000000035,5843.700000000303,3480.9000000000233,5829.600000000035,5843.700000000303,1,3480.9000000000233,2362.8000000002794,0,,Single Text Entry,TextResponseA,4,object-97,1i-3,_,18,1i-3_18,5,Training02,05_AUROR,ASK,.png,05_AUROR_ASK.png,ZETH,WAN,05_AUROR_ZETH_WAN.png,,ZETH WAN,11_RONWAND_ASK.png,11_RONWAND_DOTS.png,ZETH WAN,FICH WUNG,ZETH WAN,FICH WUNG,11_RONWAND_FICH_WUNG.png,,FICH WUNG,,,,
58,1712487180034,07/04/2024 10:53:00,1712490780034,1,07/04/2024 12:53:00,139619,19,task-eihb,,36807913,BLIND,10853280,,complete,,66127707f08f0db0e246879c,computer,Desktop or Laptop,Windows 10,Chrome 123.0.0.0,1280x720,1280x585,,,0,1i-3 A Training,4,,,1i-3,,,Pass,,1i-3 A Training,1i-3 A Training,17,Training02,TrainingB,2yfdu9,2,response,,4165.600000000268,4163.799999999988,4165.600000000268,4165.600000000268,4163.799999999988,4165.600000000268,1,4165.600000000268,0,0,,Click Response,Option B,5,object-246,1i-3,_,18,1i-3_18,5,Training02,05_AUROR,ASK,.png,05_AUROR_ASK.png,ZETH,WAN,05_AUROR_ZETH_WAN.png,,ZETH WAN,11_RONWAND_ASK.png,11_RONWAND_DOTS.png,ZETH WAN,FICH WUNG,ZETH WAN,FICH WUNG,11_RONWAND_FICH_WUNG.png,,FICH WUNG,,,,
59,1712487181253,07/04/2024 10:53:01,1712490781253,1,07/04/2024 12:53:01,139619,19,task-eihb,,36807913,BLIND,10853280,,complete,,66127707f08f0db0e246879c,computer,Desktop or Laptop,Windows 10,Chrome 123.0.0.0,1280x720,1280x585,,,0,1i-3 A Training,4,,,1i-3,,,Pass,,1i-3 A Training,1i-3 A Training,17,Training02,TrainingC,1ouhhw,3,continue,,1220.3000000002794,1215.7000000000116,1220.3000000002794,1220.3000000002794,1215.7000000000116,1220.3000000002794,1,1220.3000000002794,0,0,,Click To Continue,Continue Button,6,object-272,1i-3,_,18,1i-3_18,5,Training02,05_AUROR,ASK,.png,05_AUROR_ASK.png,ZETH,WAN,05_AUROR_ZETH_WAN.png,,ZETH WAN,11_RONWAND_ASK.png,11_RONWAND_DOTS.png,ZETH WAN,FICH WUNG,ZETH WAN,FICH WUNG,11_RONWAND_FICH_WUNG.png,,FICH WUNG,,,,
60,1712487190603,07/04/2024 10:53:10,1712490790603,1,07/04/2024 12:53:10,139619,19,task-eihb,,36807913,BLIND,10853280,,complete,,66127707f08f0db0e246879c,computer,Desktop or Laptop,Windows 10,Chrome 123.0.0.0,1280x720,1280x585,,,0,1i-3 A Training,4,,,1i-3,,,Pass,,1i-3 A Training,1i-3 A Training,18,Training02,TrainingA,34efq7,1,response,WOUX WAN,6345.899999999965,9343.899999999965,9354.20000000036,6345.899999999965,9343.899999999965,9354.20000000036,1,6345.899999999965,3008.300000000396,0,,Single Text Entry,TextResponseA,4,object-97,1i-3,_,20,1i-3_20,5,Training02,21_TEACHHOG,ASK,.png,21_TEACHHOG_ASK.png,WOUX,WAN,21_TEACHHOG_WOUX_WAN.png,,WOUX WAN,42_ENGLAND_ASK.png,42_ENGLAND_DOTS.png,WOUX WAN,ZETH WAN,WOUX WAN,ZETH WAN,42_ENGLAND_ZETH_WAN.png,,ZETH WAN,,,,
61,1712487197242,07/04/2024 10:53:17,1712490797242,1,07/04/2024 12:53:17,139619,19,task-eihb,,36807913,BLIND,10853280,,complete,,66127707f08f0db0e246879c,computer,Desktop or Laptop,Windows 10,Chrome 123.0.0.0,1280x720,1280x585,,,0,1i-3 A Training,4,,,1i-3,,,Pass,,1i-3 A Training,1i-3 A Training,18,Training02,TrainingB,2yfdu9,2,response,,6649.700000000303,6645.700000000012,6649.700000000303,6649.700000000303,6645.700000000012,6649.700000000303,1,6649.700000000303,0,0,,Click Response,Option A,4,object-245,1i-3,_,20,1i-3_20,5,Training02,21_TEACHHOG,ASK,.png,21_TEACHHOG_ASK.png,WOUX,WAN,21_TEACHHOG_WOUX_WAN.png,,WOUX WAN,42_ENGLAND_ASK.png,42_ENGLAND_DOTS.png,WOUX WAN,ZETH WAN,WOUX WAN,ZETH WAN,42_ENGLAND_ZETH_WAN.png,,ZETH WAN,,,,
62,1712487198541,07/04/2024 10:53:18,1712490798541,1,07/04/2024 12:53:18,139619,19,task-eihb,,36807913,BLIND,10853280,,complete,,66127707f08f0db0e246879c,computer,Desktop or Laptop,Windows 10,Chrome 123.0.0.0,1280x720,1280x585,,,0,1i-3 A Training,4,,,1i-3,,,Pass,,1i-3 A Training,1i-3 A Training,18,Training02,TrainingC,1ouhhw,3,continue,,1303.2000000000116,1299.4000000000233,1303.2000000000116,1303.2000000000116,1299.4000000000233,1303.2000000000116,1,1303.2000000000116,0,0,,Click To Continue,Continue Button,6,object-272,1i-3,_,20,1i-3_20,5,Training02,21_TEACHHOG,ASK,.png,21_TEACHHOG_ASK.png,WOUX,WAN,21_TEACHHOG_WOUX_WAN.png,,WOUX WAN,42_ENGLAND_ASK.png,42_ENGLAND_DOTS.png,WOUX WAN,ZETH WAN,WOUX WAN,ZETH WAN,42_ENGLAND_ZETH_WAN.png,,ZETH WAN,,,,
63,1712487205193,07/04/2024 10:53:25,1712490805193,1,07/04/2024 12:53:25,139619,19,task-eihb,,36807913,BLIND,10853280,,complete,,66127707f08f0db0e246879c,computer,Desktop or Laptop,Windows 10,Chrome 123.0.0.0,1280x720,1280x585,,,0,1i-3 A Training,4,,,1i-3,,,Pass,,1i-3 A Training,1i-3 A Training,19,Training02,TrainingA,34efq7,1,response,FICH WUNG,3947.0999999999767,6645,6655.700000000361,3947.0999999999767,6645,6655.700000000361,1,3947.0999999999767,2708.600000000384,0,,Single Text Entry,TextResponseA,4,object-97,1i-3,_,17,1i-3_17,5,Training02,25_PROSECUTE,ASK,.png,25_PROSECUTE_ASK.png,FICH,WUNG,25_PROSECUTE_FICH_WUNG.png,,FICH WUNG,04_WHEEZES_ASK.png,04_WHEEZES_DOTS.png,RUSP WIM,FICH WUNG,FICH WUNG,RUSP WIM,04_WHEEZES_RUSP_WIM.png,RUSP WIM,,,,,
64,1712487208863,07/04/2024 10:53:28,1712490808863,1,07/04/2024 12:53:28,139619,19,task-eihb,,36807913,BLIND,10853280,,complete,,66127707f08f0db0e246879c,computer,Desktop or Laptop,Windows 10,Chrome 123.0.0.0,1280x720,1280x585,,,0,1i-3 A Training,4,,,1i-3,,,Pass,,1i-3 A Training,1i-3 A Training,19,Training02,TrainingB,2yfdu9,2,response,,3680.0000000001746,3664.7000000000116,3680.0000000001746,3680.0000000001746,3664.7000000000116,3680.0000000001746,1,3680.0000000001746,0,0,,Click Response,Option B,5,object-246,1i-3,_,17,1i-3_17,5,Training02,25_PROSECUTE,ASK,.png,25_PROSECUTE_ASK.png,FICH,WUNG,25_PROSECUTE_FICH_WUNG.png,,FICH WUNG,04_WHEEZES_ASK.png,04_WHEEZES_DOTS.png,RUSP WIM,FICH WUNG,FICH WUNG,RUSP WIM,04_WHEEZES_RUSP_WIM.png,RUSP WIM,,,,,
65,1712487212412,07/04/2024 10:53:32,1712490812412,1,07/04/2024 12:53:32,139619,19,task-eihb,,36807913,BLIND,10853280,,complete,,66127707f08f0db0e246879c,computer,Desktop or Laptop,Windows 10,Chrome 123.0.0.0,1280x720,1280x585,,,0,1i-3 A Training,4,,,1i-3,,,Pass,,1i-3 A Training,1i-3 A Training,19,Training02,TrainingC,1ouhhw,3,continue,,3564.5,3547.5999999999767,3564.5,3564.5,3547.5999999999767,3564.5,1,3564.5,0,0,,Click To Continue,Continue Button,6,object-272,1i-3,_,17,1i-3_17,5,Training02,25_PROSECUTE,ASK,.png,25_PROSECUTE_ASK.png,FICH,WUNG,25_PROSECUTE_FICH_WUNG.png,,FICH WUNG,04_WHEEZES_ASK.png,04_WHEEZES_DOTS.png,RUSP WIM,FICH WUNG,FICH WUNG,RUSP WIM,04_WHEEZES_RUSP_WIM.png,RUSP WIM,,,,,
66,1712487223114,07/04/2024 10:53:43,1712490823114,1,07/04/2024 12:53:43,139619,19,task-eihb,,36807913,BLIND,10853280,,complete,,66127707f08f0db0e246879c,computer,Desktop or Laptop,Windows 10,Chrome 123.0.0.0,1280x720,1280x585,,,0,1i-3 A Training,4,,,1i-3,,,Pass,,1i-3 A Training,1i-3 A Training,20,Training02,TrainingA,34efq7,1,response,RUSP WIM,6279.099999999977,10709.200000000012,10719,6279.099999999977,10709.200000000012,10719,1,6279.099999999977,4439.900000000023,0,,Single Text Entry,TextResponseA,4,object-97,1i-3,_,19,1i-3_19,5,Training02,41_PIXIE,ASK,.png,41_PIXIE_ASK.png,RUSP,WIM,41_PIXIE_RUSP_WIM.png,,RUSP WIM,35_PROPHET_ASK.png,35_PROPHET_DOTS.png,WOUX WAN,RUSP WIM,RUSP WIM,WOUX WAN,35_PROPHET_WOUX_WAN.png,WOUX WAN,,,,,
67,1712487229858,07/04/2024 10:53:49,1712490829858,1,07/04/2024 12:53:49,139619,19,task-eihb,,36807913,BLIND,10853280,,complete,,66127707f08f0db0e246879c,computer,Desktop or Laptop,Windows 10,Chrome 123.0.0.0,1280x720,1280x585,,,0,1i-3 A Training,4,,,1i-3,,,Pass,,1i-3 A Training,1i-3 A Training,20,Training02,TrainingB,2yfdu9,2,response,,6753.4000000000815,6745.599999999977,6753.4000000000815,6753.4000000000815,6745.599999999977,6753.4000000000815,1,6753.4000000000815,0,0,,Click Response,Option A,4,object-245,1i-3,_,19,1i-3_19,5,Training02,41_PIXIE,ASK,.png,41_PIXIE_ASK.png,RUSP,WIM,41_PIXIE_RUSP_WIM.png,,RUSP WIM,35_PROPHET_ASK.png,35_PROPHET_DOTS.png,WOUX WAN,RUSP WIM,RUSP WIM,WOUX WAN,35_PROPHET_WOUX_WAN.png,WOUX WAN,,,,,
68,1712487271912,07/04/2024 10:54:31,1712490871912,1,07/04/2024 12:54:31,139619,19,task-eihb,,36807913,BLIND,10853280,,complete,,66127707f08f0db0e246879c,computer,Desktop or Laptop,Windows 10,Chrome 123.0.0.0,1280x720,1280x585,,,0,1i-3 A Training,4,,,1i-3,,,Pass,,1i-3 A Training,1i-3 A Training,20,Training02,TrainingC,1ouhhw,3,continue,,42062.800000000105,42055.399999999965,42062.800000000105,42062.800000000105,42055.399999999965,42062.800000000105,1,42062.800000000105,0,0,,Click To Continue,Continue Button,6,object-272,1i-3,_,19,1i-3_19,5,Training02,41_PIXIE,ASK,.png,41_PIXIE_ASK.png,RUSP,WIM,41_PIXIE_RUSP_WIM.png,,RUSP WIM,35_PROPHET_ASK.png,35_PROPHET_DOTS.png,WOUX WAN,RUSP WIM,RUSP WIM,WOUX WAN,35_PROPHET_WOUX_WAN.png,WOUX WAN,,,,,
69,1712487300085,07/04/2024 10:55:00,1712490900085,1,07/04/2024 12:55:00,139619,19,task-eihb,,36807913,BLIND,10853280,,complete,,66127707f08f0db0e246879c,computer,Desktop or Laptop,Windows 10,Chrome 123.0.0.0,1280x720,1280x585,,,0,1i-3 A Training,4,,,1i-3,,,Pass,,1i-3 A Training,1i-3 A Training,21,Training02,TrainingA,34efq7,1,response,ZETH WAN,23734.300000000047,28164.5,28180.90000000014,23734.300000000047,28164.5,28180.90000000014,1,23734.300000000047,4446.600000000093,0,,Single Text Entry,TextResponseA,4,object-97,1i-3,_,22,1i-3_22,6,Training02,26_ERISED,ASK,.png,26_ERISED_ASK.png,ZETH,WAN,26_ERISED_ZETH_WAN.png,,ZETH WAN,18_LIVEGODRIC_ASK.png,18_LIVEGODRIC_DOTS.png,RUSP WIM,ZETH WAN,ZETH WAN,RUSP WIM,18_LIVEGODRIC_RUSP_WIM.png,RUSP WIM,,,,,
70,1712487322685,07/04/2024 10:55:22,1712490922685,1,07/04/2024 12:55:22,139619,19,task-eihb,,36807913,BLIND,10853280,,complete,,66127707f08f0db0e246879c,computer,Desktop or Laptop,Windows 10,Chrome 123.0.0.0,1280x720,1280x585,,,0,1i-3 A Training,4,,,1i-3,,,Pass,,1i-3 A Training,1i-3 A Training,21,Training02,TrainingB,2yfdu9,2,response,,22615.90000000014,22601.70000000007,22615.90000000014,22615.90000000014,22601.70000000007,22615.90000000014,1,22615.90000000014,0,0,,Click Response,Option B,5,object-246,1i-3,_,22,1i-3_22,6,Training02,26_ERISED,ASK,.png,26_ERISED_ASK.png,ZETH,WAN,26_ERISED_ZETH_WAN.png,,ZETH WAN,18_LIVEGODRIC_ASK.png,18_LIVEGODRIC_DOTS.png,RUSP WIM,ZETH WAN,ZETH WAN,RUSP WIM,18_LIVEGODRIC_RUSP_WIM.png,RUSP WIM,,,,,
71,1712487342020,07/04/2024 10:55:42,1712490942020,1,07/04/2024 12:55:42,139619,19,task-eihb,,36807913,BLIND,10853280,,complete,,66127707f08f0db0e246879c,computer,Desktop or Laptop,Windows 10,Chrome 123.0.0.0,1280x720,1280x585,,,0,1i-3 A Training,4,,,1i-3,,,Pass,,1i-3 A Training,1i-3 A Training,21,Training02,TrainingC,1ouhhw,3,continue,,19349.20000000007,19337,19349.20000000007,19349.20000000007,19337,19349.20000000007,1,19349.20000000007,0,0,,Click To Continue,Continue Button,6,object-272,1i-3,_,22,1i-3_22,6,Training02,26_ERISED,ASK,.png,26_ERISED_ASK.png,ZETH,WAN,26_ERISED_ZETH_WAN.png,,ZETH WAN,18_LIVEGODRIC_ASK.png,18_LIVEGODRIC_DOTS.png,RUSP WIM,ZETH WAN,ZETH WAN,RUSP WIM,18_LIVEGODRIC_RUSP_WIM.png,RUSP WIM,,,,,
72,1712487379633,07/04/2024 10:56:19,1712490979633,1,07/04/2024 12:56:19,139619,19,task-eihb,,36807913,BLIND,10853280,,complete,,66127707f08f0db0e246879c,computer,Desktop or Laptop,Windows 10,Chrome 123.0.0.0,1280x720,1280x585,,,0,1i-3 A Training,4,,,1i-3,,,Pass,,1i-3 A Training,1i-3 A Training,22,Training02,TrainingA,34efq7,1,response,FICH WUNG,32811.90000000002,37608.40000000002,37624.70000000007,32811.90000000002,37608.40000000002,37624.70000000007,1,32811.90000000002,4812.800000000047,0,,Single Text Entry,TextResponseA,4,object-97,1i-3,_,21,1i-3_21,6,Training02,39_STOPHAGRID,ASK,.png,39_STOPHAGRID_ASK.png,FICH,WUNG,39_STOPHAGRID_FICH_WUNG.png,,FICH WUNG,14_MUNGOS_ASK.png,14_MUNGOS_DOTS.png,WOUX WAN,FICH WUNG,FICH WUNG,WOUX WAN,14_MUNGOS_WOUX_WAN.png,WOUX WAN,,,,,
73,1712487393955,07/04/2024 10:56:33,1712490993955,1,07/04/2024 12:56:33,139619,19,task-eihb,,36807913,BLIND,10853280,,complete,,66127707f08f0db0e246879c,computer,Desktop or Laptop,Windows 10,Chrome 123.0.0.0,1280x720,1280x585,,,0,1i-3 A Training,4,,,1i-3,,,Pass,,1i-3 A Training,1i-3 A Training,22,Training02,TrainingB,2yfdu9,2,response,,14338.40000000014,14324.199999999953,14338.40000000014,14338.40000000014,14324.199999999953,14338.40000000014,1,14338.40000000014,0,0,,Click Response,Option A,4,object-245,1i-3,_,21,1i-3_21,6,Training02,39_STOPHAGRID,ASK,.png,39_STOPHAGRID_ASK.png,FICH,WUNG,39_STOPHAGRID_FICH_WUNG.png,,FICH WUNG,14_MUNGOS_ASK.png,14_MUNGOS_DOTS.png,WOUX WAN,FICH WUNG,FICH WUNG,WOUX WAN,14_MUNGOS_WOUX_WAN.png,WOUX WAN,,,,,
74,1712487410251,07/04/2024 10:56:50,1712491010251,1,07/04/2024 12:56:50,139619,19,task-eihb,,36807913,BLIND,10853280,,complete,,66127707f08f0db0e246879c,computer,Desktop or Laptop,Windows 10,Chrome 123.0.0.0,1280x720,1280x585,,,0,1i-3 A Training,4,,,1i-3,,,Pass,,1i-3 A Training,1i-3 A Training,22,Training02,TrainingC,1ouhhw,3,continue,,16310.200000000186,16305.900000000023,16310.200000000186,16310.200000000186,16305.900000000023,16310.200000000186,1,16310.200000000186,0,0,,Click To Continue,Continue Button,6,object-272,1i-3,_,21,1i-3_21,6,Training02,39_STOPHAGRID,ASK,.png,39_STOPHAGRID_ASK.png,FICH,WUNG,39_STOPHAGRID_FICH_WUNG.png,,FICH WUNG,14_MUNGOS_ASK.png,14_MUNGOS_DOTS.png,WOUX WAN,FICH WUNG,FICH WUNG,WOUX WAN,14_MUNGOS_WOUX_WAN.png,WOUX WAN,,,,,
75,1712487418732,07/04/2024 10:56:58,1712491018732,1,07/04/2024 12:56:58,139619,19,task-eihb,,36807913,BLIND,10853280,,complete,,66127707f08f0db0e246879c,computer,Desktop or Laptop,Windows 10,Chrome 123.0.0.0,1280x720,1280x585,,,0,1i-3 A Training,4,,,1i-3,,,Pass,,1i-3 A Training,1i-3 A Training,23,Training02,TrainingA,34efq7,1,response,WOUX WAN,4280.400000000023,8477.29999999993,8485.900000000256,4280.400000000023,8477.29999999993,8485.900000000256,1,4280.400000000023,4205.500000000233,0,,Single Text Entry,TextResponseA,4,object-97,1i-3,_,24,1i-3_24,6,Training02,07_AZKABAN,ASK,.png,07_AZKABAN_ASK.png,WOUX,WAN,07_AZKABAN_WOUX_WAN.png,,WOUX WAN,32_QWC_ASK.png,32_QWC_DOTS.png,WOUX WAN,FICH WUNG,WOUX WAN,FICH WUNG,32_QWC_FICH_WUNG.png,,FICH WUNG,,,,
76,1712487442410,07/04/2024 10:57:22,1712491042410,1,07/04/2024 12:57:22,139619,19,task-eihb,,36807913,BLIND,10853280,,complete,,66127707f08f0db0e246879c,computer,Desktop or Laptop,Windows 10,Chrome 123.0.0.0,1280x720,1280x585,,,0,1i-3 A Training,4,,,1i-3,,,Pass,,1i-3 A Training,1i-3 A Training,23,Training02,TrainingB,2yfdu9,2,response,,23686.20000000042,23684.300000000047,23686.20000000042,23686.20000000042,23684.300000000047,23686.20000000042,1,23686.20000000042,0,0,,Click Response,Option B,5,object-246,1i-3,_,24,1i-3_24,6,Training02,07_AZKABAN,ASK,.png,07_AZKABAN_ASK.png,WOUX,WAN,07_AZKABAN_WOUX_WAN.png,,WOUX WAN,32_QWC_ASK.png,32_QWC_DOTS.png,WOUX WAN,FICH WUNG,WOUX WAN,FICH WUNG,32_QWC_FICH_WUNG.png,,FICH WUNG,,,,
77,1712487444113,07/04/2024 10:57:24,1712491044113,1,07/04/2024 12:57:24,139619,19,task-eihb,,36807913,BLIND,10853280,,complete,,66127707f08f0db0e246879c,computer,Desktop or Laptop,Windows 10,Chrome 123.0.0.0,1280x720,1280x585,,,0,1i-3 A Training,4,,,1i-3,,,Pass,,1i-3 A Training,1i-3 A Training,23,Training02,TrainingC,1ouhhw,3,continue,,1705.2000000001863,1699.0999999999767,1705.2000000001863,1705.2000000001863,1699.0999999999767,1705.2000000001863,1,1705.2000000001863,0,0,,Click To Continue,Continue Button,6,object-272,1i-3,_,24,1i-3_24,6,Training02,07_AZKABAN,ASK,.png,07_AZKABAN_ASK.png,WOUX,WAN,07_AZKABAN_WOUX_WAN.png,,WOUX WAN,32_QWC_ASK.png,32_QWC_DOTS.png,WOUX WAN,FICH WUNG,WOUX WAN,FICH WUNG,32_QWC_FICH_WUNG.png,,FICH WUNG,,,,
78,1712487462179,07/04/2024 10:57:42,1712491062179,1,07/04/2024 12:57:42,139619,19,task-eihb,,36807913,BLIND,10853280,,complete,,66127707f08f0db0e246879c,computer,Desktop or Laptop,Windows 10,Chrome 123.0.0.0,1280x720,1280x585,,,0,1i-3 A Training,4,,,1i-3,,,Pass,,1i-3 A Training,1i-3 A Training,24,Training02,TrainingA,34efq7,1,response,RUSP WIM,8211.099999999977,18054.400000000023,18071,8211.099999999977,18054.400000000023,18071,1,8211.099999999977,9859.900000000023,0,,Single Text Entry,TextResponseA,4,object-97,1i-3,_,23,1i-3_23,6,Training02,20_PULLSWORD,ASK,.png,20_PULLSWORD_ASK.png,RUSP,WIM,20_PULLSWORD_RUSP_WIM.png,,RUSP WIM,28_GALLEONS_ASK.png,28_GALLEONS_DOTS.png,RUSP WIM,ZETH WAN,RUSP WIM,ZETH WAN,28_GALLEONS_ZETH_WAN.png,,ZETH WAN,,,,
79,1712487474879,07/04/2024 10:57:54,1712491074879,1,07/04/2024 12:57:54,139619,19,task-eihb,,36807913,BLIND,10853280,,complete,,66127707f08f0db0e246879c,computer,Desktop or Laptop,Windows 10,Chrome 123.0.0.0,1280x720,1280x585,,,0,1i-3 A Training,4,,,1i-3,,,Pass,,1i-3 A Training,1i-3 A Training,24,Training02,TrainingB,2yfdu9,2,response,,12717,12708.400000000023,12717,12717,12708.400000000023,12717,1,12717,0,0,,Click Response,Option B,5,object-246,1i-3,_,23,1i-3_23,6,Training02,20_PULLSWORD,ASK,.png,20_PULLSWORD_ASK.png,RUSP,WIM,20_PULLSWORD_RUSP_WIM.png,,RUSP WIM,28_GALLEONS_ASK.png,28_GALLEONS_DOTS.png,RUSP WIM,ZETH WAN,RUSP WIM,ZETH WAN,28_GALLEONS_ZETH_WAN.png,,ZETH WAN,,,,
80,1712487487133,07/04/2024 10:58:07,1712491087133,1,07/04/2024 12:58:07,139619,19,task-eihb,,36807913,BLIND,10853280,,complete,,66127707f08f0db0e246879c,computer,Desktop or Laptop,Windows 10,Chrome 123.0.0.0,1280x720,1280x585,,,0,1i-3 A Training,4,,,1i-3,,,Pass,,1i-3 A Training,1i-3 A Training,24,Training02,TrainingC,1ouhhw,3,continue,,12263.00000000035,12258.699999999953,12263.00000000035,12263.00000000035,12258.699999999953,12263.00000000035,1,12263.00000000035,0,0,,Click To Continue,Continue Button,6,object-272,1i-3,_,23,1i-3_23,6,Training02,20_PULLSWORD,ASK,.png,20_PULLSWORD_ASK.png,RUSP,WIM,20_PULLSWORD_RUSP_WIM.png,,RUSP WIM,28_GALLEONS_ASK.png,28_GALLEONS_DOTS.png,RUSP WIM,ZETH WAN,RUSP WIM,ZETH WAN,28_GALLEONS_ZETH_WAN.png,,ZETH WAN,,,,
81,1712487487140,07/04/2024 10:58:07,1712491087140,1,07/04/2024 12:58:07,139619,19,task-eihb,,36807913,BLIND,10853280,,complete,,66127707f08f0db0e246879c,computer,Desktop or Laptop,Windows 10,Chrome 123.0.0.0,1280x720,1280x585,,,0,1i-3 A Training,4,,,1i-3,,,Pass,,1i-3 A Training,1i-3 A Training,,,,,,5,END,,,,,,,0,,,,,,,,,,,,,,,,,,,,,,,,,,,,,,,,,,,,
1,1712488547974,07/04/2024 11:15:47,1712492147974,1,07/04/2024 13:15:47,139619,19,task-eihb,,36808253,BLIND,10853383,,complete,,66127d52a6d69e8a71a74e55,computer,Desktop or Laptop,Windows 10,Edge 123.0.0.0,1920x1080,1872x958,,,0,1i-3 A Training,4,,,1i-3,,,Pass,,1i-3 A Training,1i-3 A Training,,,,,,5,BEGIN,,,,,,,0,,,,,,,,,,,,,,,,,,,,,,,,,,,,,,,,,,,,
2,1712488558884,07/04/2024 11:15:58,1712492158884,1,07/04/2024 13:15:58,139619,19,task-eihb,,36808253,BLIND,10853383,,complete,,66127d52a6d69e8a71a74e55,computer,Desktop or Laptop,Windows 10,Edge 123.0.0.0,1920x1080,1872x958,,,0,1i-3 A Training,4,,,1i-3,,,Pass,,1i-3 A Training,1i-3 A Training,1,Instructions,Attention Check 5,4xnmv6,1,continue,,10730.600000005961,10716.6,10730.600000005961,10730.600000005961,10716.6,10730.600000005961,1,10730.600000005961,0,0,,Click To Continue,Continue Button,4,object-285,,,,,,Instructions,,,,,,,,,,,,,,,,,,,,,,
3,1712488558885,07/04/2024 11:15:58,1712492158885,1,07/04/2024 13:15:58,139619,19,task-eihb,,36808253,BLIND,10853383,,complete,,66127d52a6d69e8a71a74e55,computer,Desktop or Laptop,Windows 10,Edge 123.0.0.0,1920x1080,1872x958,,,0,1i-3 A Training,4,,,1i-3,,,Pass,,1i-3 A Training,1i-3 A Training,1,Instructions,Attention Check 5,4xnmv6,1,response,Accio!,9850,10716.6,10731.600000005961,9850,10716.6,10731.600000005961,1,9850,881.6000000059612,0,,Dropdown,Dropdown5,3,object-284,,,,,,Instructions,,,,,,,,,,,,,,,,,,,,,,
4,1712488574989,07/04/2024 11:16:14,1712492174989,1,07/04/2024 13:16:14,139619,19,task-eihb,,36808253,BLIND,10853383,,complete,,66127d52a6d69e8a71a74e55,computer,Desktop or Laptop,Windows 10,Edge 123.0.0.0,1920x1080,1872x958,,,0,1i-3 A Training,4,,,1i-3,,,Pass,,1i-3 A Training,1i-3 A Training,1,Instructions,Attention Check 6,wf497f,2,continue,,16119.300000017882,16116.6,16119.300000017882,16119.300000017882,16116.6,16119.300000017882,1,16119.300000017882,0,0,,Click To Continue,Continue Button,4,object-292,,,,,,Instructions,,,,,,,,,,,,,,,,,,,,,,
5,1712488574990,07/04/2024 11:16:14,1712492174990,1,07/04/2024 13:16:14,139619,19,task-eihb,,36808253,BLIND,10853383,,complete,,66127d52a6d69e8a71a74e55,computer,Desktop or Laptop,Windows 10,Edge 123.0.0.0,1920x1080,1872x958,,,0,1i-3 A Training,4,,,1i-3,,,Pass,,1i-3 A Training,1i-3 A Training,1,Instructions,Attention Check 6,wf497f,2,response,The Invisibility Cloak,14083.500000000002,16116.6,16120.50000000596,14083.500000000002,16116.6,16120.50000000596,1,14083.500000000002,2037.000000005959,0,,Dropdown,Dropdown6,3,object-291,,,,,,Instructions,,,,,,,,,,,,,,,,,,,,,,
6,1712488583974,07/04/2024 11:16:23,1712492183974,1,07/04/2024 13:16:23,139619,19,task-eihb,,36808253,BLIND,10853383,,complete,,66127d52a6d69e8a71a74e55,computer,Desktop or Laptop,Windows 10,Edge 123.0.0.0,1920x1080,1872x958,,,0,1i-3 A Training,4,,,1i-3,,,Pass,,1i-3 A Training,1i-3 A Training,1,Instructions,Screen 22,3y4guk,3,continue,,8987.09999999404,8983.5,8987.09999999404,8987.09999999404,8983.5,8987.09999999404,1,8987.09999999404,0,0,,Click To Continue,Continue Button,3,object-297,,,,,,Instructions,,,,,,,,,,,,,,,,,,,,,,
7,1712488612757,07/04/2024 11:16:52,1712492212757,1,07/04/2024 13:16:52,139619,19,task-eihb,,36808253,BLIND,10853383,,complete,,66127d52a6d69e8a71a74e55,computer,Desktop or Laptop,Windows 10,Edge 123.0.0.0,1920x1080,1872x958,,,0,1i-3 A Training,4,,,1i-3,,,Pass,,1i-3 A Training,1i-3 A Training,1,Instructions,Instructions 02,q3gk2e,4,continue,,28786.80000001192,28783.4,28786.80000001192,28786.80000001192,28783.4,28786.80000001192,1,28786.80000001192,0,0,,Click To Continue,Continue Button,2,object-75,,,,,,Instructions,,,,,,,,,,,,,,,,,,,,,,
8,1712488638115,07/04/2024 11:17:18,1712492238115,1,07/04/2024 13:17:18,139619,19,task-eihb,,36808253,BLIND,10853383,,complete,,66127d52a6d69e8a71a74e55,computer,Desktop or Laptop,Windows 10,Edge 123.0.0.0,1920x1080,1872x958,,,0,1i-3 A Training,4,,,1i-3,,,Pass,,1i-3 A Training,1i-3 A Training,1,Instructions,Instructions 03,gxa3vr,5,continue,,25361.30000001788,25350.200000000004,25361.30000001788,25361.30000001788,25350.200000000004,25361.30000001788,1,25361.30000001788,0,0,,Click To Continue,Continue Button,1,object-165,,,,,,Instructions,,,,,,,,,,,,,,,,,,,,,,
9,1712488662741,07/04/2024 11:17:42,1712492262741,1,07/04/2024 13:17:42,139619,19,task-eihb,,36808253,BLIND,10853383,,complete,,66127d52a6d69e8a71a74e55,computer,Desktop or Laptop,Windows 10,Edge 123.0.0.0,1920x1080,1872x958,,,0,1i-3 A Training,4,,,1i-3,,,Pass,,1i-3 A Training,1i-3 A Training,1,Training02,TrainingA,34efq7,1,response,ZETH WAN,20749.899999999994,24633.09999999999,24637.899999999994,20749.899999999994,24633.09999999999,24637.899999999994,1,20749.899999999994,3888,0,,Single Text Entry,TextResponseA,4,object-97,1i-3,_,02,1i-3_02,1,Training02,40_BURYSNAPE,ASK,.png,40_BURYSNAPE_ASK.png,ZETH,WAN,40_BURYSNAPE_ZETH_WAN.png,,ZETH WAN,20_PULLSWORD_ASK.png,20_PULLSWORD_DOTS.png,WOUX WAN,ZETH WAN,ZETH WAN,WOUX WAN,20_PULLSWORD_WOUX_WAN.png,WOUX WAN,,,,,
10,1712488685932,07/04/2024 11:18:05,1712492285932,1,07/04/2024 13:18:05,139619,19,task-eihb,,36808253,BLIND,10853383,,complete,,66127d52a6d69e8a71a74e55,computer,Desktop or Laptop,Windows 10,Edge 123.0.0.0,1920x1080,1872x958,,,0,1i-3 A Training,4,,,1i-3,,,Pass,,1i-3 A Training,1i-3 A Training,1,Training02,TrainingB,2yfdu9,2,response,,23195.200000005963,23183.500000000015,23195.200000005963,23195.200000005963,23183.500000000015,23195.200000005963,1,23195.200000005963,0,0,,Click Response,Option A,4,object-245,1i-3,_,02,1i-3_02,1,Training02,40_BURYSNAPE,ASK,.png,40_BURYSNAPE_ASK.png,ZETH,WAN,40_BURYSNAPE_ZETH_WAN.png,,ZETH WAN,20_PULLSWORD_ASK.png,20_PULLSWORD_DOTS.png,WOUX WAN,ZETH WAN,ZETH WAN,WOUX WAN,20_PULLSWORD_WOUX_WAN.png,WOUX WAN,,,,,
11,1712488687156,07/04/2024 11:18:07,1712492287156,1,07/04/2024 13:18:07,139619,19,task-eihb,,36808253,BLIND,10853383,,complete,,66127d52a6d69e8a71a74e55,computer,Desktop or Laptop,Windows 10,Edge 123.0.0.0,1920x1080,1872x958,,,0,1i-3 A Training,4,,,1i-3,,,Pass,,1i-3 A Training,1i-3 A Training,1,Training02,TrainingC,1ouhhw,3,continue,,1235.6000000119093,1233.3999999999942,1235.6000000119093,1235.6000000119093,1233.3999999999942,1235.6000000119093,1,1235.6000000119093,0,0,,Click To Continue,Continue Button,6,object-272,1i-3,_,02,1i-3_02,1,Training02,40_BURYSNAPE,ASK,.png,40_BURYSNAPE_ASK.png,ZETH,WAN,40_BURYSNAPE_ZETH_WAN.png,,ZETH WAN,20_PULLSWORD_ASK.png,20_PULLSWORD_DOTS.png,WOUX WAN,ZETH WAN,ZETH WAN,WOUX WAN,20_PULLSWORD_WOUX_WAN.png,WOUX WAN,,,,,
12,1712488709546,07/04/2024 11:18:29,1712492309546,1,07/04/2024 13:18:29,139619,19,task-eihb,,36808253,BLIND,10853383,,complete,,66127d52a6d69e8a71a74e55,computer,Desktop or Laptop,Windows 10,Edge 123.0.0.0,1920x1080,1872x958,,,0,1i-3 A Training,4,,,1i-3,,,Pass,,1i-3 A Training,1i-3 A Training,2,Training02,TrainingA,34efq7,1,response,FICH WUNG,17100,22383.199999999983,22392.399999999994,17100,22383.199999999983,22392.399999999994,1,17100,5292.399999999994,0,,Single Text Entry,TextResponseA,4,object-97,1i-3,_,01,1i-3_01,1,Training02,04_WHEEZES,ASK,.png,04_WHEEZES_ASK.png,FICH,WUNG,04_WHEEZES_FICH_WUNG.png,,FICH WUNG,05_AUROR_ASK.png,05_AUROR_DOTS.png,FICH WUNG,ZETH WAN,FICH WUNG,ZETH WAN,05_AUROR_ZETH_WAN.png,,ZETH WAN,,,,
13,1712488712849,07/04/2024 11:18:32,1712492312849,1,07/04/2024 13:18:32,139619,19,task-eihb,,36808253,BLIND,10853383,,complete,,66127d52a6d69e8a71a74e55,computer,Desktop or Laptop,Windows 10,Edge 123.0.0.0,1920x1080,1872x958,,,0,1i-3 A Training,4,,,1i-3,,,Pass,,1i-3 A Training,1i-3 A Training,2,Training02,TrainingB,2yfdu9,2,response,,3312.400000017893,3300.2000000000116,3312.400000017893,3312.400000017893,3300.2000000000116,3312.400000017893,1,3312.400000017893,0,0,,Click Response,Option B,5,object-246,1i-3,_,01,1i-3_01,1,Training02,04_WHEEZES,ASK,.png,04_WHEEZES_ASK.png,FICH,WUNG,04_WHEEZES_FICH_WUNG.png,,FICH WUNG,05_AUROR_ASK.png,05_AUROR_DOTS.png,FICH WUNG,ZETH WAN,FICH WUNG,ZETH WAN,05_AUROR_ZETH_WAN.png,,ZETH WAN,,,,
14,1712488720664,07/04/2024 11:18:40,1712492320664,1,07/04/2024 13:18:40,139619,19,task-eihb,,36808253,BLIND,10853383,,complete,,66127d52a6d69e8a71a74e55,computer,Desktop or Laptop,Windows 10,Edge 123.0.0.0,1920x1080,1872x958,,,0,1i-3 A Training,4,,,1i-3,,,Pass,,1i-3 A Training,1i-3 A Training,2,Training02,TrainingC,1ouhhw,3,continue,,7827.5999999940395,7816.700000000012,7827.5999999940395,7827.5999999940395,7816.700000000012,7827.5999999940395,1,7827.5999999940395,0,0,,Click To Continue,Continue Button,6,object-272,1i-3,_,01,1i-3_01,1,Training02,04_WHEEZES,ASK,.png,04_WHEEZES_ASK.png,FICH,WUNG,04_WHEEZES_FICH_WUNG.png,,FICH WUNG,05_AUROR_ASK.png,05_AUROR_DOTS.png,FICH WUNG,ZETH WAN,FICH WUNG,ZETH WAN,05_AUROR_ZETH_WAN.png,,ZETH WAN,,,,
15,1712488736671,07/04/2024 11:18:56,1712492336671,1,07/04/2024 13:18:56,139619,19,task-eihb,,36808253,BLIND,10853383,,complete,,66127d52a6d69e8a71a74e55,computer,Desktop or Laptop,Windows 10,Edge 123.0.0.0,1920x1080,1872x958,,,0,1i-3 A Training,4,,,1i-3,,,Pass,,1i-3 A Training,1i-3 A Training,3,Training02,TrainingA,34efq7,1,response,WOUX WAN,12516.599999999977,16016.5,16017.899999994028,12516.599999999977,16016.5,16017.899999994028,1,12516.599999999977,3501.299999994051,0,,Single Text Entry,TextResponseA,4,object-97,1i-3,_,04,1i-3_04,1,Training02,35_PROPHET,ASK,.png,35_PROPHET_ASK.png,WOUX,WAN,35_PROPHET_WOUX_WAN.png,,WOUX WAN,40_BURYSNAPE_ASK.png,40_BURYSNAPE_DOTS.png,WOUX WAN,RUSP WIM,WOUX WAN,RUSP WIM,40_BURYSNAPE_RUSP_WIM.png,,RUSP WIM,,,,
16,1712488759906,07/04/2024 11:19:19,1712492359906,1,07/04/2024 13:19:19,139619,19,task-eihb,,36808253,BLIND,10853383,,complete,,66127d52a6d69e8a71a74e55,computer,Desktop or Laptop,Windows 10,Edge 123.0.0.0,1920x1080,1872x958,,,0,1i-3 A Training,4,,,1i-3,,,Pass,,1i-3 A Training,1i-3 A Training,3,Training02,TrainingB,2yfdu9,2,response,,23236.29999999999,23233.399999999994,23236.29999999999,23236.29999999999,23233.399999999994,23236.29999999999,1,23236.29999999999,0,0,,Click Response,Option B,5,object-246,1i-3,_,04,1i-3_04,1,Training02,35_PROPHET,ASK,.png,35_PROPHET_ASK.png,WOUX,WAN,35_PROPHET_WOUX_WAN.png,,WOUX WAN,40_BURYSNAPE_ASK.png,40_BURYSNAPE_DOTS.png,WOUX WAN,RUSP WIM,WOUX WAN,RUSP WIM,40_BURYSNAPE_RUSP_WIM.png,,RUSP WIM,,,,
17,1712488763520,07/04/2024 11:19:23,1712492363520,1,07/04/2024 13:19:23,139619,19,task-eihb,,36808253,BLIND,10853383,,complete,,66127d52a6d69e8a71a74e55,computer,Desktop or Laptop,Windows 10,Edge 123.0.0.0,1920x1080,1872x958,,,0,1i-3 A Training,4,,,1i-3,,,Pass,,1i-3 A Training,1i-3 A Training,3,Training02,TrainingC,1ouhhw,3,continue,,3616.1000000178756,3600.100000000006,3616.1000000178756,3616.1000000178756,3600.100000000006,3616.1000000178756,1,3616.1000000178756,0,0,,Click To Continue,Continue Button,6,object-272,1i-3,_,04,1i-3_04,1,Training02,35_PROPHET,ASK,.png,35_PROPHET_ASK.png,WOUX,WAN,35_PROPHET_WOUX_WAN.png,,WOUX WAN,40_BURYSNAPE_ASK.png,40_BURYSNAPE_DOTS.png,WOUX WAN,RUSP WIM,WOUX WAN,RUSP WIM,40_BURYSNAPE_RUSP_WIM.png,,RUSP WIM,,,,
18,1712488779546,07/04/2024 11:19:39,1712492379546,1,07/04/2024 13:19:39,139619,19,task-eihb,,36808253,BLIND,10853383,,complete,,66127d52a6d69e8a71a74e55,computer,Desktop or Laptop,Windows 10,Edge 123.0.0.0,1920x1080,1872x958,,,0,1i-3 A Training,4,,,1i-3,,,Pass,,1i-3 A Training,1i-3 A Training,4,Training02,TrainingA,34efq7,1,response,RUSP WIM,12733.199999999983,16033.199999999983,16042.50000001787,12733.199999999983,16033.199999999983,16042.50000001787,1,12733.199999999983,3309.300000017887,0,,Single Text Entry,TextResponseA,4,object-97,1i-3,_,03,1i-3_03,1,Training02,13_QUIBBLER,ASK,.png,13_QUIBBLER_ASK.png,RUSP,WIM,13_QUIBBLER_RUSP_WIM.png,,RUSP WIM,27_BESTSELLER_ASK.png,27_BESTSELLER_DOTS.png,FICH WUNG,RUSP WIM,RUSP WIM,FICH WUNG,27_BESTSELLER_FICH_WUNG.png,FICH WUNG,,,,,
19,1712488780428,07/04/2024 11:19:40,1712492380428,1,07/04/2024 13:19:40,139619,19,task-eihb,,36808253,BLIND,10853383,,complete,,66127d52a6d69e8a71a74e55,computer,Desktop or Laptop,Windows 10,Edge 123.0.0.0,1920x1080,1872x958,,,0,1i-3 A Training,4,,,1i-3,,,Pass,,1i-3 A Training,1i-3 A Training,4,Training02,TrainingB,2yfdu9,2,response,,891.3000000178872,883.3000000000175,891.3000000178872,891.3000000178872,883.3000000000175,891.3000000178872,1,891.3000000178872,0,0,,Click Response,Option A,4,object-245,1i-3,_,03,1i-3_03,1,Training02,13_QUIBBLER,ASK,.png,13_QUIBBLER_ASK.png,RUSP,WIM,13_QUIBBLER_RUSP_WIM.png,,RUSP WIM,27_BESTSELLER_ASK.png,27_BESTSELLER_DOTS.png,FICH WUNG,RUSP WIM,RUSP WIM,FICH WUNG,27_BESTSELLER_FICH_WUNG.png,FICH WUNG,,,,,
20,1712488781173,07/04/2024 11:19:41,1712492381173,1,07/04/2024 13:19:41,139619,19,task-eihb,,36808253,BLIND,10853383,,complete,,66127d52a6d69e8a71a74e55,computer,Desktop or Laptop,Windows 10,Edge 123.0.0.0,1920x1080,1872x958,,,0,1i-3 A Training,4,,,1i-3,,,Pass,,1i-3 A Training,1i-3 A Training,4,Training02,TrainingC,1ouhhw,3,continue,,753.0000000178698,750,753.0000000178698,753.0000000178698,750,753.0000000178698,1,753.0000000178698,0,0,,Click To Continue,Continue Button,6,object-272,1i-3,_,03,1i-3_03,1,Training02,13_QUIBBLER,ASK,.png,13_QUIBBLER_ASK.png,RUSP,WIM,13_QUIBBLER_RUSP_WIM.png,,RUSP WIM,27_BESTSELLER_ASK.png,27_BESTSELLER_DOTS.png,FICH WUNG,RUSP WIM,RUSP WIM,FICH WUNG,27_BESTSELLER_FICH_WUNG.png,FICH WUNG,,,,,
21,1712488786028,07/04/2024 11:19:46,1712492386028,1,07/04/2024 13:19:46,139619,19,task-eihb,,36808253,BLIND,10853383,,complete,,66127d52a6d69e8a71a74e55,computer,Desktop or Laptop,Windows 10,Edge 123.0.0.0,1920x1080,1872x958,,,0,1i-3 A Training,4,,,1i-3,,,Pass,,1i-3 A Training,1i-3 A Training,5,Training02,TrainingA,34efq7,1,response,ZETH WAN,1916.7999999999884,4850,4857.799999999988,1916.7999999999884,4850,4857.799999999988,1,1916.7999999999884,2941,0,,Single Text Entry,TextResponseA,4,object-97,1i-3,_,06,1i-3_06,2,Training02,12_SKEETER,ASK,.png,12_SKEETER_ASK.png,ZETH,WAN,12_SKEETER_ZETH_WAN.png,,ZETH WAN,12_SKEETER_ASK.png,12_SKEETER_DOTS.png,FICH WUNG,ZETH WAN,ZETH WAN,FICH WUNG,12_SKEETER_FICH_WUNG.png,FICH WUNG,,,,,
22,1712488787256,07/04/2024 11:19:47,1712492387256,1,07/04/2024 13:19:47,139619,19,task-eihb,,36808253,BLIND,10853383,,complete,,66127d52a6d69e8a71a74e55,computer,Desktop or Laptop,Windows 10,Edge 123.0.0.0,1920x1080,1872x958,,,0,1i-3 A Training,4,,,1i-3,,,Pass,,1i-3 A Training,1i-3 A Training,5,Training02,TrainingB,2yfdu9,2,response,,1235.899999994028,1233.5,1235.899999994028,1235.899999994028,1233.5,1235.899999994028,1,1235.899999994028,0,0,,Click Response,Option A,4,object-245,1i-3,_,06,1i-3_06,2,Training02,12_SKEETER,ASK,.png,12_SKEETER_ASK.png,ZETH,WAN,12_SKEETER_ZETH_WAN.png,,ZETH WAN,12_SKEETER_ASK.png,12_SKEETER_DOTS.png,FICH WUNG,ZETH WAN,ZETH WAN,FICH WUNG,12_SKEETER_FICH_WUNG.png,FICH WUNG,,,,,
23,1712488787849,07/04/2024 11:19:47,1712492387849,1,07/04/2024 13:19:47,139619,19,task-eihb,,36808253,BLIND,10853383,,complete,,66127d52a6d69e8a71a74e55,computer,Desktop or Laptop,Windows 10,Edge 123.0.0.0,1920x1080,1872x958,,,0,1i-3 A Training,4,,,1i-3,,,Pass,,1i-3 A Training,1i-3 A Training,5,Training02,TrainingC,1ouhhw,3,continue,,595.7999999999884,583.2999999999884,595.7999999999884,595.7999999999884,583.2999999999884,595.7999999999884,1,595.7999999999884,0,0,,Click To Continue,Continue Button,6,object-272,1i-3,_,06,1i-3_06,2,Training02,12_SKEETER,ASK,.png,12_SKEETER_ASK.png,ZETH,WAN,12_SKEETER_ZETH_WAN.png,,ZETH WAN,12_SKEETER_ASK.png,12_SKEETER_DOTS.png,FICH WUNG,ZETH WAN,ZETH WAN,FICH WUNG,12_SKEETER_FICH_WUNG.png,FICH WUNG,,,,,
24,1712488792284,07/04/2024 11:19:52,1712492392284,1,07/04/2024 13:19:52,139619,19,task-eihb,,36808253,BLIND,10853383,,complete,,66127d52a6d69e8a71a74e55,computer,Desktop or Laptop,Windows 10,Edge 123.0.0.0,1920x1080,1872x958,,,0,1i-3 A Training,4,,,1i-3,,,Pass,,1i-3 A Training,1i-3 A Training,6,Training02,TrainingA,34efq7,1,response,WOUX WAN,1450,4433.200000000012,4447.300000011921,1450,4433.200000000012,4447.300000011921,1,1450,2997.300000011921,0,,Single Text Entry,TextResponseA,4,object-97,1i-3,_,08,1i-3_08,2,Training02,28_GALLEONS,ASK,.png,28_GALLEONS_ASK.png,WOUX,WAN,28_GALLEONS_WOUX_WAN.png,,WOUX WAN,39_STOPHAGRID_ASK.png,39_STOPHAGRID_DOTS.png,ZETH WAN,WOUX WAN,WOUX WAN,ZETH WAN,39_STOPHAGRID_ZETH_WAN.png,ZETH WAN,,,,,
25,1712488793289,07/04/2024 11:19:53,1712492393289,1,07/04/2024 13:19:53,139619,19,task-eihb,,36808253,BLIND,10853383,,complete,,66127d52a6d69e8a71a74e55,computer,Desktop or Laptop,Windows 10,Edge 123.0.0.0,1920x1080,1872x958,,,0,1i-3 A Training,4,,,1i-3,,,Pass,,1i-3 A Training,1i-3 A Training,6,Training02,TrainingB,2yfdu9,2,response,,1019.2000000059488,1016.7999999999884,1019.2000000059488,1019.2000000059488,1016.7999999999884,1019.2000000059488,1,1019.2000000059488,0,0,,Click Response,Option A,4,object-245,1i-3,_,08,1i-3_08,2,Training02,28_GALLEONS,ASK,.png,28_GALLEONS_ASK.png,WOUX,WAN,28_GALLEONS_WOUX_WAN.png,,WOUX WAN,39_STOPHAGRID_ASK.png,39_STOPHAGRID_DOTS.png,ZETH WAN,WOUX WAN,WOUX WAN,ZETH WAN,39_STOPHAGRID_ZETH_WAN.png,ZETH WAN,,,,,
26,1712488793975,07/04/2024 11:19:53,1712492393975,1,07/04/2024 13:19:53,139619,19,task-eihb,,36808253,BLIND,10853383,,complete,,66127d52a6d69e8a71a74e55,computer,Desktop or Laptop,Windows 10,Edge 123.0.0.0,1920x1080,1872x958,,,0,1i-3 A Training,4,,,1i-3,,,Pass,,1i-3 A Training,1i-3 A Training,6,Training02,TrainingC,1ouhhw,3,continue,,688.5,683.2000000000116,688.5,688.5,683.2000000000116,688.5,1,688.5,0,0,,Click To Continue,Continue Button,6,object-272,1i-3,_,08,1i-3_08,2,Training02,28_GALLEONS,ASK,.png,28_GALLEONS_ASK.png,WOUX,WAN,28_GALLEONS_WOUX_WAN.png,,WOUX WAN,39_STOPHAGRID_ASK.png,39_STOPHAGRID_DOTS.png,ZETH WAN,WOUX WAN,WOUX WAN,ZETH WAN,39_STOPHAGRID_ZETH_WAN.png,ZETH WAN,,,,,
27,1712488799322,07/04/2024 11:19:59,1712492399322,1,07/04/2024 13:19:59,139619,19,task-eihb,,36808253,BLIND,10853383,,complete,,66127d52a6d69e8a71a74e55,computer,Desktop or Laptop,Windows 10,Edge 123.0.0.0,1920x1080,1872x958,,,0,1i-3 A Training,4,,,1i-3,,,Pass,,1i-3 A Training,1i-3 A Training,7,Training02,TrainingA,34efq7,1,response,RICH WUNG,1666.7999999999884,5350,5351.600000011909,1666.7999999999884,5350,5351.600000011909,0,1666.7999999999884,3684.800000011921,0,,Single Text Entry,TextResponseA,4,object-97,1i-3,_,05,1i-3_05,2,Training02,18_LIVEGODRIC,ASK,.png,18_LIVEGODRIC_ASK.png,FICH,WUNG,18_LIVEGODRIC_FICH_WUNG.png,,FICH WUNG,07_AZKABAN_ASK.png,07_AZKABAN_DOTS.png,FICH WUNG,RUSP WIM,FICH WUNG,RUSP WIM,07_AZKABAN_RUSP_WIM.png,,RUSP WIM,,,,
28,1712488804252,07/04/2024 11:20:04,1712492404252,1,07/04/2024 13:20:04,139619,19,task-eihb,,36808253,BLIND,10853383,,complete,,66127d52a6d69e8a71a74e55,computer,Desktop or Laptop,Windows 10,Edge 123.0.0.0,1920x1080,1872x958,,,0,1i-3 A Training,4,,,1i-3,,,Pass,,1i-3 A Training,1i-3 A Training,7,Training02,TrainingA,34efq7,1,response,FICH WUNG,8583.5,10266.799999999988,10282.00000001787,8583.5,10266.799999999988,10282.00000001787,1,8583.5,1698.5000000178698,0,,Single Text Entry,TextResponseA,4,object-97,1i-3,_,05,1i-3_05,2,Training02,18_LIVEGODRIC,ASK,.png,18_LIVEGODRIC_ASK.png,FICH,WUNG,18_LIVEGODRIC_FICH_WUNG.png,,FICH WUNG,07_AZKABAN_ASK.png,07_AZKABAN_DOTS.png,FICH WUNG,RUSP WIM,FICH WUNG,RUSP WIM,07_AZKABAN_RUSP_WIM.png,,RUSP WIM,,,,
29,1712488805949,07/04/2024 11:20:05,1712492405949,1,07/04/2024 13:20:05,139619,19,task-eihb,,36808253,BLIND,10853383,,complete,,66127d52a6d69e8a71a74e55,computer,Desktop or Laptop,Windows 10,Edge 123.0.0.0,1920x1080,1872x958,,,0,1i-3 A Training,4,,,1i-3,,,Pass,,1i-3 A Training,1i-3 A Training,7,Training02,TrainingB,2yfdu9,2,response,,1712.300000011921,1699.8999999999942,1712.300000011921,1712.300000011921,1699.8999999999942,1712.300000011921,1,1712.300000011921,0,0,,Click Response,Option B,5,object-246,1i-3,_,05,1i-3_05,2,Training02,18_LIVEGODRIC,ASK,.png,18_LIVEGODRIC_ASK.png,FICH,WUNG,18_LIVEGODRIC_FICH_WUNG.png,,FICH WUNG,07_AZKABAN_ASK.png,07_AZKABAN_DOTS.png,FICH WUNG,RUSP WIM,FICH WUNG,RUSP WIM,07_AZKABAN_RUSP_WIM.png,,RUSP WIM,,,,
30,1712488806794,07/04/2024 11:20:06,1712492406794,1,07/04/2024 13:20:06,139619,19,task-eihb,,36808253,BLIND,10853383,,complete,,66127d52a6d69e8a71a74e55,computer,Desktop or Laptop,Windows 10,Edge 123.0.0.0,1920x1080,1872x958,,,0,1i-3 A Training,4,,,1i-3,,,Pass,,1i-3 A Training,1i-3 A Training,7,Training02,TrainingC,1ouhhw,3,continue,,856.6999999940454,850.1000000000058,856.6999999940454,856.6999999940454,850.1000000000058,856.6999999940454,1,856.6999999940454,0,0,,Click To Continue,Continue Button,6,object-272,1i-3,_,05,1i-3_05,2,Training02,18_LIVEGODRIC,ASK,.png,18_LIVEGODRIC_ASK.png,FICH,WUNG,18_LIVEGODRIC_FICH_WUNG.png,,FICH WUNG,07_AZKABAN_ASK.png,07_AZKABAN_DOTS.png,FICH WUNG,RUSP WIM,FICH WUNG,RUSP WIM,07_AZKABAN_RUSP_WIM.png,,RUSP WIM,,,,
31,1712488812459,07/04/2024 11:20:12,1712492412459,1,07/04/2024 13:20:12,139619,19,task-eihb,,36808253,BLIND,10853383,,complete,,66127d52a6d69e8a71a74e55,computer,Desktop or Laptop,Windows 10,Edge 123.0.0.0,1920x1080,1872x958,,,0,1i-3 A Training,4,,,1i-3,,,Pass,,1i-3 A Training,1i-3 A Training,8,Training02,TrainingA,34efq7,1,response,RUSP WIM,1849.8999999999942,5666.599999999977,5672.4000000059605,1849.8999999999942,5666.599999999977,5672.4000000059605,1,1849.8999999999942,3822.5000000059663,0,,Single Text Entry,TextResponseA,4,object-97,1i-3,_,07,1i-3_07,2,Training02,34_FANLETTERS,ASK,.png,34_FANLETTERS_ASK.png,RUSP,WIM,34_FANLETTERS_RUSP_WIM.png,,RUSP WIM,34_FANLETTERS_ASK.png,34_FANLETTERS_DOTS.png,RUSP WIM,WOUX WAN,RUSP WIM,WOUX WAN,34_FANLETTERS_WOUX_WAN.png,,WOUX WAN,,,,
32,1712488813668,07/04/2024 11:20:13,1712492413668,1,07/04/2024 13:20:13,139619,19,task-eihb,,36808253,BLIND,10853383,,complete,,66127d52a6d69e8a71a74e55,computer,Desktop or Laptop,Windows 10,Edge 123.0.0.0,1920x1080,1872x958,,,0,1i-3 A Training,4,,,1i-3,,,Pass,,1i-3 A Training,1i-3 A Training,8,Training02,TrainingB,2yfdu9,2,response,,1214.3000000059837,1200.2000000000116,1214.3000000059837,1214.3000000059837,1200.2000000000116,1214.3000000059837,1,1214.3000000059837,0,0,,Click Response,Option B,5,object-246,1i-3,_,07,1i-3_07,2,Training02,34_FANLETTERS,ASK,.png,34_FANLETTERS_ASK.png,RUSP,WIM,34_FANLETTERS_RUSP_WIM.png,,RUSP WIM,34_FANLETTERS_ASK.png,34_FANLETTERS_DOTS.png,RUSP WIM,WOUX WAN,RUSP WIM,WOUX WAN,34_FANLETTERS_WOUX_WAN.png,,WOUX WAN,,,,
33,1712488814395,07/04/2024 11:20:14,1712492414395,1,07/04/2024 13:20:14,139619,19,task-eihb,,36808253,BLIND,10853383,,complete,,66127d52a6d69e8a71a74e55,computer,Desktop or Laptop,Windows 10,Edge 123.0.0.0,1920x1080,1872x958,,,0,1i-3 A Training,4,,,1i-3,,,Pass,,1i-3 A Training,1i-3 A Training,8,Training02,TrainingC,1ouhhw,3,continue,,741.6000000059721,733.2000000000116,741.6000000059721,741.6000000059721,733.2000000000116,741.6000000059721,1,741.6000000059721,0,0,,Click To Continue,Continue Button,6,object-272,1i-3,_,07,1i-3_07,2,Training02,34_FANLETTERS,ASK,.png,34_FANLETTERS_ASK.png,RUSP,WIM,34_FANLETTERS_RUSP_WIM.png,,RUSP WIM,34_FANLETTERS_ASK.png,34_FANLETTERS_DOTS.png,RUSP WIM,WOUX WAN,RUSP WIM,WOUX WAN,34_FANLETTERS_WOUX_WAN.png,,WOUX WAN,,,,
34,1712488829764,07/04/2024 11:20:29,1712492429764,1,07/04/2024 13:20:29,139619,19,task-eihb,,36808253,BLIND,10853383,,complete,,66127d52a6d69e8a71a74e55,computer,Desktop or Laptop,Windows 10,Edge 123.0.0.0,1920x1080,1872x958,,,0,1i-3 A Training,4,,,1i-3,,,Pass,,1i-3 A Training,1i-3 A Training,9,Training02,TrainingA,34efq7,1,response,FICH WUNG,2916.7999999999884,15366.700000000012,15377.200000017881,2916.7999999999884,15366.700000000012,15377.200000017881,1,2916.7999999999884,12460.400000017893,0,,Single Text Entry,TextResponseA,4,object-97,1i-3,_,09,1i-3_09,3,Training02,32_QWC,ASK,.png,32_QWC_ASK.png,FICH,WUNG,32_QWC_FICH_WUNG.png,,FICH WUNG,13_QUIBBLER_ASK.png,13_QUIBBLER_DOTS.png,FICH WUNG,WOUX WAN,FICH WUNG,WOUX WAN,13_QUIBBLER_WOUX_WAN.png,,WOUX WAN,,,,
35,1712488831644,07/04/2024 11:20:31,1712492431644,1,07/04/2024 13:20:31,139619,19,task-eihb,,36808253,BLIND,10853383,,complete,,66127d52a6d69e8a71a74e55,computer,Desktop or Laptop,Windows 10,Edge 123.0.0.0,1920x1080,1872x958,,,0,1i-3 A Training,4,,,1i-3,,,Pass,,1i-3 A Training,1i-3 A Training,9,Training02,TrainingB,2yfdu9,2,response,,1890.2000000059488,1883.399999999965,1890.2000000059488,1890.2000000059488,1883.399999999965,1890.2000000059488,1,1890.2000000059488,0,0,,Click Response,Option B,5,object-246,1i-3,_,09,1i-3_09,3,Training02,32_QWC,ASK,.png,32_QWC_ASK.png,FICH,WUNG,32_QWC_FICH_WUNG.png,,FICH WUNG,13_QUIBBLER_ASK.png,13_QUIBBLER_DOTS.png,FICH WUNG,WOUX WAN,FICH WUNG,WOUX WAN,13_QUIBBLER_WOUX_WAN.png,,WOUX WAN,,,,
36,1712488832537,07/04/2024 11:20:32,1712492432537,1,07/04/2024 13:20:32,139619,19,task-eihb,,36808253,BLIND,10853383,,complete,,66127d52a6d69e8a71a74e55,computer,Desktop or Laptop,Windows 10,Edge 123.0.0.0,1920x1080,1872x958,,,0,1i-3 A Training,4,,,1i-3,,,Pass,,1i-3 A Training,1i-3 A Training,9,Training02,TrainingC,1ouhhw,3,continue,,899.7999999999884,883.2000000000116,899.7999999999884,899.7999999999884,883.2000000000116,899.7999999999884,1,899.7999999999884,0,0,,Click To Continue,Continue Button,6,object-272,1i-3,_,09,1i-3_09,3,Training02,32_QWC,ASK,.png,32_QWC_ASK.png,FICH,WUNG,32_QWC_FICH_WUNG.png,,FICH WUNG,13_QUIBBLER_ASK.png,13_QUIBBLER_DOTS.png,FICH WUNG,WOUX WAN,FICH WUNG,WOUX WAN,13_QUIBBLER_WOUX_WAN.png,,WOUX WAN,,,,
37,1712488836707,07/04/2024 11:20:36,1712492436707,1,07/04/2024 13:20:36,139619,19,task-eihb,,36808253,BLIND,10853383,,complete,,66127d52a6d69e8a71a74e55,computer,Desktop or Laptop,Windows 10,Edge 123.0.0.0,1920x1080,1872x958,,,0,1i-3 A Training,4,,,1i-3,,,Pass,,1i-3 A Training,1i-3 A Training,10,Training02,TrainingA,34efq7,1,response,ZETH WAN,1666.7999999999884,4183.400000000023,4187.200000000012,1666.7999999999884,4183.400000000023,4187.200000000012,1,1666.7999999999884,2520.4000000000233,0,,Single Text Entry,TextResponseA,4,object-97,1i-3,_,10,1i-3_10,3,Training02,19_BURYVOLDY,ASK,.png,19_BURYVOLDY_ASK.png,ZETH,WAN,19_BURYVOLDY_ZETH_WAN.png,,ZETH WAN,21_TEACHHOG_ASK.png,21_TEACHHOG_DOTS.png,ZETH WAN,RUSP WIM,ZETH WAN,RUSP WIM,21_TEACHHOG_RUSP_WIM.png,,RUSP WIM,,,,
38,1712488837379,07/04/2024 11:20:37,1712492437379,1,07/04/2024 13:20:37,139619,19,task-eihb,,36808253,BLIND,10853383,,complete,,66127d52a6d69e8a71a74e55,computer,Desktop or Laptop,Windows 10,Edge 123.0.0.0,1920x1080,1872x958,,,0,1i-3 A Training,4,,,1i-3,,,Pass,,1i-3 A Training,1i-3 A Training,10,Training02,TrainingB,2yfdu9,2,response,,675.7000000059488,666.5999999999767,675.7000000059488,675.7000000059488,666.5999999999767,675.7000000059488,1,675.7000000059488,0,0,,Click Response,Option B,5,object-246,1i-3,_,10,1i-3_10,3,Training02,19_BURYVOLDY,ASK,.png,19_BURYVOLDY_ASK.png,ZETH,WAN,19_BURYVOLDY_ZETH_WAN.png,,ZETH WAN,21_TEACHHOG_ASK.png,21_TEACHHOG_DOTS.png,ZETH WAN,RUSP WIM,ZETH WAN,RUSP WIM,21_TEACHHOG_RUSP_WIM.png,,RUSP WIM,,,,
39,1712488838149,07/04/2024 11:20:38,1712492438149,1,07/04/2024 13:20:38,139619,19,task-eihb,,36808253,BLIND,10853383,,complete,,66127d52a6d69e8a71a74e55,computer,Desktop or Laptop,Windows 10,Edge 123.0.0.0,1920x1080,1872x958,,,0,1i-3 A Training,4,,,1i-3,,,Pass,,1i-3 A Training,1i-3 A Training,10,Training02,TrainingC,1ouhhw,3,continue,,778.6000000059721,766.7999999999884,778.6000000059721,778.6000000059721,766.7999999999884,778.6000000059721,1,778.6000000059721,0,0,,Click To Continue,Continue Button,6,object-272,1i-3,_,10,1i-3_10,3,Training02,19_BURYVOLDY,ASK,.png,19_BURYVOLDY_ASK.png,ZETH,WAN,19_BURYVOLDY_ZETH_WAN.png,,ZETH WAN,21_TEACHHOG_ASK.png,21_TEACHHOG_DOTS.png,ZETH WAN,RUSP WIM,ZETH WAN,RUSP WIM,21_TEACHHOG_RUSP_WIM.png,,RUSP WIM,,,,
40,1712488842126,07/04/2024 11:20:42,1712492442126,1,07/04/2024 13:20:42,139619,19,task-eihb,,36808253,BLIND,10853383,,complete,,66127d52a6d69e8a71a74e55,computer,Desktop or Laptop,Windows 10,Edge 123.0.0.0,1920x1080,1872x958,,,0,1i-3 A Training,4,,,1i-3,,,Pass,,1i-3 A Training,1i-3 A Training,11,Training02,TrainingA,34efq7,1,response,WOUX WAN,1316.7000000000116,3983.3000000000466,3988.9000000000233,1316.7000000000116,3983.3000000000466,3988.9000000000233,1,1316.7000000000116,2672.2000000000116,0,,Single Text Entry,TextResponseA,4,object-97,1i-3,_,12,1i-3_12,3,Training02,14_MUNGOS,ASK,.png,14_MUNGOS_ASK.png,WOUX,WAN,14_MUNGOS_WOUX_WAN.png,,WOUX WAN,33_ROR_ASK.png,33_ROR_DOTS.png,FICH WUNG,WOUX WAN,WOUX WAN,FICH WUNG,33_ROR_FICH_WUNG.png,FICH WUNG,,,,,
41,1712488842875,07/04/2024 11:20:42,1712492442875,1,07/04/2024 13:20:42,139619,19,task-eihb,,36808253,BLIND,10853383,,complete,,66127d52a6d69e8a71a74e55,computer,Desktop or Laptop,Windows 10,Edge 123.0.0.0,1920x1080,1872x958,,,0,1i-3 A Training,4,,,1i-3,,,Pass,,1i-3 A Training,1i-3 A Training,11,Training02,TrainingB,2yfdu9,2,response,,754.5999999999767,750.0999999999767,754.5999999999767,754.5999999999767,750.0999999999767,754.5999999999767,1,754.5999999999767,0,0,,Click Response,Option A,4,object-245,1i-3,_,12,1i-3_12,3,Training02,14_MUNGOS,ASK,.png,14_MUNGOS_ASK.png,WOUX,WAN,14_MUNGOS_WOUX_WAN.png,,WOUX WAN,33_ROR_ASK.png,33_ROR_DOTS.png,FICH WUNG,WOUX WAN,WOUX WAN,FICH WUNG,33_ROR_FICH_WUNG.png,FICH WUNG,,,,,
42,1712488843500,07/04/2024 11:20:43,1712492443500,1,07/04/2024 13:20:43,139619,19,task-eihb,,36808253,BLIND,10853383,,complete,,66127d52a6d69e8a71a74e55,computer,Desktop or Laptop,Windows 10,Edge 123.0.0.0,1920x1080,1872x958,,,0,1i-3 A Training,4,,,1i-3,,,Pass,,1i-3 A Training,1i-3 A Training,11,Training02,TrainingC,1ouhhw,3,continue,,629.5,616.5,629.5,629.5,616.5,629.5,1,629.5,0,0,,Click To Continue,Continue Button,6,object-272,1i-3,_,12,1i-3_12,3,Training02,14_MUNGOS,ASK,.png,14_MUNGOS_ASK.png,WOUX,WAN,14_MUNGOS_WOUX_WAN.png,,WOUX WAN,33_ROR_ASK.png,33_ROR_DOTS.png,FICH WUNG,WOUX WAN,WOUX WAN,FICH WUNG,33_ROR_FICH_WUNG.png,FICH WUNG,,,,,
43,1712488847948,07/04/2024 11:20:47,1712492447948,1,07/04/2024 13:20:47,139619,19,task-eihb,,36808253,BLIND,10853383,,complete,,66127d52a6d69e8a71a74e55,computer,Desktop or Laptop,Windows 10,Edge 123.0.0.0,1920x1080,1872x958,,,0,1i-3 A Training,4,,,1i-3,,,Pass,,1i-3 A Training,1i-3 A Training,12,Training02,TrainingA,34efq7,1,response,RUSP WIM,1500,4450.099999999977,4460.9000000059605,1500,4450.099999999977,4460.9000000059605,1,1500,2960.9000000059605,0,,Single Text Entry,TextResponseA,4,object-97,1i-3,_,11,1i-3_11,3,Training02,27_BESTSELLER,ASK,.png,27_BESTSELLER_ASK.png,RUSP,WIM,27_BESTSELLER_RUSP_WIM.png,,RUSP WIM,25_PROSECUTE_ASK.png,25_PROSECUTE_DOTS.png,ZETH WAN,RUSP WIM,RUSP WIM,ZETH WAN,25_PROSECUTE_ZETH_WAN.png,ZETH WAN,,,,,
44,1712488858091,07/04/2024 11:20:58,1712492458091,1,07/04/2024 13:20:58,139619,19,task-eihb,,36808253,BLIND,10853383,,complete,,66127d52a6d69e8a71a74e55,computer,Desktop or Laptop,Windows 10,Edge 123.0.0.0,1920x1080,1872x958,,,0,1i-3 A Training,4,,,1i-3,,,Pass,,1i-3 A Training,1i-3 A Training,12,Training02,TrainingB,2yfdu9,2,response,,10154.499999994063,10150,10154.499999994063,10154.499999994063,10150,10154.499999994063,1,10154.499999994063,0,0,,Click Response,Option A,4,object-245,1i-3,_,11,1i-3_11,3,Training02,27_BESTSELLER,ASK,.png,27_BESTSELLER_ASK.png,RUSP,WIM,27_BESTSELLER_RUSP_WIM.png,,RUSP WIM,25_PROSECUTE_ASK.png,25_PROSECUTE_DOTS.png,ZETH WAN,RUSP WIM,RUSP WIM,ZETH WAN,25_PROSECUTE_ZETH_WAN.png,ZETH WAN,,,,,
45,1712488859298,07/04/2024 11:20:59,1712492459298,1,07/04/2024 13:20:59,139619,19,task-eihb,,36808253,BLIND,10853383,,complete,,66127d52a6d69e8a71a74e55,computer,Desktop or Laptop,Windows 10,Edge 123.0.0.0,1920x1080,1872x958,,,0,1i-3 A Training,4,,,1i-3,,,Pass,,1i-3 A Training,1i-3 A Training,12,Training02,TrainingC,1ouhhw,3,continue,,1211.6000000179047,1200,1211.6000000179047,1211.6000000179047,1200,1211.6000000179047,1,1211.6000000179047,0,0,,Click To Continue,Continue Button,6,object-272,1i-3,_,11,1i-3_11,3,Training02,27_BESTSELLER,ASK,.png,27_BESTSELLER_ASK.png,RUSP,WIM,27_BESTSELLER_RUSP_WIM.png,,RUSP WIM,25_PROSECUTE_ASK.png,25_PROSECUTE_DOTS.png,ZETH WAN,RUSP WIM,RUSP WIM,ZETH WAN,25_PROSECUTE_ZETH_WAN.png,ZETH WAN,,,,,
46,1712488866291,07/04/2024 11:21:06,1712492466291,1,07/04/2024 13:21:06,139619,19,task-eihb,,36808253,BLIND,10853383,,complete,,66127d52a6d69e8a71a74e55,computer,Desktop or Laptop,Windows 10,Edge 123.0.0.0,1920x1080,1872x958,,,0,1i-3 A Training,4,,,1i-3,,,Pass,,1i-3 A Training,1i-3 A Training,13,Training02,TrainingA,34efq7,1,response,FICH WUNG,2600,7000,7004.400000000023,2600,7000,7004.400000000023,1,2600,4404.400000000023,0,,Single Text Entry,TextResponseA,4,object-97,1i-3,_,13,1i-3_13,4,Training02,11_RONWAND,ASK,.png,11_RONWAND_ASK.png,FICH,WUNG,11_RONWAND_FICH_WUNG.png,,FICH WUNG,06_MOM_ASK.png,06_MOM_DOTS.png,ZETH WAN,FICH WUNG,FICH WUNG,ZETH WAN,06_MOM_ZETH_WAN.png,ZETH WAN,,,,,
47,1712488867036,07/04/2024 11:21:07,1712492467036,1,07/04/2024 13:21:07,139619,19,task-eihb,,36808253,BLIND,10853383,,complete,,66127d52a6d69e8a71a74e55,computer,Desktop or Laptop,Windows 10,Edge 123.0.0.0,1920x1080,1872x958,,,0,1i-3 A Training,4,,,1i-3,,,Pass,,1i-3 A Training,1i-3 A Training,13,Training02,TrainingB,2yfdu9,2,response,,748.7000000119442,733.5,748.7000000119442,748.7000000119442,733.5,748.7000000119442,1,748.7000000119442,0,0,,Click Response,Option A,4,object-245,1i-3,_,13,1i-3_13,4,Training02,11_RONWAND,ASK,.png,11_RONWAND_ASK.png,FICH,WUNG,11_RONWAND_FICH_WUNG.png,,FICH WUNG,06_MOM_ASK.png,06_MOM_DOTS.png,ZETH WAN,FICH WUNG,FICH WUNG,ZETH WAN,06_MOM_ZETH_WAN.png,ZETH WAN,,,,,
48,1712488867567,07/04/2024 11:21:07,1712492467567,1,07/04/2024 13:21:07,139619,19,task-eihb,,36808253,BLIND,10853383,,complete,,66127d52a6d69e8a71a74e55,computer,Desktop or Laptop,Windows 10,Edge 123.0.0.0,1920x1080,1872x958,,,0,1i-3 A Training,4,,,1i-3,,,Pass,,1i-3 A Training,1i-3 A Training,13,Training02,TrainingC,1ouhhw,3,continue,,546.4000000000233,533.1000000000349,546.4000000000233,546.4000000000233,533.1000000000349,546.4000000000233,1,546.4000000000233,0,0,,Click To Continue,Continue Button,6,object-272,1i-3,_,13,1i-3_13,4,Training02,11_RONWAND,ASK,.png,11_RONWAND_ASK.png,FICH,WUNG,11_RONWAND_FICH_WUNG.png,,FICH WUNG,06_MOM_ASK.png,06_MOM_DOTS.png,ZETH WAN,FICH WUNG,FICH WUNG,ZETH WAN,06_MOM_ZETH_WAN.png,ZETH WAN,,,,,
49,1712488871618,07/04/2024 11:21:11,1712492471618,1,07/04/2024 13:21:11,139619,19,task-eihb,,36808253,BLIND,10853383,,complete,,66127d52a6d69e8a71a74e55,computer,Desktop or Laptop,Windows 10,Edge 123.0.0.0,1920x1080,1872x958,,,0,1i-3 A Training,4,,,1i-3,,,Pass,,1i-3 A Training,1i-3 A Training,14,Training02,TrainingA,34efq7,1,response,RUSP WIM,1433.399999999965,4050,4064.6000000119093,1433.399999999965,4050,4064.6000000119093,1,1433.399999999965,2631.200000011944,0,,Single Text Entry,TextResponseA,4,object-97,1i-3,_,15,1i-3_15,4,Training02,06_MOM,ASK,.png,06_MOM_ASK.png,RUSP,WIM,06_MOM_RUSP_WIM.png,,RUSP WIM,26_ERISED_ASK.png,26_ERISED_DOTS.png,RUSP WIM,FICH WUNG,RUSP WIM,FICH WUNG,26_ERISED_FICH_WUNG.png,,FICH WUNG,,,,
50,1712488873285,07/04/2024 11:21:13,1712492473285,1,07/04/2024 13:21:13,139619,19,task-eihb,,36808253,BLIND,10853383,,complete,,66127d52a6d69e8a71a74e55,computer,Desktop or Laptop,Windows 10,Edge 123.0.0.0,1920x1080,1872x958,,,0,1i-3 A Training,4,,,1i-3,,,Pass,,1i-3 A Training,1i-3 A Training,14,Training02,TrainingB,2yfdu9,2,response,,1681.6000000119093,1666.7000000000116,1681.6000000119093,1681.6000000119093,1666.7000000000116,1681.6000000119093,1,1681.6000000119093,0,0,,Click Response,Option A,4,object-245,1i-3,_,15,1i-3_15,4,Training02,06_MOM,ASK,.png,06_MOM_ASK.png,RUSP,WIM,06_MOM_RUSP_WIM.png,,RUSP WIM,26_ERISED_ASK.png,26_ERISED_DOTS.png,RUSP WIM,FICH WUNG,RUSP WIM,FICH WUNG,26_ERISED_FICH_WUNG.png,,FICH WUNG,,,,
51,1712488874433,07/04/2024 11:21:14,1712492474433,1,07/04/2024 13:21:14,139619,19,task-eihb,,36808253,BLIND,10853383,,complete,,66127d52a6d69e8a71a74e55,computer,Desktop or Laptop,Windows 10,Edge 123.0.0.0,1920x1080,1872x958,,,0,1i-3 A Training,4,,,1i-3,,,Pass,,1i-3 A Training,1i-3 A Training,14,Training02,TrainingC,1ouhhw,3,continue,,1163.300000017858,1150,1163.300000017858,1163.300000017858,1150,1163.300000017858,1,1163.300000017858,0,0,,Click To Continue,Continue Button,6,object-272,1i-3,_,15,1i-3_15,4,Training02,06_MOM,ASK,.png,06_MOM_ASK.png,RUSP,WIM,06_MOM_RUSP_WIM.png,,RUSP WIM,26_ERISED_ASK.png,26_ERISED_DOTS.png,RUSP WIM,FICH WUNG,RUSP WIM,FICH WUNG,26_ERISED_FICH_WUNG.png,,FICH WUNG,,,,
52,1712488879102,07/04/2024 11:21:19,1712492479102,1,07/04/2024 13:21:19,139619,19,task-eihb,,36808253,BLIND,10853383,,complete,,66127d52a6d69e8a71a74e55,computer,Desktop or Laptop,Windows 10,Edge 123.0.0.0,1920x1080,1872x958,,,0,1i-3 A Training,4,,,1i-3,,,Pass,,1i-3 A Training,1i-3 A Training,15,Training02,TrainingA,34efq7,1,response,ZETH WAN,2316.7999999999884,4666.599999999977,4681.800000017858,2316.7999999999884,4666.599999999977,4681.800000017858,1,2316.7999999999884,2365.0000000178698,0,,Single Text Entry,TextResponseA,4,object-97,1i-3,_,14,1i-3_14,4,Training02,33_ROR,ASK,.png,33_ROR_ASK.png,ZETH,WAN,33_ROR_ZETH_WAN.png,,ZETH WAN,19_BURYVOLDY_ASK.png,19_BURYVOLDY_DOTS.png,ZETH WAN,WOUX WAN,ZETH WAN,WOUX WAN,19_BURYVOLDY_WOUX_WAN.png,,WOUX WAN,,,,
53,1712488879873,07/04/2024 11:21:19,1712492479873,1,07/04/2024 13:21:19,139619,19,task-eihb,,36808253,BLIND,10853383,,complete,,66127d52a6d69e8a71a74e55,computer,Desktop or Laptop,Windows 10,Edge 123.0.0.0,1920x1080,1872x958,,,0,1i-3 A Training,4,,,1i-3,,,Pass,,1i-3 A Training,1i-3 A Training,15,Training02,TrainingB,2yfdu9,2,response,,786.3000000119209,783.4000000000233,786.3000000119209,786.3000000119209,783.4000000000233,786.3000000119209,1,786.3000000119209,0,0,,Click Response,Option B,5,object-246,1i-3,_,14,1i-3_14,4,Training02,33_ROR,ASK,.png,33_ROR_ASK.png,ZETH,WAN,33_ROR_ZETH_WAN.png,,ZETH WAN,19_BURYVOLDY_ASK.png,19_BURYVOLDY_DOTS.png,ZETH WAN,WOUX WAN,ZETH WAN,WOUX WAN,19_BURYVOLDY_WOUX_WAN.png,,WOUX WAN,,,,
54,1712488880489,07/04/2024 11:21:20,1712492480489,1,07/04/2024 13:21:20,139619,19,task-eihb,,36808253,BLIND,10853383,,complete,,66127d52a6d69e8a71a74e55,computer,Desktop or Laptop,Windows 10,Edge 123.0.0.0,1920x1080,1872x958,,,0,1i-3 A Training,4,,,1i-3,,,Pass,,1i-3 A Training,1i-3 A Training,15,Training02,TrainingC,1ouhhw,3,continue,,619.0000000059372,616.7999999999884,619.0000000059372,619.0000000059372,616.7999999999884,619.0000000059372,1,619.0000000059372,0,0,,Click To Continue,Continue Button,6,object-272,1i-3,_,14,1i-3_14,4,Training02,33_ROR,ASK,.png,33_ROR_ASK.png,ZETH,WAN,33_ROR_ZETH_WAN.png,,ZETH WAN,19_BURYVOLDY_ASK.png,19_BURYVOLDY_DOTS.png,ZETH WAN,WOUX WAN,ZETH WAN,WOUX WAN,19_BURYVOLDY_WOUX_WAN.png,,WOUX WAN,,,,
55,1712488885921,07/04/2024 11:21:25,1712492485921,1,07/04/2024 13:21:25,139619,19,task-eihb,,36808253,BLIND,10853383,,complete,,66127d52a6d69e8a71a74e55,computer,Desktop or Laptop,Windows 10,Edge 123.0.0.0,1920x1080,1872x958,,,0,1i-3 A Training,4,,,1i-3,,,Pass,,1i-3 A Training,1i-3 A Training,16,Training02,TrainingA,34efq7,1,response,WOUX WAN,1549.899999999965,5416.5,5433.100000000035,1549.899999999965,5416.5,5433.100000000035,1,1549.899999999965,3883.20000000007,0,,Single Text Entry,TextResponseA,4,object-97,1i-3,_,16,1i-3_16,4,Training02,42_ENGLAND,ASK,.png,42_ENGLAND_ASK.png,WOUX,WAN,42_ENGLAND_WOUX_WAN.png,,WOUX WAN,41_PIXIE_ASK.png,41_PIXIE_DOTS.png,RUSP WIM,WOUX WAN,WOUX WAN,RUSP WIM,41_PIXIE_RUSP_WIM.png,RUSP WIM,,,,,
56,1712488886909,07/04/2024 11:21:26,1712492486909,1,07/04/2024 13:21:26,139619,19,task-eihb,,36808253,BLIND,10853383,,complete,,66127d52a6d69e8a71a74e55,computer,Desktop or Laptop,Windows 10,Edge 123.0.0.0,1920x1080,1872x958,,,0,1i-3 A Training,4,,,1i-3,,,Pass,,1i-3 A Training,1i-3 A Training,16,Training02,TrainingB,2yfdu9,2,response,,1005.3999999940279,1000.0999999999767,1005.3999999940279,1005.3999999940279,1000.0999999999767,1005.3999999940279,1,1005.3999999940279,0,0,,Click Response,Option A,4,object-245,1i-3,_,16,1i-3_16,4,Training02,42_ENGLAND,ASK,.png,42_ENGLAND_ASK.png,WOUX,WAN,42_ENGLAND_WOUX_WAN.png,,WOUX WAN,41_PIXIE_ASK.png,41_PIXIE_DOTS.png,RUSP WIM,WOUX WAN,WOUX WAN,RUSP WIM,41_PIXIE_RUSP_WIM.png,RUSP WIM,,,,,
57,1712488888998,07/04/2024 11:21:28,1712492488998,1,07/04/2024 13:21:28,139619,19,task-eihb,,36808253,BLIND,10853383,,complete,,66127d52a6d69e8a71a74e55,computer,Desktop or Laptop,Windows 10,Edge 123.0.0.0,1920x1080,1872x958,,,0,1i-3 A Training,4,,,1i-3,,,Pass,,1i-3 A Training,1i-3 A Training,16,Training02,TrainingC,1ouhhw,3,continue,,2094.7000000000116,2083.2999999999884,2094.7000000000116,2094.7000000000116,2083.2999999999884,2094.7000000000116,1,2094.7000000000116,0,0,,Click To Continue,Continue Button,6,object-272,1i-3,_,16,1i-3_16,4,Training02,42_ENGLAND,ASK,.png,42_ENGLAND_ASK.png,WOUX,WAN,42_ENGLAND_WOUX_WAN.png,,WOUX WAN,41_PIXIE_ASK.png,41_PIXIE_DOTS.png,RUSP WIM,WOUX WAN,WOUX WAN,RUSP WIM,41_PIXIE_RUSP_WIM.png,RUSP WIM,,,,,
58,1712488897472,07/04/2024 11:21:37,1712492497472,1,07/04/2024 13:21:37,139619,19,task-eihb,,36808253,BLIND,10853383,,complete,,66127d52a6d69e8a71a74e55,computer,Desktop or Laptop,Windows 10,Edge 123.0.0.0,1920x1080,1872x958,,,0,1i-3 A Training,4,,,1i-3,,,Pass,,1i-3 A Training,1i-3 A Training,17,Training02,TrainingA,34efq7,1,response,WOUX WAN,2033.3000000000466,8483.300000000047,8485.600000017905,2033.3000000000466,8483.300000000047,8485.600000017905,1,2033.3000000000466,6452.300000017858,0,,Single Text Entry,TextResponseA,4,object-97,1i-3,_,20,1i-3_20,5,Training02,21_TEACHHOG,ASK,.png,21_TEACHHOG_ASK.png,WOUX,WAN,21_TEACHHOG_WOUX_WAN.png,,WOUX WAN,42_ENGLAND_ASK.png,42_ENGLAND_DOTS.png,WOUX WAN,ZETH WAN,WOUX WAN,ZETH WAN,42_ENGLAND_ZETH_WAN.png,,ZETH WAN,,,,
59,1712488903533,07/04/2024 11:21:43,1712492503533,1,07/04/2024 13:21:43,139619,19,task-eihb,,36808253,BLIND,10853383,,complete,,66127d52a6d69e8a71a74e55,computer,Desktop or Laptop,Windows 10,Edge 123.0.0.0,1920x1080,1872x958,,,0,1i-3 A Training,4,,,1i-3,,,Pass,,1i-3 A Training,1i-3 A Training,17,Training02,TrainingB,2yfdu9,2,response,,6062.400000011898,6050.199999999953,6062.400000011898,6062.400000011898,6050.199999999953,6062.400000011898,1,6062.400000011898,0,0,,Click Response,Option B,5,object-246,1i-3,_,20,1i-3_20,5,Training02,21_TEACHHOG,ASK,.png,21_TEACHHOG_ASK.png,WOUX,WAN,21_TEACHHOG_WOUX_WAN.png,,WOUX WAN,42_ENGLAND_ASK.png,42_ENGLAND_DOTS.png,WOUX WAN,ZETH WAN,WOUX WAN,ZETH WAN,42_ENGLAND_ZETH_WAN.png,,ZETH WAN,,,,
60,1712488904446,07/04/2024 11:21:44,1712492504446,1,07/04/2024 13:21:44,139619,19,task-eihb,,36808253,BLIND,10853383,,complete,,66127d52a6d69e8a71a74e55,computer,Desktop or Laptop,Windows 10,Edge 123.0.0.0,1920x1080,1872x958,,,0,1i-3 A Training,4,,,1i-3,,,Pass,,1i-3 A Training,1i-3 A Training,17,Training02,TrainingC,1ouhhw,3,continue,,925.4000000000233,916.5,925.4000000000233,925.4000000000233,916.5,925.4000000000233,1,925.4000000000233,0,0,,Click To Continue,Continue Button,6,object-272,1i-3,_,20,1i-3_20,5,Training02,21_TEACHHOG,ASK,.png,21_TEACHHOG_ASK.png,WOUX,WAN,21_TEACHHOG_WOUX_WAN.png,,WOUX WAN,42_ENGLAND_ASK.png,42_ENGLAND_DOTS.png,WOUX WAN,ZETH WAN,WOUX WAN,ZETH WAN,42_ENGLAND_ZETH_WAN.png,,ZETH WAN,,,,
61,1712488927549,07/04/2024 11:22:07,1712492527549,1,07/04/2024 13:22:07,139619,19,task-eihb,,36808253,BLIND,10853383,,complete,,66127d52a6d69e8a71a74e55,computer,Desktop or Laptop,Windows 10,Edge 123.0.0.0,1920x1080,1872x958,,,0,1i-3 A Training,4,,,1i-3,,,Pass,,1i-3 A Training,1i-3 A Training,18,Training02,TrainingA,34efq7,1,response,FICH WUNG ,10100.100000000035,23100,23112.400000000023,10100.100000000035,23100,23112.400000000023,0,10100.100000000035,13012.299999999988,0,,Single Text Entry,TextResponseA,4,object-97,1i-3,_,17,1i-3_17,5,Training02,25_PROSECUTE,ASK,.png,25_PROSECUTE_ASK.png,FICH,WUNG,25_PROSECUTE_FICH_WUNG.png,,FICH WUNG,04_WHEEZES_ASK.png,04_WHEEZES_DOTS.png,RUSP WIM,FICH WUNG,FICH WUNG,RUSP WIM,04_WHEEZES_RUSP_WIM.png,RUSP WIM,,,,,
62,1712488928474,07/04/2024 11:22:08,1712492528474,1,07/04/2024 13:22:08,139619,19,task-eihb,,36808253,BLIND,10853383,,complete,,66127d52a6d69e8a71a74e55,computer,Desktop or Laptop,Windows 10,Edge 123.0.0.0,1920x1080,1872x958,,,0,1i-3 A Training,4,,,1i-3,,,Pass,,1i-3 A Training,1i-3 A Training,18,Training02,TrainingA,34efq7,1,response,FICH WUNG ,24036.999999994063,24033.300000000047,24036.999999994063,24036.999999994063,24033.300000000047,24036.999999994063,0,24036.999999994063,0,0,,Single Text Entry,TextResponseA,4,object-97,1i-3,_,17,1i-3_17,5,Training02,25_PROSECUTE,ASK,.png,25_PROSECUTE_ASK.png,FICH,WUNG,25_PROSECUTE_FICH_WUNG.png,,FICH WUNG,04_WHEEZES_ASK.png,04_WHEEZES_DOTS.png,RUSP WIM,FICH WUNG,FICH WUNG,RUSP WIM,04_WHEEZES_RUSP_WIM.png,RUSP WIM,,,,,
63,1712488930346,07/04/2024 11:22:10,1712492530346,1,07/04/2024 13:22:10,139619,19,task-eihb,,36808253,BLIND,10853383,,complete,,66127d52a6d69e8a71a74e55,computer,Desktop or Laptop,Windows 10,Edge 123.0.0.0,1920x1080,1872x958,,,0,1i-3 A Training,4,,,1i-3,,,Pass,,1i-3 A Training,1i-3 A Training,18,Training02,TrainingA,34efq7,1,response,FICH WUNG,25566.70000000001,25900,25909.200000011944,25566.70000000001,25900,25909.200000011944,1,25566.70000000001,342.50000001193257,0,,Single Text Entry,TextResponseA,4,object-97,1i-3,_,17,1i-3_17,5,Training02,25_PROSECUTE,ASK,.png,25_PROSECUTE_ASK.png,FICH,WUNG,25_PROSECUTE_FICH_WUNG.png,,FICH WUNG,04_WHEEZES_ASK.png,04_WHEEZES_DOTS.png,RUSP WIM,FICH WUNG,FICH WUNG,RUSP WIM,04_WHEEZES_RUSP_WIM.png,RUSP WIM,,,,,
64,1712488935675,07/04/2024 11:22:15,1712492535675,1,07/04/2024 13:22:15,139619,19,task-eihb,,36808253,BLIND,10853383,,complete,,66127d52a6d69e8a71a74e55,computer,Desktop or Laptop,Windows 10,Edge 123.0.0.0,1920x1080,1872x958,,,0,1i-3 A Training,4,,,1i-3,,,Pass,,1i-3 A Training,1i-3 A Training,18,Training02,TrainingB,2yfdu9,2,response,,5338.300000005984,5333.400000000023,5338.300000005984,5338.300000005984,5333.400000000023,5338.300000005984,1,5338.300000005984,0,0,,Click Response,Option A,4,object-245,1i-3,_,17,1i-3_17,5,Training02,25_PROSECUTE,ASK,.png,25_PROSECUTE_ASK.png,FICH,WUNG,25_PROSECUTE_FICH_WUNG.png,,FICH WUNG,04_WHEEZES_ASK.png,04_WHEEZES_DOTS.png,RUSP WIM,FICH WUNG,FICH WUNG,RUSP WIM,04_WHEEZES_RUSP_WIM.png,RUSP WIM,,,,,
65,1712488936975,07/04/2024 11:22:16,1712492536975,1,07/04/2024 13:22:16,139619,19,task-eihb,,36808253,BLIND,10853383,,complete,,66127d52a6d69e8a71a74e55,computer,Desktop or Laptop,Windows 10,Edge 123.0.0.0,1920x1080,1872x958,,,0,1i-3 A Training,4,,,1i-3,,,Pass,,1i-3 A Training,1i-3 A Training,18,Training02,TrainingC,1ouhhw,3,continue,,1304.300000011921,1300,1304.300000011921,1304.300000011921,1300,1304.300000011921,1,1304.300000011921,0,0,,Click To Continue,Continue Button,6,object-272,1i-3,_,17,1i-3_17,5,Training02,25_PROSECUTE,ASK,.png,25_PROSECUTE_ASK.png,FICH,WUNG,25_PROSECUTE_FICH_WUNG.png,,FICH WUNG,04_WHEEZES_ASK.png,04_WHEEZES_DOTS.png,RUSP WIM,FICH WUNG,FICH WUNG,RUSP WIM,04_WHEEZES_RUSP_WIM.png,RUSP WIM,,,,,
66,1712488944296,07/04/2024 11:22:24,1712492544296,1,07/04/2024 13:22:24,139619,19,task-eihb,,36808253,BLIND,10853383,,complete,,66127d52a6d69e8a71a74e55,computer,Desktop or Laptop,Windows 10,Edge 123.0.0.0,1920x1080,1872x958,,,0,1i-3 A Training,4,,,1i-3,,,Pass,,1i-3 A Training,1i-3 A Training,19,Training02,TrainingA,34efq7,1,response,RUSP WIN,2083.4000000000233,7316.700000000012,7325.4000000059605,2083.4000000000233,7316.700000000012,7325.4000000059605,0,2083.4000000000233,5242.000000005937,0,,Single Text Entry,TextResponseA,4,object-97,1i-3,_,19,1i-3_19,5,Training02,41_PIXIE,ASK,.png,41_PIXIE_ASK.png,RUSP,WIM,41_PIXIE_RUSP_WIM.png,,RUSP WIM,35_PROPHET_ASK.png,35_PROPHET_DOTS.png,WOUX WAN,RUSP WIM,RUSP WIM,WOUX WAN,35_PROPHET_WOUX_WAN.png,WOUX WAN,,,,,
67,1712488948656,07/04/2024 11:22:28,1712492548656,1,07/04/2024 13:22:28,139619,19,task-eihb,,36808253,BLIND,10853383,,complete,,66127d52a6d69e8a71a74e55,computer,Desktop or Laptop,Windows 10,Edge 123.0.0.0,1920x1080,1872x958,,,0,1i-3 A Training,4,,,1i-3,,,Pass,,1i-3 A Training,1i-3 A Training,19,Training02,TrainingA,34efq7,1,response,RUSP WIM,10316.700000000012,11683.299999999988,11685.800000011921,10316.700000000012,11683.299999999988,11685.800000011921,1,10316.700000000012,1369.1000000119093,0,,Single Text Entry,TextResponseA,4,object-97,1i-3,_,19,1i-3_19,5,Training02,41_PIXIE,ASK,.png,41_PIXIE_ASK.png,RUSP,WIM,41_PIXIE_RUSP_WIM.png,,RUSP WIM,35_PROPHET_ASK.png,35_PROPHET_DOTS.png,WOUX WAN,RUSP WIM,RUSP WIM,WOUX WAN,35_PROPHET_WOUX_WAN.png,WOUX WAN,,,,,
68,1712488961903,07/04/2024 11:22:41,1712492561903,1,07/04/2024 13:22:41,139619,19,task-eihb,,36808253,BLIND,10853383,,complete,,66127d52a6d69e8a71a74e55,computer,Desktop or Laptop,Windows 10,Edge 123.0.0.0,1920x1080,1872x958,,,0,1i-3 A Training,4,,,1i-3,,,Pass,,1i-3 A Training,1i-3 A Training,19,Training02,TrainingB,2yfdu9,2,response,,13249.000000011933,13233.5,13249.000000011933,13249.000000011933,13233.5,13249.000000011933,1,13249.000000011933,0,0,,Click Response,Option A,4,object-245,1i-3,_,19,1i-3_19,5,Training02,41_PIXIE,ASK,.png,41_PIXIE_ASK.png,RUSP,WIM,41_PIXIE_RUSP_WIM.png,,RUSP WIM,35_PROPHET_ASK.png,35_PROPHET_DOTS.png,WOUX WAN,RUSP WIM,RUSP WIM,WOUX WAN,35_PROPHET_WOUX_WAN.png,WOUX WAN,,,,,
69,1712488962618,07/04/2024 11:22:42,1712492562618,1,07/04/2024 13:22:42,139619,19,task-eihb,,36808253,BLIND,10853383,,complete,,66127d52a6d69e8a71a74e55,computer,Desktop or Laptop,Windows 10,Edge 123.0.0.0,1920x1080,1872x958,,,0,1i-3 A Training,4,,,1i-3,,,Pass,,1i-3 A Training,1i-3 A Training,19,Training02,TrainingC,1ouhhw,3,continue,,731.0000000119326,716.6000000000349,731.0000000119326,731.0000000119326,716.6000000000349,731.0000000119326,1,731.0000000119326,0,0,,Click To Continue,Continue Button,6,object-272,1i-3,_,19,1i-3_19,5,Training02,41_PIXIE,ASK,.png,41_PIXIE_ASK.png,RUSP,WIM,41_PIXIE_RUSP_WIM.png,,RUSP WIM,35_PROPHET_ASK.png,35_PROPHET_DOTS.png,WOUX WAN,RUSP WIM,RUSP WIM,WOUX WAN,35_PROPHET_WOUX_WAN.png,WOUX WAN,,,,,
70,1712488974192,07/04/2024 11:22:54,1712492574192,1,07/04/2024 13:22:54,139619,19,task-eihb,,36808253,BLIND,10853383,,complete,,66127d52a6d69e8a71a74e55,computer,Desktop or Laptop,Windows 10,Edge 123.0.0.0,1920x1080,1872x958,,,0,1i-3 A Training,4,,,1i-3,,,Pass,,1i-3 A Training,1i-3 A Training,20,Training02,TrainingA,34efq7,1,response,ZETH WAN,8916.699999999953,11583.299999999988,11587.900000011898,8916.699999999953,11583.299999999988,11587.900000011898,1,8916.699999999953,2671.200000011944,0,,Single Text Entry,TextResponseA,4,object-97,1i-3,_,18,1i-3_18,5,Training02,05_AUROR,ASK,.png,05_AUROR_ASK.png,ZETH,WAN,05_AUROR_ZETH_WAN.png,,ZETH WAN,11_RONWAND_ASK.png,11_RONWAND_DOTS.png,ZETH WAN,FICH WUNG,ZETH WAN,FICH WUNG,11_RONWAND_FICH_WUNG.png,,FICH WUNG,,,,
71,1712488978217,07/04/2024 11:22:58,1712492578217,1,07/04/2024 13:22:58,139619,19,task-eihb,,36808253,BLIND,10853383,,complete,,66127d52a6d69e8a71a74e55,computer,Desktop or Laptop,Windows 10,Edge 123.0.0.0,1920x1080,1872x958,,,0,1i-3 A Training,4,,,1i-3,,,Pass,,1i-3 A Training,1i-3 A Training,20,Training02,TrainingB,2yfdu9,2,response,,4029.700000005949,4016.7000000000116,4029.700000005949,4029.700000005949,4016.7000000000116,4029.700000005949,1,4029.700000005949,0,0,,Click Response,Option B,5,object-246,1i-3,_,18,1i-3_18,5,Training02,05_AUROR,ASK,.png,05_AUROR_ASK.png,ZETH,WAN,05_AUROR_ZETH_WAN.png,,ZETH WAN,11_RONWAND_ASK.png,11_RONWAND_DOTS.png,ZETH WAN,FICH WUNG,ZETH WAN,FICH WUNG,11_RONWAND_FICH_WUNG.png,,FICH WUNG,,,,
72,1712488978946,07/04/2024 11:22:58,1712492578946,1,07/04/2024 13:22:58,139619,19,task-eihb,,36808253,BLIND,10853383,,complete,,66127d52a6d69e8a71a74e55,computer,Desktop or Laptop,Windows 10,Edge 123.0.0.0,1920x1080,1872x958,,,0,1i-3 A Training,4,,,1i-3,,,Pass,,1i-3 A Training,1i-3 A Training,20,Training02,TrainingC,1ouhhw,3,continue,,742.3000000178581,733.3999999999651,742.3000000178581,742.3000000178581,733.3999999999651,742.3000000178581,1,742.3000000178581,0,0,,Click To Continue,Continue Button,6,object-272,1i-3,_,18,1i-3_18,5,Training02,05_AUROR,ASK,.png,05_AUROR_ASK.png,ZETH,WAN,05_AUROR_ZETH_WAN.png,,ZETH WAN,11_RONWAND_ASK.png,11_RONWAND_DOTS.png,ZETH WAN,FICH WUNG,ZETH WAN,FICH WUNG,11_RONWAND_FICH_WUNG.png,,FICH WUNG,,,,
73,1712488984295,07/04/2024 11:23:04,1712492584295,1,07/04/2024 13:23:04,139619,19,task-eihb,,36808253,BLIND,10853383,,complete,,66127d52a6d69e8a71a74e55,computer,Desktop or Laptop,Windows 10,Edge 123.0.0.0,1920x1080,1872x958,,,0,1i-3 A Training,4,,,1i-3,,,Pass,,1i-3 A Training,1i-3 A Training,21,Training02,TrainingA,34efq7,1,response,FICH WUNG,1966.600000000035,5350,5358.299999994051,1966.600000000035,5350,5358.299999994051,1,1966.600000000035,3391.6999999940163,0,,Single Text Entry,TextResponseA,4,object-97,1i-3,_,21,1i-3_21,6,Training02,39_STOPHAGRID,ASK,.png,39_STOPHAGRID_ASK.png,FICH,WUNG,39_STOPHAGRID_FICH_WUNG.png,,FICH WUNG,14_MUNGOS_ASK.png,14_MUNGOS_DOTS.png,WOUX WAN,FICH WUNG,FICH WUNG,WOUX WAN,14_MUNGOS_WOUX_WAN.png,WOUX WAN,,,,,
74,1712488985057,07/04/2024 11:23:05,1712492585057,1,07/04/2024 13:23:05,139619,19,task-eihb,,36808253,BLIND,10853383,,complete,,66127d52a6d69e8a71a74e55,computer,Desktop or Laptop,Windows 10,Edge 123.0.0.0,1920x1080,1872x958,,,0,1i-3 A Training,4,,,1i-3,,,Pass,,1i-3 A Training,1i-3 A Training,21,Training02,TrainingB,2yfdu9,2,response,,769.7999999940512,766.7000000000116,769.7999999940512,769.7999999940512,766.7000000000116,769.7999999940512,1,769.7999999940512,0,0,,Click Response,Option A,4,object-245,1i-3,_,21,1i-3_21,6,Training02,39_STOPHAGRID,ASK,.png,39_STOPHAGRID_ASK.png,FICH,WUNG,39_STOPHAGRID_FICH_WUNG.png,,FICH WUNG,14_MUNGOS_ASK.png,14_MUNGOS_DOTS.png,WOUX WAN,FICH WUNG,FICH WUNG,WOUX WAN,14_MUNGOS_WOUX_WAN.png,WOUX WAN,,,,,
75,1712488985654,07/04/2024 11:23:05,1712492585654,1,07/04/2024 13:23:05,139619,19,task-eihb,,36808253,BLIND,10853383,,complete,,66127d52a6d69e8a71a74e55,computer,Desktop or Laptop,Windows 10,Edge 123.0.0.0,1920x1080,1872x958,,,0,1i-3 A Training,4,,,1i-3,,,Pass,,1i-3 A Training,1i-3 A Training,21,Training02,TrainingC,1ouhhw,3,continue,,600,583.2999999999884,600,600,583.2999999999884,600,1,600,0,0,,Click To Continue,Continue Button,6,object-272,1i-3,_,21,1i-3_21,6,Training02,39_STOPHAGRID,ASK,.png,39_STOPHAGRID_ASK.png,FICH,WUNG,39_STOPHAGRID_FICH_WUNG.png,,FICH WUNG,14_MUNGOS_ASK.png,14_MUNGOS_DOTS.png,WOUX WAN,FICH WUNG,FICH WUNG,WOUX WAN,14_MUNGOS_WOUX_WAN.png,WOUX WAN,,,,,
76,1712488990628,07/04/2024 11:23:10,1712492590628,1,07/04/2024 13:23:10,139619,19,task-eihb,,36808253,BLIND,10853383,,complete,,66127d52a6d69e8a71a74e55,computer,Desktop or Laptop,Windows 10,Edge 123.0.0.0,1920x1080,1872x958,,,0,1i-3 A Training,4,,,1i-3,,,Pass,,1i-3 A Training,1i-3 A Training,22,Training02,TrainingA,34efq7,1,response,RUSP WIM,1716.7000000000116,4983.200000000012,4990.500000011933,1716.7000000000116,4983.200000000012,4990.500000011933,1,1716.7000000000116,3273.800000011921,0,,Single Text Entry,TextResponseA,4,object-97,1i-3,_,23,1i-3_23,6,Training02,20_PULLSWORD,ASK,.png,20_PULLSWORD_ASK.png,RUSP,WIM,20_PULLSWORD_RUSP_WIM.png,,RUSP WIM,28_GALLEONS_ASK.png,28_GALLEONS_DOTS.png,RUSP WIM,ZETH WAN,RUSP WIM,ZETH WAN,28_GALLEONS_ZETH_WAN.png,,ZETH WAN,,,,
77,1712488991741,07/04/2024 11:23:11,1712492591741,1,07/04/2024 13:23:11,139619,19,task-eihb,,36808253,BLIND,10853383,,complete,,66127d52a6d69e8a71a74e55,computer,Desktop or Laptop,Windows 10,Edge 123.0.0.0,1920x1080,1872x958,,,0,1i-3 A Training,4,,,1i-3,,,Pass,,1i-3 A Training,1i-3 A Training,22,Training02,TrainingB,2yfdu9,2,response,,1120.800000011921,1116.7999999999884,1120.800000011921,1120.800000011921,1116.7999999999884,1120.800000011921,1,1120.800000011921,0,0,,Click Response,Option B,5,object-246,1i-3,_,23,1i-3_23,6,Training02,20_PULLSWORD,ASK,.png,20_PULLSWORD_ASK.png,RUSP,WIM,20_PULLSWORD_RUSP_WIM.png,,RUSP WIM,28_GALLEONS_ASK.png,28_GALLEONS_DOTS.png,RUSP WIM,ZETH WAN,RUSP WIM,ZETH WAN,28_GALLEONS_ZETH_WAN.png,,ZETH WAN,,,,
78,1712488992429,07/04/2024 11:23:12,1712492592429,1,07/04/2024 13:23:12,139619,19,task-eihb,,36808253,BLIND,10853383,,complete,,66127d52a6d69e8a71a74e55,computer,Desktop or Laptop,Windows 10,Edge 123.0.0.0,1920x1080,1872x958,,,0,1i-3 A Training,4,,,1i-3,,,Pass,,1i-3 A Training,1i-3 A Training,22,Training02,TrainingC,1ouhhw,3,continue,,692.1000000059721,683.2999999999884,692.1000000059721,692.1000000059721,683.2999999999884,692.1000000059721,1,692.1000000059721,0,0,,Click To Continue,Continue Button,6,object-272,1i-3,_,23,1i-3_23,6,Training02,20_PULLSWORD,ASK,.png,20_PULLSWORD_ASK.png,RUSP,WIM,20_PULLSWORD_RUSP_WIM.png,,RUSP WIM,28_GALLEONS_ASK.png,28_GALLEONS_DOTS.png,RUSP WIM,ZETH WAN,RUSP WIM,ZETH WAN,28_GALLEONS_ZETH_WAN.png,,ZETH WAN,,,,
79,1712488996243,07/04/2024 11:23:16,1712492596243,1,07/04/2024 13:23:16,139619,19,task-eihb,,36808253,BLIND,10853383,,complete,,66127d52a6d69e8a71a74e55,computer,Desktop or Laptop,Windows 10,Edge 123.0.0.0,1920x1080,1872x958,,,0,1i-3 A Training,4,,,1i-3,,,Pass,,1i-3 A Training,1i-3 A Training,23,Training02,TrainingA,34efq7,1,response,WOUX WAN,1483.3000000000466,3816.7000000000116,3822.999999994063,1483.3000000000466,3816.7000000000116,3822.999999994063,1,1483.3000000000466,2339.6999999940163,0,,Single Text Entry,TextResponseA,4,object-97,1i-3,_,24,1i-3_24,6,Training02,07_AZKABAN,ASK,.png,07_AZKABAN_ASK.png,WOUX,WAN,07_AZKABAN_WOUX_WAN.png,,WOUX WAN,32_QWC_ASK.png,32_QWC_DOTS.png,WOUX WAN,FICH WUNG,WOUX WAN,FICH WUNG,32_QWC_FICH_WUNG.png,,FICH WUNG,,,,
80,1712488997867,07/04/2024 11:23:17,1712492597867,1,07/04/2024 13:23:17,139619,19,task-eihb,,36808253,BLIND,10853383,,complete,,66127d52a6d69e8a71a74e55,computer,Desktop or Laptop,Windows 10,Edge 123.0.0.0,1920x1080,1872x958,,,0,1i-3 A Training,4,,,1i-3,,,Pass,,1i-3 A Training,1i-3 A Training,23,Training02,TrainingB,2yfdu9,2,response,,1629.600000005972,1616.600000000035,1629.600000005972,1629.600000005972,1616.600000000035,1629.600000005972,1,1629.600000005972,0,0,,Click Response,Option B,5,object-246,1i-3,_,24,1i-3_24,6,Training02,07_AZKABAN,ASK,.png,07_AZKABAN_ASK.png,WOUX,WAN,07_AZKABAN_WOUX_WAN.png,,WOUX WAN,32_QWC_ASK.png,32_QWC_DOTS.png,WOUX WAN,FICH WUNG,WOUX WAN,FICH WUNG,32_QWC_FICH_WUNG.png,,FICH WUNG,,,,
81,1712488998539,07/04/2024 11:23:18,1712492598539,1,07/04/2024 13:23:18,139619,19,task-eihb,,36808253,BLIND,10853383,,complete,,66127d52a6d69e8a71a74e55,computer,Desktop or Laptop,Windows 10,Edge 123.0.0.0,1920x1080,1872x958,,,0,1i-3 A Training,4,,,1i-3,,,Pass,,1i-3 A Training,1i-3 A Training,23,Training02,TrainingC,1ouhhw,3,continue,,685.0000000059372,683.2999999999884,685.0000000059372,685.0000000059372,683.2999999999884,685.0000000059372,1,685.0000000059372,0,0,,Click To Continue,Continue Button,6,object-272,1i-3,_,24,1i-3_24,6,Training02,07_AZKABAN,ASK,.png,07_AZKABAN_ASK.png,WOUX,WAN,07_AZKABAN_WOUX_WAN.png,,WOUX WAN,32_QWC_ASK.png,32_QWC_DOTS.png,WOUX WAN,FICH WUNG,WOUX WAN,FICH WUNG,32_QWC_FICH_WUNG.png,,FICH WUNG,,,,
82,1712489003146,07/04/2024 11:23:23,1712492603146,1,07/04/2024 13:23:23,139619,19,task-eihb,,36808253,BLIND,10853383,,complete,,66127d52a6d69e8a71a74e55,computer,Desktop or Laptop,Windows 10,Edge 123.0.0.0,1920x1080,1872x958,,,0,1i-3 A Training,4,,,1i-3,,,Pass,,1i-3 A Training,1i-3 A Training,24,Training02,TrainingA,34efq7,1,response,ZETH WAN,1483.399999999965,4600,4608.600000011909,1483.399999999965,4600,4608.600000011909,1,1483.399999999965,3125.200000011944,0,,Single Text Entry,TextResponseA,4,object-97,1i-3,_,22,1i-3_22,6,Training02,26_ERISED,ASK,.png,26_ERISED_ASK.png,ZETH,WAN,26_ERISED_ZETH_WAN.png,,ZETH WAN,18_LIVEGODRIC_ASK.png,18_LIVEGODRIC_DOTS.png,RUSP WIM,ZETH WAN,ZETH WAN,RUSP WIM,18_LIVEGODRIC_RUSP_WIM.png,RUSP WIM,,,,,
83,1712489004341,07/04/2024 11:23:24,1712492604341,1,07/04/2024 13:23:24,139619,19,task-eihb,,36808253,BLIND,10853383,,complete,,66127d52a6d69e8a71a74e55,computer,Desktop or Laptop,Windows 10,Edge 123.0.0.0,1920x1080,1872x958,,,0,1i-3 A Training,4,,,1i-3,,,Pass,,1i-3 A Training,1i-3 A Training,24,Training02,TrainingB,2yfdu9,2,response,,1203.899999994028,1200,1203.899999994028,1203.899999994028,1200,1203.899999994028,1,1203.899999994028,0,0,,Click Response,Option A,4,object-245,1i-3,_,22,1i-3_22,6,Training02,26_ERISED,ASK,.png,26_ERISED_ASK.png,ZETH,WAN,26_ERISED_ZETH_WAN.png,,ZETH WAN,18_LIVEGODRIC_ASK.png,18_LIVEGODRIC_DOTS.png,RUSP WIM,ZETH WAN,ZETH WAN,RUSP WIM,18_LIVEGODRIC_RUSP_WIM.png,RUSP WIM,,,,,
84,1712489005132,07/04/2024 11:23:25,1712492605132,1,07/04/2024 13:23:25,139619,19,task-eihb,,36808253,BLIND,10853383,,complete,,66127d52a6d69e8a71a74e55,computer,Desktop or Laptop,Windows 10,Edge 123.0.0.0,1920x1080,1872x958,,,0,1i-3 A Training,4,,,1i-3,,,Pass,,1i-3 A Training,1i-3 A Training,24,Training02,TrainingC,1ouhhw,3,continue,,794.7000000059488,783.3999999999651,794.7000000059488,794.7000000059488,783.3999999999651,794.7000000059488,1,794.7000000059488,0,0,,Click To Continue,Continue Button,6,object-272,1i-3,_,22,1i-3_22,6,Training02,26_ERISED,ASK,.png,26_ERISED_ASK.png,ZETH,WAN,26_ERISED_ZETH_WAN.png,,ZETH WAN,18_LIVEGODRIC_ASK.png,18_LIVEGODRIC_DOTS.png,RUSP WIM,ZETH WAN,ZETH WAN,RUSP WIM,18_LIVEGODRIC_RUSP_WIM.png,RUSP WIM,,,,,
85,1712489005134,07/04/2024 11:23:25,1712492605134,1,07/04/2024 13:23:25,139619,19,task-eihb,,36808253,BLIND,10853383,,complete,,66127d52a6d69e8a71a74e55,computer,Desktop or Laptop,Windows 10,Edge 123.0.0.0,1920x1080,1872x958,,,0,1i-3 A Training,4,,,1i-3,,,Pass,,1i-3 A Training,1i-3 A Training,,,,,,5,END,,,,,,,0,,,,,,,,,,,,,,,,,,,,,,,,,,,,,,,,,,,,
1,1714054960339,25/04/2024 14:22:40,1714058560339,1,25/04/2024 16:22:40,139619,19,task-eihb,,37263218,BLIND,10987731,,complete,,662a64673e4679be8f795d81,computer,Desktop or Laptop,Windows 10,Chrome 124.0.0.0,1920x1080,1920x919,,,0,1i-3 A Training,4,,,1i-3,,,Pass,,1i-3 A Training,1i-3 A Training,,,,,,5,BEGIN,,,,,,,0,,,,,,,,,,,,,,,,,,,,,,,,,,,,,,,,,,,,
2,1714054966658,25/04/2024 14:22:46,1714058566658,1,25/04/2024 16:22:46,139619,19,task-eihb,,37263218,BLIND,10987731,,complete,,662a64673e4679be8f795d81,computer,Desktop or Laptop,Windows 10,Chrome 124.0.0.0,1920x1080,1920x919,,,0,1i-3 A Training,4,,,1i-3,,,Pass,,1i-3 A Training,1i-3 A Training,1,Instructions,Attention Check 5,4xnmv6,1,continue,,6270.0999999523165,6266.7,6270.0999999523165,6270.0999999523165,6266.7,6270.0999999523165,1,6270.0999999523165,0,0,,Click To Continue,Continue Button,4,object-285,,,,,,Instructions,,,,,,,,,,,,,,,,,,,,,,
3,1714054966659,25/04/2024 14:22:46,1714058566659,1,25/04/2024 16:22:46,139619,19,task-eihb,,37263218,BLIND,10987731,,complete,,662a64673e4679be8f795d81,computer,Desktop or Laptop,Windows 10,Chrome 124.0.0.0,1920x1080,1920x919,,,0,1i-3 A Training,4,,,1i-3,,,Pass,,1i-3 A Training,1i-3 A Training,1,Instructions,Attention Check 5,4xnmv6,1,response,Accio!,5166.6,6266.7,6271.3,5166.6,6266.7,6271.3,1,5166.6,1104.6999999999998,0,,Dropdown,Dropdown5,3,object-284,,,,,,Instructions,,,,,,,,,,,,,,,,,,,,,,
4,1714054972778,25/04/2024 14:22:52,1714058572778,1,25/04/2024 16:22:52,139619,19,task-eihb,,37263218,BLIND,10987731,,complete,,662a64673e4679be8f795d81,computer,Desktop or Laptop,Windows 10,Chrome 124.0.0.0,1920x1080,1920x919,,,0,1i-3 A Training,4,,,1i-3,,,Pass,,1i-3 A Training,1i-3 A Training,1,Instructions,Attention Check 6,wf497f,2,continue,,6123.899999952317,6116.800000000001,6123.899999952317,6123.899999952317,6116.800000000001,6123.899999952317,1,6123.899999952317,0,0,,Click To Continue,Continue Button,4,object-292,,,,,,Instructions,,,,,,,,,,,,,,,,,,,,,,
5,1714054972782,25/04/2024 14:22:52,1714058572782,1,25/04/2024 16:22:52,139619,19,task-eihb,,37263218,BLIND,10987731,,complete,,662a64673e4679be8f795d81,computer,Desktop or Laptop,Windows 10,Chrome 124.0.0.0,1920x1080,1920x919,,,0,1i-3 A Training,4,,,1i-3,,,Pass,,1i-3 A Training,1i-3 A Training,1,Instructions,Attention Check 6,wf497f,2,response,The Invisibility Cloak,3833.3999999999996,6116.800000000001,6127.6,3833.3999999999996,6116.800000000001,6127.6,1,3833.3999999999996,2294.2000000000007,0,,Dropdown,Dropdown6,3,object-291,,,,,,Instructions,,,,,,,,,,,,,,,,,,,,,,
6,1714054975291,25/04/2024 14:22:55,1714058575291,1,25/04/2024 16:22:55,139619,19,task-eihb,,37263218,BLIND,10987731,,complete,,662a64673e4679be8f795d81,computer,Desktop or Laptop,Windows 10,Chrome 124.0.0.0,1920x1080,1920x919,,,0,1i-3 A Training,4,,,1i-3,,,Pass,,1i-3 A Training,1i-3 A Training,1,Instructions,Screen 22,3y4guk,3,continue,,2520.2999999999993,2516.3999999999996,2520.2999999999993,2520.2999999999993,2516.3999999999996,2520.2999999999993,1,2520.2999999999993,0,0,,Click To Continue,Continue Button,3,object-297,,,,,,Instructions,,,,,,,,,,,,,,,,,,,,,,
7,1714054998630,25/04/2024 14:23:18,1714058598630,1,25/04/2024 16:23:18,139619,19,task-eihb,,37263218,BLIND,10987731,,complete,,662a64673e4679be8f795d81,computer,Desktop or Laptop,Windows 10,Chrome 124.0.0.0,1920x1080,1920x919,,,0,1i-3 A Training,4,,,1i-3,,,Pass,,1i-3 A Training,1i-3 A Training,1,Instructions,Instructions 02,q3gk2e,4,continue,,23338.29999997616,23333.1,23338.29999997616,23338.29999997616,23333.1,23338.29999997616,1,23338.29999997616,0,0,,Click To Continue,Continue Button,2,object-75,,,,,,Instructions,,,,,,,,,,,,,,,,,,,,,,
8,1714055001226,25/04/2024 14:23:21,1714058601226,1,25/04/2024 16:23:21,139619,19,task-eihb,,37263218,BLIND,10987731,,complete,,662a64673e4679be8f795d81,computer,Desktop or Laptop,Windows 10,Chrome 124.0.0.0,1920x1080,1920x919,,,0,1i-3 A Training,4,,,1i-3,,,Pass,,1i-3 A Training,1i-3 A Training,1,Instructions,Instructions 03,gxa3vr,5,continue,,2600,2583.4000000000015,2600,2600,2583.4000000000015,2600,1,2600,0,0,,Click To Continue,Continue Button,1,object-165,,,,,,Instructions,,,,,,,,,,,,,,,,,,,,,,
9,1714055029173,25/04/2024 14:23:49,1714058629173,1,25/04/2024 16:23:49,139619,19,task-eihb,,37263218,BLIND,10987731,,complete,,662a64673e4679be8f795d81,computer,Desktop or Laptop,Windows 10,Chrome 124.0.0.0,1920x1080,1920x919,,,0,1i-3 A Training,4,,,1i-3,,,Pass,,1i-3 A Training,1i-3 A Training,1,Training02,TrainingA,34efq7,1,response,FICH WUNG,24149.700000000004,27949.9,27965.29999997616,24149.700000000004,27949.9,27965.29999997616,1,24149.700000000004,3815.5999999761552,0,,Single Text Entry,TextResponseA,4,object-97,1i-3,_,01,1i-3_01,1,Training02,04_WHEEZES,ASK,.png,04_WHEEZES_ASK.png,FICH,WUNG,04_WHEEZES_FICH_WUNG.png,,FICH WUNG,05_AUROR_ASK.png,05_AUROR_DOTS.png,FICH WUNG,ZETH WAN,FICH WUNG,ZETH WAN,05_AUROR_ZETH_WAN.png,,ZETH WAN,,,,
10,1714055042471,25/04/2024 14:24:02,1714058642471,1,25/04/2024 16:24:02,139619,19,task-eihb,,37263218,BLIND,10987731,,complete,,662a64673e4679be8f795d81,computer,Desktop or Laptop,Windows 10,Chrome 124.0.0.0,1920x1080,1920x919,,,0,1i-3 A Training,4,,,1i-3,,,Pass,,1i-3 A Training,1i-3 A Training,1,Training02,TrainingB,2yfdu9,2,response,,13313.299999952316,13300.199999999997,13313.299999952316,13313.299999952316,13300.199999999997,13313.299999952316,1,13313.299999952316,0,0,,Click Response,Option B,5,object-246,1i-3,_,01,1i-3_01,1,Training02,04_WHEEZES,ASK,.png,04_WHEEZES_ASK.png,FICH,WUNG,04_WHEEZES_FICH_WUNG.png,,FICH WUNG,05_AUROR_ASK.png,05_AUROR_DOTS.png,FICH WUNG,ZETH WAN,FICH WUNG,ZETH WAN,05_AUROR_ZETH_WAN.png,,ZETH WAN,,,,
11,1714055055633,25/04/2024 14:24:15,1714058655633,1,25/04/2024 16:24:15,139619,19,task-eihb,,37263218,BLIND,10987731,,complete,,662a64673e4679be8f795d81,computer,Desktop or Laptop,Windows 10,Chrome 124.0.0.0,1920x1080,1920x919,,,0,1i-3 A Training,4,,,1i-3,,,Pass,,1i-3 A Training,1i-3 A Training,1,Training02,TrainingC,1ouhhw,3,continue,,13171.800000000003,13165.900000000009,13171.800000000003,13171.800000000003,13165.900000000009,13171.800000000003,1,13171.800000000003,0,0,,Click To Continue,Continue Button,6,object-272,1i-3,_,01,1i-3_01,1,Training02,04_WHEEZES,ASK,.png,04_WHEEZES_ASK.png,FICH,WUNG,04_WHEEZES_FICH_WUNG.png,,FICH WUNG,05_AUROR_ASK.png,05_AUROR_DOTS.png,FICH WUNG,ZETH WAN,FICH WUNG,ZETH WAN,05_AUROR_ZETH_WAN.png,,ZETH WAN,,,,
12,1714055072723,25/04/2024 14:24:32,1714058672723,1,25/04/2024 16:24:32,139619,19,task-eihb,,37263218,BLIND,10987731,,complete,,662a64673e4679be8f795d81,computer,Desktop or Laptop,Windows 10,Chrome 124.0.0.0,1920x1080,1920x919,,,0,1i-3 A Training,4,,,1i-3,,,Pass,,1i-3 A Training,1i-3 A Training,2,Training02,TrainingA,34efq7,1,response,ZETH WAN,15133.199999999997,17083.199999999997,17094.999999904627,15133.199999999997,17083.199999999997,17094.999999904627,1,15133.199999999997,1961.7999999046297,0,,Single Text Entry,TextResponseA,4,object-97,1i-3,_,02,1i-3_02,1,Training02,40_BURYSNAPE,ASK,.png,40_BURYSNAPE_ASK.png,ZETH,WAN,40_BURYSNAPE_ZETH_WAN.png,,ZETH WAN,20_PULLSWORD_ASK.png,20_PULLSWORD_DOTS.png,WOUX WAN,ZETH WAN,ZETH WAN,WOUX WAN,20_PULLSWORD_WOUX_WAN.png,WOUX WAN,,,,,
13,1714055080563,25/04/2024 14:24:40,1714058680563,1,25/04/2024 16:24:40,139619,19,task-eihb,,37263218,BLIND,10987731,,complete,,662a64673e4679be8f795d81,computer,Desktop or Laptop,Windows 10,Chrome 124.0.0.0,1920x1080,1920x919,,,0,1i-3 A Training,4,,,1i-3,,,Pass,,1i-3 A Training,1i-3 A Training,2,Training02,TrainingB,2yfdu9,2,response,,7851.999999952313,7849.699999999997,7851.999999952313,7851.999999952313,7849.699999999997,7851.999999952313,1,7851.999999952313,0,0,,Click Response,Option A,4,object-245,1i-3,_,02,1i-3_02,1,Training02,40_BURYSNAPE,ASK,.png,40_BURYSNAPE_ASK.png,ZETH,WAN,40_BURYSNAPE_ZETH_WAN.png,,ZETH WAN,20_PULLSWORD_ASK.png,20_PULLSWORD_DOTS.png,WOUX WAN,ZETH WAN,ZETH WAN,WOUX WAN,20_PULLSWORD_WOUX_WAN.png,WOUX WAN,,,,,
14,1714055085216,25/04/2024 14:24:45,1714058685216,1,25/04/2024 16:24:45,139619,19,task-eihb,,37263218,BLIND,10987731,,complete,,662a64673e4679be8f795d81,computer,Desktop or Laptop,Windows 10,Chrome 124.0.0.0,1920x1080,1920x919,,,0,1i-3 A Training,4,,,1i-3,,,Pass,,1i-3 A Training,1i-3 A Training,2,Training02,TrainingC,1ouhhw,3,continue,,4655.199999928474,4649.899999999994,4655.199999928474,4655.199999928474,4649.899999999994,4655.199999928474,1,4655.199999928474,0,0,,Click To Continue,Continue Button,6,object-272,1i-3,_,02,1i-3_02,1,Training02,40_BURYSNAPE,ASK,.png,40_BURYSNAPE_ASK.png,ZETH,WAN,40_BURYSNAPE_ZETH_WAN.png,,ZETH WAN,20_PULLSWORD_ASK.png,20_PULLSWORD_DOTS.png,WOUX WAN,ZETH WAN,ZETH WAN,WOUX WAN,20_PULLSWORD_WOUX_WAN.png,WOUX WAN,,,,,
15,1714055098322,25/04/2024 14:24:58,1714058698322,1,25/04/2024 16:24:58,139619,19,task-eihb,,37263218,BLIND,10987731,,complete,,662a64673e4679be8f795d81,computer,Desktop or Laptop,Windows 10,Chrome 124.0.0.0,1920x1080,1920x919,,,0,1i-3 A Training,4,,,1i-3,,,Pass,,1i-3 A Training,1i-3 A Training,3,Training02,TrainingA,34efq7,1,response,WOUX WAN,10566.700000000012,13100.100000000006,13112.100000000006,10566.700000000012,13100.100000000006,13112.100000000006,1,10566.700000000012,2545.399999999994,0,,Single Text Entry,TextResponseA,4,object-97,1i-3,_,04,1i-3_04,1,Training02,35_PROPHET,ASK,.png,35_PROPHET_ASK.png,WOUX,WAN,35_PROPHET_WOUX_WAN.png,,WOUX WAN,40_BURYSNAPE_ASK.png,40_BURYSNAPE_DOTS.png,WOUX WAN,RUSP WIM,WOUX WAN,RUSP WIM,40_BURYSNAPE_RUSP_WIM.png,,RUSP WIM,,,,
16,1714055111127,25/04/2024 14:25:11,1714058711127,1,25/04/2024 16:25:11,139619,19,task-eihb,,37263218,BLIND,10987731,,complete,,662a64673e4679be8f795d81,computer,Desktop or Laptop,Windows 10,Chrome 124.0.0.0,1920x1080,1920x919,,,0,1i-3 A Training,4,,,1i-3,,,Pass,,1i-3 A Training,1i-3 A Training,3,Training02,TrainingB,2yfdu9,2,response,,12813.099999904633,12799.700000000012,12813.099999904633,12813.099999904633,12799.700000000012,12813.099999904633,1,12813.099999904633,0,0,,Click Response,Option B,5,object-246,1i-3,_,04,1i-3_04,1,Training02,35_PROPHET,ASK,.png,35_PROPHET_ASK.png,WOUX,WAN,35_PROPHET_WOUX_WAN.png,,WOUX WAN,40_BURYSNAPE_ASK.png,40_BURYSNAPE_DOTS.png,WOUX WAN,RUSP WIM,WOUX WAN,RUSP WIM,40_BURYSNAPE_RUSP_WIM.png,,RUSP WIM,,,,
17,1714055114961,25/04/2024 14:25:14,1714058714961,1,25/04/2024 16:25:14,139619,19,task-eihb,,37263218,BLIND,10987731,,complete,,662a64673e4679be8f795d81,computer,Desktop or Laptop,Windows 10,Chrome 124.0.0.0,1920x1080,1920x919,,,0,1i-3 A Training,4,,,1i-3,,,Pass,,1i-3 A Training,1i-3 A Training,3,Training02,TrainingC,1ouhhw,3,continue,,3847.6999999761465,3833.2999999999884,3847.6999999761465,3847.6999999761465,3833.2999999999884,3847.6999999761465,1,3847.6999999761465,0,0,,Click To Continue,Continue Button,6,object-272,1i-3,_,04,1i-3_04,1,Training02,35_PROPHET,ASK,.png,35_PROPHET_ASK.png,WOUX,WAN,35_PROPHET_WOUX_WAN.png,,WOUX WAN,40_BURYSNAPE_ASK.png,40_BURYSNAPE_DOTS.png,WOUX WAN,RUSP WIM,WOUX WAN,RUSP WIM,40_BURYSNAPE_RUSP_WIM.png,,RUSP WIM,,,,
18,1714055127702,25/04/2024 14:25:27,1714058727702,1,25/04/2024 16:25:27,139619,19,task-eihb,,37263218,BLIND,10987731,,complete,,662a64673e4679be8f795d81,computer,Desktop or Laptop,Windows 10,Chrome 124.0.0.0,1920x1080,1920x919,,,0,1i-3 A Training,4,,,1i-3,,,Pass,,1i-3 A Training,1i-3 A Training,4,Training02,TrainingA,34efq7,1,response,RUSP WIM,10100,12749.899999999994,12755.199999928474,10100,12749.899999999994,12755.199999928474,1,10100,2655.1999999284744,0,,Single Text Entry,TextResponseA,4,object-97,1i-3,_,03,1i-3_03,1,Training02,13_QUIBBLER,ASK,.png,13_QUIBBLER_ASK.png,RUSP,WIM,13_QUIBBLER_RUSP_WIM.png,,RUSP WIM,27_BESTSELLER_ASK.png,27_BESTSELLER_DOTS.png,FICH WUNG,RUSP WIM,RUSP WIM,FICH WUNG,27_BESTSELLER_FICH_WUNG.png,FICH WUNG,,,,,
19,1714055136539,25/04/2024 14:25:36,1714058736539,1,25/04/2024 16:25:36,139619,19,task-eihb,,37263218,BLIND,10987731,,complete,,662a64673e4679be8f795d81,computer,Desktop or Laptop,Windows 10,Chrome 124.0.0.0,1920x1080,1920x919,,,0,1i-3 A Training,4,,,1i-3,,,Pass,,1i-3 A Training,1i-3 A Training,4,Training02,TrainingB,2yfdu9,2,response,,8841.499999976164,8833.100000000006,8841.499999976164,8841.499999976164,8833.100000000006,8841.499999976164,1,8841.499999976164,0,0,,Click Response,Option A,4,object-245,1i-3,_,03,1i-3_03,1,Training02,13_QUIBBLER,ASK,.png,13_QUIBBLER_ASK.png,RUSP,WIM,13_QUIBBLER_RUSP_WIM.png,,RUSP WIM,27_BESTSELLER_ASK.png,27_BESTSELLER_DOTS.png,FICH WUNG,RUSP WIM,RUSP WIM,FICH WUNG,27_BESTSELLER_FICH_WUNG.png,FICH WUNG,,,,,
20,1714055137541,25/04/2024 14:25:37,1714058737541,1,25/04/2024 16:25:37,139619,19,task-eihb,,37263218,BLIND,10987731,,complete,,662a64673e4679be8f795d81,computer,Desktop or Laptop,Windows 10,Chrome 124.0.0.0,1920x1080,1920x919,,,0,1i-3 A Training,4,,,1i-3,,,Pass,,1i-3 A Training,1i-3 A Training,4,Training02,TrainingC,1ouhhw,3,continue,,1010.6999999284744,1000.1000000000058,1010.6999999284744,1010.6999999284744,1000.1000000000058,1010.6999999284744,1,1010.6999999284744,0,0,,Click To Continue,Continue Button,6,object-272,1i-3,_,03,1i-3_03,1,Training02,13_QUIBBLER,ASK,.png,13_QUIBBLER_ASK.png,RUSP,WIM,13_QUIBBLER_RUSP_WIM.png,,RUSP WIM,27_BESTSELLER_ASK.png,27_BESTSELLER_DOTS.png,FICH WUNG,RUSP WIM,RUSP WIM,FICH WUNG,27_BESTSELLER_FICH_WUNG.png,FICH WUNG,,,,,
21,1714055149736,25/04/2024 14:25:49,1714058749736,1,25/04/2024 16:25:49,139619,19,task-eihb,,37263218,BLIND,10987731,,complete,,662a64673e4679be8f795d81,computer,Desktop or Laptop,Windows 10,Chrome 124.0.0.0,1920x1080,1920x919,,,0,1i-3 A Training,4,,,1i-3,,,Pass,,1i-3 A Training,1i-3 A Training,5,Training02,TrainingA,34efq7,1,response,ZETH WAN,9733.100000000006,12199.899999999994,12205.599999928469,9733.100000000006,12199.899999999994,12205.599999928469,1,9733.100000000006,2472.499999928463,0,,Single Text Entry,TextResponseA,4,object-97,1i-3,_,06,1i-3_06,2,Training02,12_SKEETER,ASK,.png,12_SKEETER_ASK.png,ZETH,WAN,12_SKEETER_ZETH_WAN.png,,ZETH WAN,12_SKEETER_ASK.png,12_SKEETER_DOTS.png,FICH WUNG,ZETH WAN,ZETH WAN,FICH WUNG,12_SKEETER_FICH_WUNG.png,FICH WUNG,,,,,
22,1714055158486,25/04/2024 14:25:58,1714058758486,1,25/04/2024 16:25:58,139619,19,task-eihb,,37263218,BLIND,10987731,,complete,,662a64673e4679be8f795d81,computer,Desktop or Laptop,Windows 10,Chrome 124.0.0.0,1920x1080,1920x919,,,0,1i-3 A Training,4,,,1i-3,,,Pass,,1i-3 A Training,1i-3 A Training,5,Training02,TrainingB,2yfdu9,2,response,,8755.399999976158,8749.799999999988,8755.399999976158,8755.399999976158,8749.799999999988,8755.399999976158,1,8755.399999976158,0,0,,Click Response,Option B,5,object-246,1i-3,_,06,1i-3_06,2,Training02,12_SKEETER,ASK,.png,12_SKEETER_ASK.png,ZETH,WAN,12_SKEETER_ZETH_WAN.png,,ZETH WAN,12_SKEETER_ASK.png,12_SKEETER_DOTS.png,FICH WUNG,ZETH WAN,ZETH WAN,FICH WUNG,12_SKEETER_FICH_WUNG.png,FICH WUNG,,,,,
23,1714055162704,25/04/2024 14:26:02,1714058762704,1,25/04/2024 16:26:02,139619,19,task-eihb,,37263218,BLIND,10987731,,complete,,662a64673e4679be8f795d81,computer,Desktop or Laptop,Windows 10,Chrome 124.0.0.0,1920x1080,1920x919,,,0,1i-3 A Training,4,,,1i-3,,,Pass,,1i-3 A Training,1i-3 A Training,5,Training02,TrainingC,1ouhhw,3,continue,,4224.200000000012,4216.8000000000175,4224.200000000012,4224.200000000012,4216.8000000000175,4224.200000000012,1,4224.200000000012,0,0,,Click To Continue,Continue Button,6,object-272,1i-3,_,06,1i-3_06,2,Training02,12_SKEETER,ASK,.png,12_SKEETER_ASK.png,ZETH,WAN,12_SKEETER_ZETH_WAN.png,,ZETH WAN,12_SKEETER_ASK.png,12_SKEETER_DOTS.png,FICH WUNG,ZETH WAN,ZETH WAN,FICH WUNG,12_SKEETER_FICH_WUNG.png,FICH WUNG,,,,,
24,1714055180345,25/04/2024 14:26:20,1714058780345,1,25/04/2024 16:26:20,139619,19,task-eihb,,37263218,BLIND,10987731,,complete,,662a64673e4679be8f795d81,computer,Desktop or Laptop,Windows 10,Chrome 124.0.0.0,1920x1080,1920x919,,,0,1i-3 A Training,4,,,1i-3,,,Pass,,1i-3 A Training,1i-3 A Training,6,Training02,TrainingA,34efq7,1,response,WOUX WAN,15083,17633.100000000006,17645.399999999994,15083,17633.100000000006,17645.399999999994,1,15083,2562.399999999994,0,,Single Text Entry,TextResponseA,4,object-97,1i-3,_,08,1i-3_08,2,Training02,28_GALLEONS,ASK,.png,28_GALLEONS_ASK.png,WOUX,WAN,28_GALLEONS_WOUX_WAN.png,,WOUX WAN,39_STOPHAGRID_ASK.png,39_STOPHAGRID_DOTS.png,ZETH WAN,WOUX WAN,WOUX WAN,ZETH WAN,39_STOPHAGRID_ZETH_WAN.png,ZETH WAN,,,,,
25,1714055190204,25/04/2024 14:26:30,1714058790204,1,25/04/2024 16:26:30,139619,19,task-eihb,,37263218,BLIND,10987731,,complete,,662a64673e4679be8f795d81,computer,Desktop or Laptop,Windows 10,Chrome 124.0.0.0,1920x1080,1920x919,,,0,1i-3 A Training,4,,,1i-3,,,Pass,,1i-3 A Training,1i-3 A Training,6,Training02,TrainingB,2yfdu9,2,response,,9866.399999999965,9849.699999999983,9866.399999999965,9866.399999999965,9849.699999999983,9866.399999999965,1,9866.399999999965,0,0,,Click Response,Option A,4,object-245,1i-3,_,08,1i-3_08,2,Training02,28_GALLEONS,ASK,.png,28_GALLEONS_ASK.png,WOUX,WAN,28_GALLEONS_WOUX_WAN.png,,WOUX WAN,39_STOPHAGRID_ASK.png,39_STOPHAGRID_DOTS.png,ZETH WAN,WOUX WAN,WOUX WAN,ZETH WAN,39_STOPHAGRID_ZETH_WAN.png,ZETH WAN,,,,,
26,1714055193852,25/04/2024 14:26:33,1714058793852,1,25/04/2024 16:26:33,139619,19,task-eihb,,37263218,BLIND,10987731,,complete,,662a64673e4679be8f795d81,computer,Desktop or Laptop,Windows 10,Chrome 124.0.0.0,1920x1080,1920x919,,,0,1i-3 A Training,4,,,1i-3,,,Pass,,1i-3 A Training,1i-3 A Training,6,Training02,TrainingC,1ouhhw,3,continue,,3669.600000000006,3666.600000000006,3669.600000000006,3669.600000000006,3666.600000000006,3669.600000000006,1,3669.600000000006,0,0,,Click To Continue,Continue Button,6,object-272,1i-3,_,08,1i-3_08,2,Training02,28_GALLEONS,ASK,.png,28_GALLEONS_ASK.png,WOUX,WAN,28_GALLEONS_WOUX_WAN.png,,WOUX WAN,39_STOPHAGRID_ASK.png,39_STOPHAGRID_DOTS.png,ZETH WAN,WOUX WAN,WOUX WAN,ZETH WAN,39_STOPHAGRID_ZETH_WAN.png,ZETH WAN,,,,,
27,1714055207001,25/04/2024 14:26:47,1714058807001,1,25/04/2024 16:26:47,139619,19,task-eihb,,37263218,BLIND,10987731,,complete,,662a64673e4679be8f795d81,computer,Desktop or Laptop,Windows 10,Chrome 124.0.0.0,1920x1080,1920x919,,,0,1i-3 A Training,4,,,1i-3,,,Pass,,1i-3 A Training,1i-3 A Training,7,Training02,TrainingA,34efq7,1,response,FICH WUNG,10016.799999999988,13150.100000000006,13151.899999976158,10016.799999999988,13150.100000000006,13151.899999976158,1,10016.799999999988,3135.09999997617,0,,Single Text Entry,TextResponseA,4,object-97,1i-3,_,05,1i-3_05,2,Training02,18_LIVEGODRIC,ASK,.png,18_LIVEGODRIC_ASK.png,FICH,WUNG,18_LIVEGODRIC_FICH_WUNG.png,,FICH WUNG,07_AZKABAN_ASK.png,07_AZKABAN_DOTS.png,FICH WUNG,RUSP WIM,FICH WUNG,RUSP WIM,07_AZKABAN_RUSP_WIM.png,,RUSP WIM,,,,
28,1714055213598,25/04/2024 14:26:53,1714058813598,1,25/04/2024 16:26:53,139619,19,task-eihb,,37263218,BLIND,10987731,,complete,,662a64673e4679be8f795d81,computer,Desktop or Laptop,Windows 10,Chrome 124.0.0.0,1920x1080,1920x919,,,0,1i-3 A Training,4,,,1i-3,,,Pass,,1i-3 A Training,1i-3 A Training,7,Training02,TrainingB,2yfdu9,2,response,,6598.6999999523105,6583.299999999988,6598.6999999523105,6598.6999999523105,6583.299999999988,6598.6999999523105,1,6598.6999999523105,0,0,,Click Response,Option B,5,object-246,1i-3,_,05,1i-3_05,2,Training02,18_LIVEGODRIC,ASK,.png,18_LIVEGODRIC_ASK.png,FICH,WUNG,18_LIVEGODRIC_FICH_WUNG.png,,FICH WUNG,07_AZKABAN_ASK.png,07_AZKABAN_DOTS.png,FICH WUNG,RUSP WIM,FICH WUNG,RUSP WIM,07_AZKABAN_RUSP_WIM.png,,RUSP WIM,,,,
29,1714055216428,25/04/2024 14:26:56,1714058816428,1,25/04/2024 16:26:56,139619,19,task-eihb,,37263218,BLIND,10987731,,complete,,662a64673e4679be8f795d81,computer,Desktop or Laptop,Windows 10,Chrome 124.0.0.0,1920x1080,1920x919,,,0,1i-3 A Training,4,,,1i-3,,,Pass,,1i-3 A Training,1i-3 A Training,7,Training02,TrainingC,1ouhhw,3,continue,,2845.7999999284802,2833.100000000006,2845.7999999284802,2845.7999999284802,2833.100000000006,2845.7999999284802,1,2845.7999999284802,0,0,,Click To Continue,Continue Button,6,object-272,1i-3,_,05,1i-3_05,2,Training02,18_LIVEGODRIC,ASK,.png,18_LIVEGODRIC_ASK.png,FICH,WUNG,18_LIVEGODRIC_FICH_WUNG.png,,FICH WUNG,07_AZKABAN_ASK.png,07_AZKABAN_DOTS.png,FICH WUNG,RUSP WIM,FICH WUNG,RUSP WIM,07_AZKABAN_RUSP_WIM.png,,RUSP WIM,,,,
30,1714055228759,25/04/2024 14:27:08,1714058828759,1,25/04/2024 16:27:08,139619,19,task-eihb,,37263218,BLIND,10987731,,complete,,662a64673e4679be8f795d81,computer,Desktop or Laptop,Windows 10,Chrome 124.0.0.0,1920x1080,1920x919,,,0,1i-3 A Training,4,,,1i-3,,,Pass,,1i-3 A Training,1i-3 A Training,8,Training02,TrainingA,34efq7,1,response,RUSP WIM,10183.5,12333.299999999988,12343.5,10183.5,12333.299999999988,12343.5,1,10183.5,2160,0,,Single Text Entry,TextResponseA,4,object-97,1i-3,_,07,1i-3_07,2,Training02,34_FANLETTERS,ASK,.png,34_FANLETTERS_ASK.png,RUSP,WIM,34_FANLETTERS_RUSP_WIM.png,,RUSP WIM,34_FANLETTERS_ASK.png,34_FANLETTERS_DOTS.png,RUSP WIM,WOUX WAN,RUSP WIM,WOUX WAN,34_FANLETTERS_WOUX_WAN.png,,WOUX WAN,,,,
31,1714055234139,25/04/2024 14:27:14,1714058834139,1,25/04/2024 16:27:14,139619,19,task-eihb,,37263218,BLIND,10987731,,complete,,662a64673e4679be8f795d81,computer,Desktop or Laptop,Windows 10,Chrome 124.0.0.0,1920x1080,1920x919,,,0,1i-3 A Training,4,,,1i-3,,,Pass,,1i-3 A Training,1i-3 A Training,8,Training02,TrainingB,2yfdu9,2,response,,5387.700000000012,5383.299999999988,5387.700000000012,5387.700000000012,5383.299999999988,5387.700000000012,1,5387.700000000012,0,0,,Click Response,Option A,4,object-245,1i-3,_,07,1i-3_07,2,Training02,34_FANLETTERS,ASK,.png,34_FANLETTERS_ASK.png,RUSP,WIM,34_FANLETTERS_RUSP_WIM.png,,RUSP WIM,34_FANLETTERS_ASK.png,34_FANLETTERS_DOTS.png,RUSP WIM,WOUX WAN,RUSP WIM,WOUX WAN,34_FANLETTERS_WOUX_WAN.png,,WOUX WAN,,,,
32,1714055244938,25/04/2024 14:27:24,1714058844938,1,25/04/2024 16:27:24,139619,19,task-eihb,,37263218,BLIND,10987731,,complete,,662a64673e4679be8f795d81,computer,Desktop or Laptop,Windows 10,Chrome 124.0.0.0,1920x1080,1920x919,,,0,1i-3 A Training,4,,,1i-3,,,Pass,,1i-3 A Training,1i-3 A Training,8,Training02,TrainingC,1ouhhw,3,continue,,10803.599999928498,10799.800000000047,10803.599999928498,10803.599999928498,10799.800000000047,10803.599999928498,1,10803.599999928498,0,0,,Click To Continue,Continue Button,6,object-272,1i-3,_,07,1i-3_07,2,Training02,34_FANLETTERS,ASK,.png,34_FANLETTERS_ASK.png,RUSP,WIM,34_FANLETTERS_RUSP_WIM.png,,RUSP WIM,34_FANLETTERS_ASK.png,34_FANLETTERS_DOTS.png,RUSP WIM,WOUX WAN,RUSP WIM,WOUX WAN,34_FANLETTERS_WOUX_WAN.png,,WOUX WAN,,,,
33,1714055258294,25/04/2024 14:27:38,1714058858294,1,25/04/2024 16:27:38,139619,19,task-eihb,,37263218,BLIND,10987731,,complete,,662a64673e4679be8f795d81,computer,Desktop or Laptop,Windows 10,Chrome 124.0.0.0,1920x1080,1920x919,,,0,1i-3 A Training,4,,,1i-3,,,Pass,,1i-3 A Training,1i-3 A Training,9,Training02,TrainingA,34efq7,1,response,ZETH WAN,4500,13349.899999999965,13359.999999976135,4500,13349.899999999965,13359.999999976135,1,4500,8859.999999976135,0,,Single Text Entry,TextResponseA,4,object-97,1i-3,_,10,1i-3_10,3,Training02,19_BURYVOLDY,ASK,.png,19_BURYVOLDY_ASK.png,ZETH,WAN,19_BURYVOLDY_ZETH_WAN.png,,ZETH WAN,21_TEACHHOG_ASK.png,21_TEACHHOG_DOTS.png,ZETH WAN,RUSP WIM,ZETH WAN,RUSP WIM,21_TEACHHOG_RUSP_WIM.png,,RUSP WIM,,,,
34,1714055265884,25/04/2024 14:27:45,1714058865884,1,25/04/2024 16:27:45,139619,19,task-eihb,,37263218,BLIND,10987731,,complete,,662a64673e4679be8f795d81,computer,Desktop or Laptop,Windows 10,Chrome 124.0.0.0,1920x1080,1920x919,,,0,1i-3 A Training,4,,,1i-3,,,Pass,,1i-3 A Training,1i-3 A Training,9,Training02,TrainingB,2yfdu9,2,response,,7599.200000000012,7583.200000000012,7599.200000000012,7599.200000000012,7583.200000000012,7599.200000000012,1,7599.200000000012,0,0,,Click Response,Option B,5,object-246,1i-3,_,10,1i-3_10,3,Training02,19_BURYVOLDY,ASK,.png,19_BURYVOLDY_ASK.png,ZETH,WAN,19_BURYVOLDY_ZETH_WAN.png,,ZETH WAN,21_TEACHHOG_ASK.png,21_TEACHHOG_DOTS.png,ZETH WAN,RUSP WIM,ZETH WAN,RUSP WIM,21_TEACHHOG_RUSP_WIM.png,,RUSP WIM,,,,
35,1714055276719,25/04/2024 14:27:56,1714058876719,1,25/04/2024 16:27:56,139619,19,task-eihb,,37263218,BLIND,10987731,,complete,,662a64673e4679be8f795d81,computer,Desktop or Laptop,Windows 10,Chrome 124.0.0.0,1920x1080,1920x919,,,0,1i-3 A Training,4,,,1i-3,,,Pass,,1i-3 A Training,1i-3 A Training,9,Training02,TrainingC,1ouhhw,3,continue,,10850,10833.299999999988,10850,10850,10833.299999999988,10850,1,10850,0,0,,Click To Continue,Continue Button,6,object-272,1i-3,_,10,1i-3_10,3,Training02,19_BURYVOLDY,ASK,.png,19_BURYVOLDY_ASK.png,ZETH,WAN,19_BURYVOLDY_ZETH_WAN.png,,ZETH WAN,21_TEACHHOG_ASK.png,21_TEACHHOG_DOTS.png,ZETH WAN,RUSP WIM,ZETH WAN,RUSP WIM,21_TEACHHOG_RUSP_WIM.png,,RUSP WIM,,,,
36,1714055288368,25/04/2024 14:28:08,1714058888368,1,25/04/2024 16:28:08,139619,19,task-eihb,,37263218,BLIND,10987731,,complete,,662a64673e4679be8f795d81,computer,Desktop or Laptop,Windows 10,Chrome 124.0.0.0,1920x1080,1920x919,,,0,1i-3 A Training,4,,,1i-3,,,Pass,,1i-3 A Training,1i-3 A Training,10,Training02,TrainingA,34efq7,1,response,WOUX WAN,8283.5,11649.700000000012,11666.299999999988,8283.5,11649.700000000012,11666.299999999988,1,8283.5,3382.7999999999884,0,,Single Text Entry,TextResponseA,4,object-97,1i-3,_,12,1i-3_12,3,Training02,14_MUNGOS,ASK,.png,14_MUNGOS_ASK.png,WOUX,WAN,14_MUNGOS_WOUX_WAN.png,,WOUX WAN,33_ROR_ASK.png,33_ROR_DOTS.png,FICH WUNG,WOUX WAN,WOUX WAN,FICH WUNG,33_ROR_FICH_WUNG.png,FICH WUNG,,,,,
37,1714055296392,25/04/2024 14:28:16,1714058896392,1,25/04/2024 16:28:16,139619,19,task-eihb,,37263218,BLIND,10987731,,complete,,662a64673e4679be8f795d81,computer,Desktop or Laptop,Windows 10,Chrome 124.0.0.0,1920x1080,1920x919,,,0,1i-3 A Training,4,,,1i-3,,,Pass,,1i-3 A Training,1i-3 A Training,10,Training02,TrainingB,2yfdu9,2,response,,8033.399999999965,8016.799999999988,8033.399999999965,8033.399999999965,8016.799999999988,8033.399999999965,1,8033.399999999965,0,0,,Click Response,Option A,4,object-245,1i-3,_,12,1i-3_12,3,Training02,14_MUNGOS,ASK,.png,14_MUNGOS_ASK.png,WOUX,WAN,14_MUNGOS_WOUX_WAN.png,,WOUX WAN,33_ROR_ASK.png,33_ROR_DOTS.png,FICH WUNG,WOUX WAN,WOUX WAN,FICH WUNG,33_ROR_FICH_WUNG.png,FICH WUNG,,,,,
38,1714055299978,25/04/2024 14:28:19,1714058899978,1,25/04/2024 16:28:19,139619,19,task-eihb,,37263218,BLIND,10987731,,complete,,662a64673e4679be8f795d81,computer,Desktop or Laptop,Windows 10,Chrome 124.0.0.0,1920x1080,1920x919,,,0,1i-3 A Training,4,,,1i-3,,,Pass,,1i-3 A Training,1i-3 A Training,10,Training02,TrainingC,1ouhhw,3,continue,,3607.999999952328,3599.7000000000116,3607.999999952328,3607.999999952328,3599.7000000000116,3607.999999952328,1,3607.999999952328,0,0,,Click To Continue,Continue Button,6,object-272,1i-3,_,12,1i-3_12,3,Training02,14_MUNGOS,ASK,.png,14_MUNGOS_ASK.png,WOUX,WAN,14_MUNGOS_WOUX_WAN.png,,WOUX WAN,33_ROR_ASK.png,33_ROR_DOTS.png,FICH WUNG,WOUX WAN,WOUX WAN,FICH WUNG,33_ROR_FICH_WUNG.png,FICH WUNG,,,,,
39,1714055317496,25/04/2024 14:28:37,1714058917496,1,25/04/2024 16:28:37,139619,19,task-eihb,,37263218,BLIND,10987731,,complete,,662a64673e4679be8f795d81,computer,Desktop or Laptop,Windows 10,Chrome 124.0.0.0,1920x1080,1920x919,,,0,1i-3 A Training,4,,,1i-3,,,Pass,,1i-3 A Training,1i-3 A Training,11,Training02,TrainingA,34efq7,1,response,RUSP WIM,15250.099999999977,17516.70000000001,17526.299999952316,15250.099999999977,17516.70000000001,17526.299999952316,1,15250.099999999977,2276.1999999523396,0,,Single Text Entry,TextResponseA,4,object-97,1i-3,_,11,1i-3_11,3,Training02,27_BESTSELLER,ASK,.png,27_BESTSELLER_ASK.png,RUSP,WIM,27_BESTSELLER_RUSP_WIM.png,,RUSP WIM,25_PROSECUTE_ASK.png,25_PROSECUTE_DOTS.png,ZETH WAN,RUSP WIM,RUSP WIM,ZETH WAN,25_PROSECUTE_ZETH_WAN.png,ZETH WAN,,,,,
40,1714055333065,25/04/2024 14:28:53,1714058933065,1,25/04/2024 16:28:53,139619,19,task-eihb,,37263218,BLIND,10987731,,complete,,662a64673e4679be8f795d81,computer,Desktop or Laptop,Windows 10,Chrome 124.0.0.0,1920x1080,1920x919,,,0,1i-3 A Training,4,,,1i-3,,,Pass,,1i-3 A Training,1i-3 A Training,11,Training02,TrainingB,2yfdu9,2,response,,15578.599999952305,15566.299999999988,15578.599999952305,15578.599999952305,15566.299999999988,15578.599999952305,1,15578.599999952305,0,0,,Click Response,Option A,4,object-245,1i-3,_,11,1i-3_11,3,Training02,27_BESTSELLER,ASK,.png,27_BESTSELLER_ASK.png,RUSP,WIM,27_BESTSELLER_RUSP_WIM.png,,RUSP WIM,25_PROSECUTE_ASK.png,25_PROSECUTE_DOTS.png,ZETH WAN,RUSP WIM,RUSP WIM,ZETH WAN,25_PROSECUTE_ZETH_WAN.png,ZETH WAN,,,,,
41,1714055336402,25/04/2024 14:28:56,1714058936402,1,25/04/2024 16:28:56,139619,19,task-eihb,,37263218,BLIND,10987731,,complete,,662a64673e4679be8f795d81,computer,Desktop or Laptop,Windows 10,Chrome 124.0.0.0,1920x1080,1920x919,,,0,1i-3 A Training,4,,,1i-3,,,Pass,,1i-3 A Training,1i-3 A Training,11,Training02,TrainingC,1ouhhw,3,continue,,3348.7999999523163,3333.2000000000116,3348.7999999523163,3348.7999999523163,3333.2000000000116,3348.7999999523163,1,3348.7999999523163,0,0,,Click To Continue,Continue Button,6,object-272,1i-3,_,11,1i-3_11,3,Training02,27_BESTSELLER,ASK,.png,27_BESTSELLER_ASK.png,RUSP,WIM,27_BESTSELLER_RUSP_WIM.png,,RUSP WIM,25_PROSECUTE_ASK.png,25_PROSECUTE_DOTS.png,ZETH WAN,RUSP WIM,RUSP WIM,ZETH WAN,25_PROSECUTE_ZETH_WAN.png,ZETH WAN,,,,,
42,1714055352471,25/04/2024 14:29:12,1714058952471,1,25/04/2024 16:29:12,139619,19,task-eihb,,37263218,BLIND,10987731,,complete,,662a64673e4679be8f795d81,computer,Desktop or Laptop,Windows 10,Chrome 124.0.0.0,1920x1080,1920x919,,,0,1i-3 A Training,4,,,1i-3,,,Pass,,1i-3 A Training,1i-3 A Training,12,Training02,TrainingA,34efq7,1,response,FICH WUNG,12033.5,16067,16082.399999904621,12033.5,16067,16082.399999904621,1,12033.5,4048.899999904621,0,,Single Text Entry,TextResponseA,4,object-97,1i-3,_,09,1i-3_09,3,Training02,32_QWC,ASK,.png,32_QWC_ASK.png,FICH,WUNG,32_QWC_FICH_WUNG.png,,FICH WUNG,13_QUIBBLER_ASK.png,13_QUIBBLER_DOTS.png,FICH WUNG,WOUX WAN,FICH WUNG,WOUX WAN,13_QUIBBLER_WOUX_WAN.png,,WOUX WAN,,,,
43,1714055370106,25/04/2024 14:29:30,1714058970106,1,25/04/2024 16:29:30,139619,19,task-eihb,,37263218,BLIND,10987731,,complete,,662a64673e4679be8f795d81,computer,Desktop or Laptop,Windows 10,Chrome 124.0.0.0,1920x1080,1920x919,,,0,1i-3 A Training,4,,,1i-3,,,Pass,,1i-3 A Training,1i-3 A Training,12,Training02,TrainingB,2yfdu9,2,response,,17649.900000000023,17633,17649.900000000023,17649.900000000023,17633,17649.900000000023,1,17649.900000000023,0,0,,Click Response,Option B,5,object-246,1i-3,_,09,1i-3_09,3,Training02,32_QWC,ASK,.png,32_QWC_ASK.png,FICH,WUNG,32_QWC_FICH_WUNG.png,,FICH WUNG,13_QUIBBLER_ASK.png,13_QUIBBLER_DOTS.png,FICH WUNG,WOUX WAN,FICH WUNG,WOUX WAN,13_QUIBBLER_WOUX_WAN.png,,WOUX WAN,,,,
44,1714055377301,25/04/2024 14:29:37,1714058977301,1,25/04/2024 16:29:37,139619,19,task-eihb,,37263218,BLIND,10987731,,complete,,662a64673e4679be8f795d81,computer,Desktop or Laptop,Windows 10,Chrome 124.0.0.0,1920x1080,1920x919,,,0,1i-3 A Training,4,,,1i-3,,,Pass,,1i-3 A Training,1i-3 A Training,12,Training02,TrainingC,1ouhhw,3,continue,,7212.499999928463,7199.700000000012,7212.499999928463,7212.499999928463,7199.700000000012,7212.499999928463,1,7212.499999928463,0,0,,Click To Continue,Continue Button,6,object-272,1i-3,_,09,1i-3_09,3,Training02,32_QWC,ASK,.png,32_QWC_ASK.png,FICH,WUNG,32_QWC_FICH_WUNG.png,,FICH WUNG,13_QUIBBLER_ASK.png,13_QUIBBLER_DOTS.png,FICH WUNG,WOUX WAN,FICH WUNG,WOUX WAN,13_QUIBBLER_WOUX_WAN.png,,WOUX WAN,,,,
45,1714055400160,25/04/2024 14:30:00,1714059000160,1,25/04/2024 16:30:00,139619,19,task-eihb,,37263218,BLIND,10987731,,complete,,662a64673e4679be8f795d81,computer,Desktop or Laptop,Windows 10,Chrome 124.0.0.0,1920x1080,1920x919,,,0,1i-3 A Training,4,,,1i-3,,,Pass,,1i-3 A Training,1i-3 A Training,13,Training02,TrainingA,34efq7,1,response,FICH WUNG,16816.599999999977,22866.399999999965,22871.599999999977,16816.599999999977,22866.399999999965,22871.599999999977,1,16816.599999999977,6055,0,,Single Text Entry,TextResponseA,4,object-97,1i-3,_,13,1i-3_13,4,Training02,11_RONWAND,ASK,.png,11_RONWAND_ASK.png,FICH,WUNG,11_RONWAND_FICH_WUNG.png,,FICH WUNG,06_MOM_ASK.png,06_MOM_DOTS.png,ZETH WAN,FICH WUNG,FICH WUNG,ZETH WAN,06_MOM_ZETH_WAN.png,ZETH WAN,,,,,
46,1714055413581,25/04/2024 14:30:13,1714059013581,1,25/04/2024 16:30:13,139619,19,task-eihb,,37263218,BLIND,10987731,,complete,,662a64673e4679be8f795d81,computer,Desktop or Laptop,Windows 10,Chrome 124.0.0.0,1920x1080,1920x919,,,0,1i-3 A Training,4,,,1i-3,,,Pass,,1i-3 A Training,1i-3 A Training,13,Training02,TrainingB,2yfdu9,2,response,,13423.799999904644,13416.5,13423.799999904644,13423.799999904644,13416.5,13423.799999904644,1,13423.799999904644,0,0,,Click Response,Option A,4,object-245,1i-3,_,13,1i-3_13,4,Training02,11_RONWAND,ASK,.png,11_RONWAND_ASK.png,FICH,WUNG,11_RONWAND_FICH_WUNG.png,,FICH WUNG,06_MOM_ASK.png,06_MOM_DOTS.png,ZETH WAN,FICH WUNG,FICH WUNG,ZETH WAN,06_MOM_ZETH_WAN.png,ZETH WAN,,,,,
47,1714055416816,25/04/2024 14:30:16,1714059016816,1,25/04/2024 16:30:16,139619,19,task-eihb,,37263218,BLIND,10987731,,complete,,662a64673e4679be8f795d81,computer,Desktop or Laptop,Windows 10,Chrome 124.0.0.0,1920x1080,1920x919,,,0,1i-3 A Training,4,,,1i-3,,,Pass,,1i-3 A Training,1i-3 A Training,13,Training02,TrainingC,1ouhhw,3,continue,,3242.299999904644,3233.2999999999884,3242.299999904644,3242.299999904644,3233.2999999999884,3242.299999904644,1,3242.299999904644,0,0,,Click To Continue,Continue Button,6,object-272,1i-3,_,13,1i-3_13,4,Training02,11_RONWAND,ASK,.png,11_RONWAND_ASK.png,FICH,WUNG,11_RONWAND_FICH_WUNG.png,,FICH WUNG,06_MOM_ASK.png,06_MOM_DOTS.png,ZETH WAN,FICH WUNG,FICH WUNG,ZETH WAN,06_MOM_ZETH_WAN.png,ZETH WAN,,,,,
48,1714055436266,25/04/2024 14:30:36,1714059036266,1,25/04/2024 16:30:36,139619,19,task-eihb,,37263218,BLIND,10987731,,complete,,662a64673e4679be8f795d81,computer,Desktop or Laptop,Windows 10,Chrome 124.0.0.0,1920x1080,1920x919,,,0,1i-3 A Training,4,,,1i-3,,,Pass,,1i-3 A Training,1i-3 A Training,14,Training02,TrainingA,34efq7,1,response,RUSP WIM,16900.100000000035,19449.900000000023,19458.29999997618,16900.100000000035,19449.900000000023,19458.29999997618,1,16900.100000000035,2558.1999999761465,0,,Single Text Entry,TextResponseA,4,object-97,1i-3,_,15,1i-3_15,4,Training02,06_MOM,ASK,.png,06_MOM_ASK.png,RUSP,WIM,06_MOM_RUSP_WIM.png,,RUSP WIM,26_ERISED_ASK.png,26_ERISED_DOTS.png,RUSP WIM,FICH WUNG,RUSP WIM,FICH WUNG,26_ERISED_FICH_WUNG.png,,FICH WUNG,,,,
49,1714055447159,25/04/2024 14:30:47,1714059047159,1,25/04/2024 16:30:47,139619,19,task-eihb,,37263218,BLIND,10987731,,complete,,662a64673e4679be8f795d81,computer,Desktop or Laptop,Windows 10,Chrome 124.0.0.0,1920x1080,1920x919,,,0,1i-3 A Training,4,,,1i-3,,,Pass,,1i-3 A Training,1i-3 A Training,14,Training02,TrainingB,2yfdu9,2,response,,10900.099999999977,10883.299999999988,10900.099999999977,10900.099999999977,10883.299999999988,10900.099999999977,1,10900.099999999977,0,0,,Click Response,Option B,5,object-246,1i-3,_,15,1i-3_15,4,Training02,06_MOM,ASK,.png,06_MOM_ASK.png,RUSP,WIM,06_MOM_RUSP_WIM.png,,RUSP WIM,26_ERISED_ASK.png,26_ERISED_DOTS.png,RUSP WIM,FICH WUNG,RUSP WIM,FICH WUNG,26_ERISED_FICH_WUNG.png,,FICH WUNG,,,,
50,1714055448171,25/04/2024 14:30:48,1714059048171,1,25/04/2024 16:30:48,139619,19,task-eihb,,37263218,BLIND,10987731,,complete,,662a64673e4679be8f795d81,computer,Desktop or Laptop,Windows 10,Chrome 124.0.0.0,1920x1080,1920x919,,,0,1i-3 A Training,4,,,1i-3,,,Pass,,1i-3 A Training,1i-3 A Training,14,Training02,TrainingC,1ouhhw,3,continue,,1030.5999999761698,1016.7000000000116,1030.5999999761698,1030.5999999761698,1016.7000000000116,1030.5999999761698,1,1030.5999999761698,0,0,,Click To Continue,Continue Button,6,object-272,1i-3,_,15,1i-3_15,4,Training02,06_MOM,ASK,.png,06_MOM_ASK.png,RUSP,WIM,06_MOM_RUSP_WIM.png,,RUSP WIM,26_ERISED_ASK.png,26_ERISED_DOTS.png,RUSP WIM,FICH WUNG,RUSP WIM,FICH WUNG,26_ERISED_FICH_WUNG.png,,FICH WUNG,,,,
51,1714055455422,25/04/2024 14:30:55,1714059055422,1,25/04/2024 16:30:55,139619,19,task-eihb,,37263218,BLIND,10987731,,complete,,662a64673e4679be8f795d81,computer,Desktop or Laptop,Windows 10,Chrome 124.0.0.0,1920x1080,1920x919,,,0,1i-3 A Training,4,,,1i-3,,,Pass,,1i-3 A Training,1i-3 A Training,15,Training02,TrainingA,34efq7,1,response,ZETH WAN,4533.400000000023,7249.900000000023,7264.5,4533.400000000023,7249.900000000023,7264.5,1,4533.400000000023,2731.0999999999767,0,,Single Text Entry,TextResponseA,4,object-97,1i-3,_,14,1i-3_14,4,Training02,33_ROR,ASK,.png,33_ROR_ASK.png,ZETH,WAN,33_ROR_ZETH_WAN.png,,ZETH WAN,19_BURYVOLDY_ASK.png,19_BURYVOLDY_DOTS.png,ZETH WAN,WOUX WAN,ZETH WAN,WOUX WAN,19_BURYVOLDY_WOUX_WAN.png,,WOUX WAN,,,,
52,1714055460404,25/04/2024 14:31:00,1714059060404,1,25/04/2024 16:31:00,139619,19,task-eihb,,37263218,BLIND,10987731,,complete,,662a64673e4679be8f795d81,computer,Desktop or Laptop,Windows 10,Chrome 124.0.0.0,1920x1080,1920x919,,,0,1i-3 A Training,4,,,1i-3,,,Pass,,1i-3 A Training,1i-3 A Training,15,Training02,TrainingB,2yfdu9,2,response,,4997.299999928451,4983.099999999977,4997.299999928451,4997.299999928451,4983.099999999977,4997.299999928451,1,4997.299999928451,0,0,,Click Response,Option B,5,object-246,1i-3,_,14,1i-3_14,4,Training02,33_ROR,ASK,.png,33_ROR_ASK.png,ZETH,WAN,33_ROR_ZETH_WAN.png,,ZETH WAN,19_BURYVOLDY_ASK.png,19_BURYVOLDY_DOTS.png,ZETH WAN,WOUX WAN,ZETH WAN,WOUX WAN,19_BURYVOLDY_WOUX_WAN.png,,WOUX WAN,,,,
53,1714055461344,25/04/2024 14:31:01,1714059061344,1,25/04/2024 16:31:01,139619,19,task-eihb,,37263218,BLIND,10987731,,complete,,662a64673e4679be8f795d81,computer,Desktop or Laptop,Windows 10,Chrome 124.0.0.0,1920x1080,1920x919,,,0,1i-3 A Training,4,,,1i-3,,,Pass,,1i-3 A Training,1i-3 A Training,15,Training02,TrainingC,1ouhhw,3,continue,,953.8999999761581,949.9000000000233,953.8999999761581,953.8999999761581,949.9000000000233,953.8999999761581,1,953.8999999761581,0,0,,Click To Continue,Continue Button,6,object-272,1i-3,_,14,1i-3_14,4,Training02,33_ROR,ASK,.png,33_ROR_ASK.png,ZETH,WAN,33_ROR_ZETH_WAN.png,,ZETH WAN,19_BURYVOLDY_ASK.png,19_BURYVOLDY_DOTS.png,ZETH WAN,WOUX WAN,ZETH WAN,WOUX WAN,19_BURYVOLDY_WOUX_WAN.png,,WOUX WAN,,,,
54,1714055467191,25/04/2024 14:31:07,1714059067191,1,25/04/2024 16:31:07,139619,19,task-eihb,,37263218,BLIND,10987731,,complete,,662a64673e4679be8f795d81,computer,Desktop or Laptop,Windows 10,Chrome 124.0.0.0,1920x1080,1920x919,,,0,1i-3 A Training,4,,,1i-3,,,Pass,,1i-3 A Training,1i-3 A Training,16,Training02,TrainingA,34efq7,1,response,WOUX WAN,2900.1999999999534,5833.299999999988,5849.799999999988,2900.1999999999534,5833.299999999988,5849.799999999988,1,2900.1999999999534,2949.600000000035,0,,Single Text Entry,TextResponseA,4,object-97,1i-3,_,16,1i-3_16,4,Training02,42_ENGLAND,ASK,.png,42_ENGLAND_ASK.png,WOUX,WAN,42_ENGLAND_WOUX_WAN.png,,WOUX WAN,41_PIXIE_ASK.png,41_PIXIE_DOTS.png,RUSP WIM,WOUX WAN,WOUX WAN,RUSP WIM,41_PIXIE_RUSP_WIM.png,RUSP WIM,,,,,
55,1714055470976,25/04/2024 14:31:10,1714059070976,1,25/04/2024 16:31:10,139619,19,task-eihb,,37263218,BLIND,10987731,,complete,,662a64673e4679be8f795d81,computer,Desktop or Laptop,Windows 10,Chrome 124.0.0.0,1920x1080,1920x919,,,0,1i-3 A Training,4,,,1i-3,,,Pass,,1i-3 A Training,1i-3 A Training,16,Training02,TrainingB,2yfdu9,2,response,,3800,3783.2999999999884,3800,3800,3783.2999999999884,3800,1,3800,0,0,,Click Response,Option A,4,object-245,1i-3,_,16,1i-3_16,4,Training02,42_ENGLAND,ASK,.png,42_ENGLAND_ASK.png,WOUX,WAN,42_ENGLAND_WOUX_WAN.png,,WOUX WAN,41_PIXIE_ASK.png,41_PIXIE_DOTS.png,RUSP WIM,WOUX WAN,WOUX WAN,RUSP WIM,41_PIXIE_RUSP_WIM.png,RUSP WIM,,,,,
56,1714055472004,25/04/2024 14:31:12,1714059072004,1,25/04/2024 16:31:12,139619,19,task-eihb,,37263218,BLIND,10987731,,complete,,662a64673e4679be8f795d81,computer,Desktop or Laptop,Windows 10,Chrome 124.0.0.0,1920x1080,1920x919,,,0,1i-3 A Training,4,,,1i-3,,,Pass,,1i-3 A Training,1i-3 A Training,16,Training02,TrainingC,1ouhhw,3,continue,,1045.7999999523163,1033.4000000000233,1045.7999999523163,1045.7999999523163,1033.4000000000233,1045.7999999523163,1,1045.7999999523163,0,0,,Click To Continue,Continue Button,6,object-272,1i-3,_,16,1i-3_16,4,Training02,42_ENGLAND,ASK,.png,42_ENGLAND_ASK.png,WOUX,WAN,42_ENGLAND_WOUX_WAN.png,,WOUX WAN,41_PIXIE_ASK.png,41_PIXIE_DOTS.png,RUSP WIM,WOUX WAN,WOUX WAN,RUSP WIM,41_PIXIE_RUSP_WIM.png,RUSP WIM,,,,,
57,1714055481449,25/04/2024 14:31:21,1714059081449,1,25/04/2024 16:31:21,139619,19,task-eihb,,37263218,BLIND,10987731,,complete,,662a64673e4679be8f795d81,computer,Desktop or Laptop,Windows 10,Chrome 124.0.0.0,1920x1080,1920x919,,,0,1i-3 A Training,4,,,1i-3,,,Pass,,1i-3 A Training,1i-3 A Training,17,Training02,TrainingA,34efq7,1,response,RUSP WIM,5833.5,9449.899999999965,9457.399999952293,5833.5,9449.899999999965,9457.399999952293,1,5833.5,3623.899999952293,0,,Single Text Entry,TextResponseA,4,object-97,1i-3,_,19,1i-3_19,5,Training02,41_PIXIE,ASK,.png,41_PIXIE_ASK.png,RUSP,WIM,41_PIXIE_RUSP_WIM.png,,RUSP WIM,35_PROPHET_ASK.png,35_PROPHET_DOTS.png,WOUX WAN,RUSP WIM,RUSP WIM,WOUX WAN,35_PROPHET_WOUX_WAN.png,WOUX WAN,,,,,
58,1714055484419,25/04/2024 14:31:24,1714059084419,1,25/04/2024 16:31:24,139619,19,task-eihb,,37263218,BLIND,10987731,,complete,,662a64673e4679be8f795d81,computer,Desktop or Laptop,Windows 10,Chrome 124.0.0.0,1920x1080,1920x919,,,0,1i-3 A Training,4,,,1i-3,,,Pass,,1i-3 A Training,1i-3 A Training,17,Training02,TrainingB,2yfdu9,2,response,,2977.2000000000116,2966.600000000035,2977.2000000000116,2977.2000000000116,2966.600000000035,2977.2000000000116,1,2977.2000000000116,0,0,,Click Response,Option A,4,object-245,1i-3,_,19,1i-3_19,5,Training02,41_PIXIE,ASK,.png,41_PIXIE_ASK.png,RUSP,WIM,41_PIXIE_RUSP_WIM.png,,RUSP WIM,35_PROPHET_ASK.png,35_PROPHET_DOTS.png,WOUX WAN,RUSP WIM,RUSP WIM,WOUX WAN,35_PROPHET_WOUX_WAN.png,WOUX WAN,,,,,
59,1714055488558,25/04/2024 14:31:28,1714059088558,1,25/04/2024 16:31:28,139619,19,task-eihb,,37263218,BLIND,10987731,,complete,,662a64673e4679be8f795d81,computer,Desktop or Laptop,Windows 10,Chrome 124.0.0.0,1920x1080,1920x919,,,0,1i-3 A Training,4,,,1i-3,,,Pass,,1i-3 A Training,1i-3 A Training,17,Training02,TrainingC,1ouhhw,3,continue,,4149.799999928451,4133.400000000023,4149.799999928451,4149.799999928451,4133.400000000023,4149.799999928451,1,4149.799999928451,0,0,,Click To Continue,Continue Button,6,object-272,1i-3,_,19,1i-3_19,5,Training02,41_PIXIE,ASK,.png,41_PIXIE_ASK.png,RUSP,WIM,41_PIXIE_RUSP_WIM.png,,RUSP WIM,35_PROPHET_ASK.png,35_PROPHET_DOTS.png,WOUX WAN,RUSP WIM,RUSP WIM,WOUX WAN,35_PROPHET_WOUX_WAN.png,WOUX WAN,,,,,
60,1714055501137,25/04/2024 14:31:41,1714059101137,1,25/04/2024 16:31:41,139619,19,task-eihb,,37263218,BLIND,10987731,,complete,,662a64673e4679be8f795d81,computer,Desktop or Laptop,Windows 10,Chrome 124.0.0.0,1920x1080,1920x919,,,0,1i-3 A Training,4,,,1i-3,,,Pass,,1i-3 A Training,1i-3 A Training,18,Training02,TrainingA,34efq7,1,response,FICH WUNG,9916.599999999977,12583.29999999993,12595.49999995227,9916.599999999977,12583.29999999993,12595.49999995227,1,9916.599999999977,2678.899999952293,0,,Single Text Entry,TextResponseA,4,object-97,1i-3,_,17,1i-3_17,5,Training02,25_PROSECUTE,ASK,.png,25_PROSECUTE_ASK.png,FICH,WUNG,25_PROSECUTE_FICH_WUNG.png,,FICH WUNG,04_WHEEZES_ASK.png,04_WHEEZES_DOTS.png,RUSP WIM,FICH WUNG,FICH WUNG,RUSP WIM,04_WHEEZES_RUSP_WIM.png,RUSP WIM,,,,,
61,1714055505010,25/04/2024 14:31:45,1714059105010,1,25/04/2024 16:31:45,139619,19,task-eihb,,37263218,BLIND,10987731,,complete,,662a64673e4679be8f795d81,computer,Desktop or Laptop,Windows 10,Chrome 124.0.0.0,1920x1080,1920x919,,,0,1i-3 A Training,4,,,1i-3,,,Pass,,1i-3 A Training,1i-3 A Training,18,Training02,TrainingB,2yfdu9,2,response,,3885.0999999284977,3883,3885.0999999284977,3885.0999999284977,3883,3885.0999999284977,1,3885.0999999284977,0,0,,Click Response,Option A,4,object-245,1i-3,_,17,1i-3_17,5,Training02,25_PROSECUTE,ASK,.png,25_PROSECUTE_ASK.png,FICH,WUNG,25_PROSECUTE_FICH_WUNG.png,,FICH WUNG,04_WHEEZES_ASK.png,04_WHEEZES_DOTS.png,RUSP WIM,FICH WUNG,FICH WUNG,RUSP WIM,04_WHEEZES_RUSP_WIM.png,RUSP WIM,,,,,
62,1714055505918,25/04/2024 14:31:45,1714059105918,1,25/04/2024 16:31:45,139619,19,task-eihb,,37263218,BLIND,10987731,,complete,,662a64673e4679be8f795d81,computer,Desktop or Laptop,Windows 10,Chrome 124.0.0.0,1920x1080,1920x919,,,0,1i-3 A Training,4,,,1i-3,,,Pass,,1i-3 A Training,1i-3 A Training,18,Training02,TrainingC,1ouhhw,3,continue,,910.1999999523396,900,910.1999999523396,910.1999999523396,900,910.1999999523396,1,910.1999999523396,0,0,,Click To Continue,Continue Button,6,object-272,1i-3,_,17,1i-3_17,5,Training02,25_PROSECUTE,ASK,.png,25_PROSECUTE_ASK.png,FICH,WUNG,25_PROSECUTE_FICH_WUNG.png,,FICH WUNG,04_WHEEZES_ASK.png,04_WHEEZES_DOTS.png,RUSP WIM,FICH WUNG,FICH WUNG,RUSP WIM,04_WHEEZES_RUSP_WIM.png,RUSP WIM,,,,,
63,1714055514945,25/04/2024 14:31:54,1714059114945,1,25/04/2024 16:31:54,139619,19,task-eihb,,37263218,BLIND,10987731,,complete,,662a64673e4679be8f795d81,computer,Desktop or Laptop,Windows 10,Chrome 124.0.0.0,1920x1080,1920x919,,,0,1i-3 A Training,4,,,1i-3,,,Pass,,1i-3 A Training,1i-3 A Training,19,Training02,TrainingA,34efq7,1,response,WOUX WAN,6900.099999999977,9033.400000000023,9036.999999904656,6900.099999999977,9033.400000000023,9036.999999904656,1,6900.099999999977,2136.899999904679,0,,Single Text Entry,TextResponseA,4,object-97,1i-3,_,20,1i-3_20,5,Training02,21_TEACHHOG,ASK,.png,21_TEACHHOG_ASK.png,WOUX,WAN,21_TEACHHOG_WOUX_WAN.png,,WOUX WAN,42_ENGLAND_ASK.png,42_ENGLAND_DOTS.png,WOUX WAN,ZETH WAN,WOUX WAN,ZETH WAN,42_ENGLAND_ZETH_WAN.png,,ZETH WAN,,,,
64,1714055522392,25/04/2024 14:32:02,1714059122392,1,25/04/2024 16:32:02,139619,19,task-eihb,,37263218,BLIND,10987731,,complete,,662a64673e4679be8f795d81,computer,Desktop or Laptop,Windows 10,Chrome 124.0.0.0,1920x1080,1920x919,,,0,1i-3 A Training,4,,,1i-3,,,Pass,,1i-3 A Training,1i-3 A Training,19,Training02,TrainingB,2yfdu9,2,response,,7450.000000000116,7433.300000000047,7450.000000000116,7450.000000000116,7433.300000000047,7450.000000000116,1,7450.000000000116,0,0,,Click Response,Option B,5,object-246,1i-3,_,20,1i-3_20,5,Training02,21_TEACHHOG,ASK,.png,21_TEACHHOG_ASK.png,WOUX,WAN,21_TEACHHOG_WOUX_WAN.png,,WOUX WAN,42_ENGLAND_ASK.png,42_ENGLAND_DOTS.png,WOUX WAN,ZETH WAN,WOUX WAN,ZETH WAN,42_ENGLAND_ZETH_WAN.png,,ZETH WAN,,,,
65,1714055523992,25/04/2024 14:32:03,1714059123992,1,25/04/2024 16:32:03,139619,19,task-eihb,,37263218,BLIND,10987731,,complete,,662a64673e4679be8f795d81,computer,Desktop or Laptop,Windows 10,Chrome 124.0.0.0,1920x1080,1920x919,,,0,1i-3 A Training,4,,,1i-3,,,Pass,,1i-3 A Training,1i-3 A Training,19,Training02,TrainingC,1ouhhw,3,continue,,1617.6999999999534,1616.5,1617.6999999999534,1617.6999999999534,1616.5,1617.6999999999534,1,1617.6999999999534,0,0,,Click To Continue,Continue Button,6,object-272,1i-3,_,20,1i-3_20,5,Training02,21_TEACHHOG,ASK,.png,21_TEACHHOG_ASK.png,WOUX,WAN,21_TEACHHOG_WOUX_WAN.png,,WOUX WAN,42_ENGLAND_ASK.png,42_ENGLAND_DOTS.png,WOUX WAN,ZETH WAN,WOUX WAN,ZETH WAN,42_ENGLAND_ZETH_WAN.png,,ZETH WAN,,,,
66,1714055529402,25/04/2024 14:32:09,1714059129402,1,25/04/2024 16:32:09,139619,19,task-eihb,,37263218,BLIND,10987731,,complete,,662a64673e4679be8f795d81,computer,Desktop or Laptop,Windows 10,Chrome 124.0.0.0,1920x1080,1920x919,,,0,1i-3 A Training,4,,,1i-3,,,Pass,,1i-3 A Training,1i-3 A Training,20,Training02,TrainingA,34efq7,1,response,ZETH WAN,2516.5999999999767,5399.899999999907,5410.199999999953,2516.5999999999767,5399.899999999907,5410.199999999953,1,2516.5999999999767,2893.5999999999767,0,,Single Text Entry,TextResponseA,4,object-97,1i-3,_,18,1i-3_18,5,Training02,05_AUROR,ASK,.png,05_AUROR_ASK.png,ZETH,WAN,05_AUROR_ZETH_WAN.png,,ZETH WAN,11_RONWAND_ASK.png,11_RONWAND_DOTS.png,ZETH WAN,FICH WUNG,ZETH WAN,FICH WUNG,11_RONWAND_FICH_WUNG.png,,FICH WUNG,,,,
67,1714055540939,25/04/2024 14:32:20,1714059140939,1,25/04/2024 16:32:20,139619,19,task-eihb,,37263218,BLIND,10987731,,complete,,662a64673e4679be8f795d81,computer,Desktop or Laptop,Windows 10,Chrome 124.0.0.0,1920x1080,1920x919,,,0,1i-3 A Training,4,,,1i-3,,,Pass,,1i-3 A Training,1i-3 A Training,20,Training02,TrainingB,2yfdu9,2,response,,11545.39999990468,11533.300000000047,11545.39999990468,11545.39999990468,11533.300000000047,11545.39999990468,1,11545.39999990468,0,0,,Click Response,Option B,5,object-246,1i-3,_,18,1i-3_18,5,Training02,05_AUROR,ASK,.png,05_AUROR_ASK.png,ZETH,WAN,05_AUROR_ZETH_WAN.png,,ZETH WAN,11_RONWAND_ASK.png,11_RONWAND_DOTS.png,ZETH WAN,FICH WUNG,ZETH WAN,FICH WUNG,11_RONWAND_FICH_WUNG.png,,FICH WUNG,,,,
68,1714055542560,25/04/2024 14:32:22,1714059142560,1,25/04/2024 16:32:22,139619,19,task-eihb,,37263218,BLIND,10987731,,complete,,662a64673e4679be8f795d81,computer,Desktop or Laptop,Windows 10,Chrome 124.0.0.0,1920x1080,1920x919,,,0,1i-3 A Training,4,,,1i-3,,,Pass,,1i-3 A Training,1i-3 A Training,20,Training02,TrainingC,1ouhhw,3,continue,,1633.0999999046326,1616.5999999999767,1633.0999999046326,1633.0999999046326,1616.5999999999767,1633.0999999046326,1,1633.0999999046326,0,0,,Click To Continue,Continue Button,6,object-272,1i-3,_,18,1i-3_18,5,Training02,05_AUROR,ASK,.png,05_AUROR_ASK.png,ZETH,WAN,05_AUROR_ZETH_WAN.png,,ZETH WAN,11_RONWAND_ASK.png,11_RONWAND_DOTS.png,ZETH WAN,FICH WUNG,ZETH WAN,FICH WUNG,11_RONWAND_FICH_WUNG.png,,FICH WUNG,,,,
69,1714055548202,25/04/2024 14:32:28,1714059148202,1,25/04/2024 16:32:28,139619,19,task-eihb,,37263218,BLIND,10987731,,complete,,662a64673e4679be8f795d81,computer,Desktop or Laptop,Windows 10,Chrome 124.0.0.0,1920x1080,1920x919,,,0,1i-3 A Training,4,,,1i-3,,,Pass,,1i-3 A Training,1i-3 A Training,21,Training02,TrainingA,34efq7,1,response,ZETH WAN,3466.8000000000466,5650,5658.299999976181,3466.8000000000466,5650,5658.299999976181,1,3466.8000000000466,2191.499999976135,0,,Single Text Entry,TextResponseA,4,object-97,1i-3,_,22,1i-3_22,6,Training02,26_ERISED,ASK,.png,26_ERISED_ASK.png,ZETH,WAN,26_ERISED_ZETH_WAN.png,,ZETH WAN,18_LIVEGODRIC_ASK.png,18_LIVEGODRIC_DOTS.png,RUSP WIM,ZETH WAN,ZETH WAN,RUSP WIM,18_LIVEGODRIC_RUSP_WIM.png,RUSP WIM,,,,,
70,1714055550635,25/04/2024 14:32:30,1714059150635,1,25/04/2024 16:32:30,139619,19,task-eihb,,37263218,BLIND,10987731,,complete,,662a64673e4679be8f795d81,computer,Desktop or Laptop,Windows 10,Chrome 124.0.0.0,1920x1080,1920x919,,,0,1i-3 A Training,4,,,1i-3,,,Pass,,1i-3 A Training,1i-3 A Training,21,Training02,TrainingB,2yfdu9,2,response,,2441.7999999761814,2433.20000000007,2441.7999999761814,2441.7999999761814,2433.20000000007,2441.7999999761814,1,2441.7999999761814,0,0,,Click Response,Option A,4,object-245,1i-3,_,22,1i-3_22,6,Training02,26_ERISED,ASK,.png,26_ERISED_ASK.png,ZETH,WAN,26_ERISED_ZETH_WAN.png,,ZETH WAN,18_LIVEGODRIC_ASK.png,18_LIVEGODRIC_DOTS.png,RUSP WIM,ZETH WAN,ZETH WAN,RUSP WIM,18_LIVEGODRIC_RUSP_WIM.png,RUSP WIM,,,,,
71,1714055551382,25/04/2024 14:32:31,1714059151382,1,25/04/2024 16:32:31,139619,19,task-eihb,,37263218,BLIND,10987731,,complete,,662a64673e4679be8f795d81,computer,Desktop or Laptop,Windows 10,Chrome 124.0.0.0,1920x1080,1920x919,,,0,1i-3 A Training,4,,,1i-3,,,Pass,,1i-3 A Training,1i-3 A Training,21,Training02,TrainingC,1ouhhw,3,continue,,755.5999999761116,750.0999999999767,755.5999999761116,755.5999999761116,750.0999999999767,755.5999999761116,1,755.5999999761116,0,0,,Click To Continue,Continue Button,6,object-272,1i-3,_,22,1i-3_22,6,Training02,26_ERISED,ASK,.png,26_ERISED_ASK.png,ZETH,WAN,26_ERISED_ZETH_WAN.png,,ZETH WAN,18_LIVEGODRIC_ASK.png,18_LIVEGODRIC_DOTS.png,RUSP WIM,ZETH WAN,ZETH WAN,RUSP WIM,18_LIVEGODRIC_RUSP_WIM.png,RUSP WIM,,,,,
72,1714055556629,25/04/2024 14:32:36,1714059156629,1,25/04/2024 16:32:36,139619,19,task-eihb,,37263218,BLIND,10987731,,complete,,662a64673e4679be8f795d81,computer,Desktop or Laptop,Windows 10,Chrome 124.0.0.0,1920x1080,1920x919,,,0,1i-3 A Training,4,,,1i-3,,,Pass,,1i-3 A Training,1i-3 A Training,22,Training02,TrainingA,34efq7,1,response,WOUX WAN,2483.1999999999534,5250,5252.699999904609,2483.1999999999534,5250,5252.699999904609,1,2483.1999999999534,2769.499999904656,0,,Single Text Entry,TextResponseA,4,object-97,1i-3,_,24,1i-3_24,6,Training02,07_AZKABAN,ASK,.png,07_AZKABAN_ASK.png,WOUX,WAN,07_AZKABAN_WOUX_WAN.png,,WOUX WAN,32_QWC_ASK.png,32_QWC_DOTS.png,WOUX WAN,FICH WUNG,WOUX WAN,FICH WUNG,32_QWC_FICH_WUNG.png,,FICH WUNG,,,,
73,1714055560206,25/04/2024 14:32:40,1714059160206,1,25/04/2024 16:32:40,139619,19,task-eihb,,37263218,BLIND,10987731,,complete,,662a64673e4679be8f795d81,computer,Desktop or Laptop,Windows 10,Chrome 124.0.0.0,1920x1080,1920x919,,,0,1i-3 A Training,4,,,1i-3,,,Pass,,1i-3 A Training,1i-3 A Training,22,Training02,TrainingB,2yfdu9,2,response,,3579.799999928451,3566.5,3579.799999928451,3579.799999928451,3566.5,3579.799999928451,1,3579.799999928451,0,0,,Click Response,Option B,5,object-246,1i-3,_,24,1i-3_24,6,Training02,07_AZKABAN,ASK,.png,07_AZKABAN_ASK.png,WOUX,WAN,07_AZKABAN_WOUX_WAN.png,,WOUX WAN,32_QWC_ASK.png,32_QWC_DOTS.png,WOUX WAN,FICH WUNG,WOUX WAN,FICH WUNG,32_QWC_FICH_WUNG.png,,FICH WUNG,,,,
74,1714055561319,25/04/2024 14:32:41,1714059161319,1,25/04/2024 16:32:41,139619,19,task-eihb,,37263218,BLIND,10987731,,complete,,662a64673e4679be8f795d81,computer,Desktop or Laptop,Windows 10,Chrome 124.0.0.0,1920x1080,1920x919,,,0,1i-3 A Training,4,,,1i-3,,,Pass,,1i-3 A Training,1i-3 A Training,22,Training02,TrainingC,1ouhhw,3,continue,,1125.899999952293,1116.7999999999302,1125.899999952293,1125.899999952293,1116.7999999999302,1125.899999952293,1,1125.899999952293,0,0,,Click To Continue,Continue Button,6,object-272,1i-3,_,24,1i-3_24,6,Training02,07_AZKABAN,ASK,.png,07_AZKABAN_ASK.png,WOUX,WAN,07_AZKABAN_WOUX_WAN.png,,WOUX WAN,32_QWC_ASK.png,32_QWC_DOTS.png,WOUX WAN,FICH WUNG,WOUX WAN,FICH WUNG,32_QWC_FICH_WUNG.png,,FICH WUNG,,,,
75,1714055567145,25/04/2024 14:32:47,1714059167145,1,25/04/2024 16:32:47,139619,19,task-eihb,,37263218,BLIND,10987731,,complete,,662a64673e4679be8f795d81,computer,Desktop or Laptop,Windows 10,Chrome 124.0.0.0,1920x1080,1920x919,,,0,1i-3 A Training,4,,,1i-3,,,Pass,,1i-3 A Training,1i-3 A Training,23,Training02,TrainingA,34efq7,1,response,RUSP WIM,3699.9000000000233,5833.20000000007,5835.099999952363,3699.9000000000233,5833.20000000007,5835.099999952363,1,3699.9000000000233,2135.1999999523396,0,,Single Text Entry,TextResponseA,4,object-97,1i-3,_,23,1i-3_23,6,Training02,20_PULLSWORD,ASK,.png,20_PULLSWORD_ASK.png,RUSP,WIM,20_PULLSWORD_RUSP_WIM.png,,RUSP WIM,28_GALLEONS_ASK.png,28_GALLEONS_DOTS.png,RUSP WIM,ZETH WAN,RUSP WIM,ZETH WAN,28_GALLEONS_ZETH_WAN.png,,ZETH WAN,,,,
76,1714055569887,25/04/2024 14:32:49,1714059169887,1,25/04/2024 16:32:49,139619,19,task-eihb,,37263218,BLIND,10987731,,complete,,662a64673e4679be8f795d81,computer,Desktop or Laptop,Windows 10,Chrome 124.0.0.0,1920x1080,1920x919,,,0,1i-3 A Training,4,,,1i-3,,,Pass,,1i-3 A Training,1i-3 A Training,23,Training02,TrainingB,2yfdu9,2,response,,2743.999999976135,2733.1999999999534,2743.999999976135,2743.999999976135,2733.1999999999534,2743.999999976135,1,2743.999999976135,0,0,,Click Response,Option B,5,object-246,1i-3,_,23,1i-3_23,6,Training02,20_PULLSWORD,ASK,.png,20_PULLSWORD_ASK.png,RUSP,WIM,20_PULLSWORD_RUSP_WIM.png,,RUSP WIM,28_GALLEONS_ASK.png,28_GALLEONS_DOTS.png,RUSP WIM,ZETH WAN,RUSP WIM,ZETH WAN,28_GALLEONS_ZETH_WAN.png,,ZETH WAN,,,,
77,1714055570757,25/04/2024 14:32:50,1714059170757,1,25/04/2024 16:32:50,139619,19,task-eihb,,37263218,BLIND,10987731,,complete,,662a64673e4679be8f795d81,computer,Desktop or Laptop,Windows 10,Chrome 124.0.0.0,1920x1080,1920x919,,,0,1i-3 A Training,4,,,1i-3,,,Pass,,1i-3 A Training,1i-3 A Training,23,Training02,TrainingC,1ouhhw,3,continue,,880.7999999761814,866.7000000000698,880.7999999761814,880.7999999761814,866.7000000000698,880.7999999761814,1,880.7999999761814,0,0,,Click To Continue,Continue Button,6,object-272,1i-3,_,23,1i-3_23,6,Training02,20_PULLSWORD,ASK,.png,20_PULLSWORD_ASK.png,RUSP,WIM,20_PULLSWORD_RUSP_WIM.png,,RUSP WIM,28_GALLEONS_ASK.png,28_GALLEONS_DOTS.png,RUSP WIM,ZETH WAN,RUSP WIM,ZETH WAN,28_GALLEONS_ZETH_WAN.png,,ZETH WAN,,,,
78,1714055575448,25/04/2024 14:32:55,1714059175448,1,25/04/2024 16:32:55,139619,19,task-eihb,,37263218,BLIND,10987731,,complete,,662a64673e4679be8f795d81,computer,Desktop or Laptop,Windows 10,Chrome 124.0.0.0,1920x1080,1920x919,,,0,1i-3 A Training,4,,,1i-3,,,Pass,,1i-3 A Training,1i-3 A Training,24,Training02,TrainingA,34efq7,1,response,FICH WUNG,2666.6999999999534,4700.099999999977,4704.599999976112,2666.6999999999534,4700.099999999977,4704.599999976112,1,2666.6999999999534,2037.8999999761581,0,,Single Text Entry,TextResponseA,4,object-97,1i-3,_,21,1i-3_21,6,Training02,39_STOPHAGRID,ASK,.png,39_STOPHAGRID_ASK.png,FICH,WUNG,39_STOPHAGRID_FICH_WUNG.png,,FICH WUNG,14_MUNGOS_ASK.png,14_MUNGOS_DOTS.png,WOUX WAN,FICH WUNG,FICH WUNG,WOUX WAN,14_MUNGOS_WOUX_WAN.png,WOUX WAN,,,,,
79,1714055578312,25/04/2024 14:32:58,1714059178312,1,25/04/2024 16:32:58,139619,19,task-eihb,,37263218,BLIND,10987731,,complete,,662a64673e4679be8f795d81,computer,Desktop or Laptop,Windows 10,Chrome 124.0.0.0,1920x1080,1920x919,,,0,1i-3 A Training,4,,,1i-3,,,Pass,,1i-3 A Training,1i-3 A Training,24,Training02,TrainingB,2yfdu9,2,response,,2868.899999952293,2866.4000000000233,2868.899999952293,2868.899999952293,2866.4000000000233,2868.899999952293,1,2868.899999952293,0,0,,Click Response,Option A,4,object-245,1i-3,_,21,1i-3_21,6,Training02,39_STOPHAGRID,ASK,.png,39_STOPHAGRID_ASK.png,FICH,WUNG,39_STOPHAGRID_FICH_WUNG.png,,FICH WUNG,14_MUNGOS_ASK.png,14_MUNGOS_DOTS.png,WOUX WAN,FICH WUNG,FICH WUNG,WOUX WAN,14_MUNGOS_WOUX_WAN.png,WOUX WAN,,,,,
80,1714055579161,25/04/2024 14:32:59,1714059179161,1,25/04/2024 16:32:59,139619,19,task-eihb,,37263218,BLIND,10987731,,complete,,662a64673e4679be8f795d81,computer,Desktop or Laptop,Windows 10,Chrome 124.0.0.0,1920x1080,1920x919,,,0,1i-3 A Training,4,,,1i-3,,,Pass,,1i-3 A Training,1i-3 A Training,24,Training02,TrainingC,1ouhhw,3,continue,,851.0999999761116,850,851.0999999761116,851.0999999761116,850,851.0999999761116,1,851.0999999761116,0,0,,Click To Continue,Continue Button,6,object-272,1i-3,_,21,1i-3_21,6,Training02,39_STOPHAGRID,ASK,.png,39_STOPHAGRID_ASK.png,FICH,WUNG,39_STOPHAGRID_FICH_WUNG.png,,FICH WUNG,14_MUNGOS_ASK.png,14_MUNGOS_DOTS.png,WOUX WAN,FICH WUNG,FICH WUNG,WOUX WAN,14_MUNGOS_WOUX_WAN.png,WOUX WAN,,,,,
81,1714055579165,25/04/2024 14:32:59,1714059179165,1,25/04/2024 16:32:59,139619,19,task-eihb,,37263218,BLIND,10987731,,complete,,662a64673e4679be8f795d81,computer,Desktop or Laptop,Windows 10,Chrome 124.0.0.0,1920x1080,1920x919,,,0,1i-3 A Training,4,,,1i-3,,,Pass,,1i-3 A Training,1i-3 A Training,,,,,,5,END,,,,,,,0,,,,,,,,,,,,,,,,,,,,,,,,,,,,,,,,,,,,
1,1714055041722,25/04/2024 14:24:01,1714058641722,1,25/04/2024 16:24:01,139619,19,task-eihb,,37263268,BLIND,10987777,,complete,,662a651b3677c480d53e2182,computer,Desktop or Laptop,Mac OS 10.15,Firefox 125.0,1440x900,1371x732,,,0,1i-3 A Training,4,,,1i-3,,,Pass,,1i-3 A Training,1i-3 A Training,,,,,,5,BEGIN,,,,,,,0,,,,,,,,,,,,,,,,,,,,,,,,,,,,,,,,,,,,
2,1714055045325,25/04/2024 14:24:05,1714058645325,1,25/04/2024 16:24:05,139619,19,task-eihb,,37263268,BLIND,10987777,,complete,,662a651b3677c480d53e2182,computer,Desktop or Laptop,Mac OS 10.15,Firefox 125.0,1440x900,1371x732,,,0,1i-3 A Training,4,,,1i-3,,,Pass,,1i-3 A Training,1i-3 A Training,1,Instructions,Attention Check 5,4xnmv6,1,continue,,3356.3,3343.3,3356.3,3356.3,3343.3,3356.3,1,3356.3,0,0,,Click To Continue,Continue Button,4,object-285,,,,,,Instructions,,,,,,,,,,,,,,,,,,,,,,
3,1714055045326,25/04/2024 14:24:05,1714058645326,1,25/04/2024 16:24:05,139619,19,task-eihb,,37263268,BLIND,10987777,,complete,,662a651b3677c480d53e2182,computer,Desktop or Laptop,Mac OS 10.15,Firefox 125.0,1440x900,1371x732,,,0,1i-3 A Training,4,,,1i-3,,,Pass,,1i-3 A Training,1i-3 A Training,1,Instructions,Attention Check 5,4xnmv6,1,response,Accio!,2674.84,3343.3,3358.3,2674.84,3343.3,3358.3,1,2674.84,683.46,0,,Dropdown,Dropdown5,3,object-284,,,,,,Instructions,,,,,,,,,,,,,,,,,,,,,,
4,1714055049421,25/04/2024 14:24:09,1714058649421,1,25/04/2024 16:24:09,139619,19,task-eihb,,37263268,BLIND,10987777,,complete,,662a651b3677c480d53e2182,computer,Desktop or Laptop,Mac OS 10.15,Firefox 125.0,1440x900,1371x732,,,0,1i-3 A Training,4,,,1i-3,,,Pass,,1i-3 A Training,1i-3 A Training,1,Instructions,Attention Check 6,wf497f,2,continue,,4107,4094.26,4107,4107,4094.26,4107,1,4107,0,0,,Click To Continue,Continue Button,4,object-292,,,,,,Instructions,,,,,,,,,,,,,,,,,,,,,,
5,1714055049424,25/04/2024 14:24:09,1714058649424,1,25/04/2024 16:24:09,139619,19,task-eihb,,37263268,BLIND,10987777,,complete,,662a651b3677c480d53e2182,computer,Desktop or Laptop,Mac OS 10.15,Firefox 125.0,1440x900,1371x732,,,0,1i-3 A Training,4,,,1i-3,,,Pass,,1i-3 A Training,1i-3 A Training,1,Instructions,Attention Check 6,wf497f,2,response,The Invisibility Cloak,3108.2999999999993,4094.26,4110.960000000001,3108.2999999999993,4094.26,4110.960000000001,1,3108.2999999999993,1002.6600000000017,0,,Dropdown,Dropdown6,3,object-291,,,,,,Instructions,,,,,,,,,,,,,,,,,,,,,,
6,1714055052011,25/04/2024 14:24:12,1714058652011,1,25/04/2024 16:24:12,139619,19,task-eihb,,37263268,BLIND,10987777,,complete,,662a651b3677c480d53e2182,computer,Desktop or Laptop,Mac OS 10.15,Firefox 125.0,1440x900,1371x732,,,0,1i-3 A Training,4,,,1i-3,,,Pass,,1i-3 A Training,1i-3 A Training,1,Instructions,Screen 22,3y4guk,3,continue,,2603.74,2590.26,2603.74,2603.74,2590.26,2603.74,1,2603.74,0,0,,Click To Continue,Continue Button,3,object-297,,,,,,Instructions,,,,,,,,,,,,,,,,,,,,,,
7,1714055069255,25/04/2024 14:24:29,1714058669255,1,25/04/2024 16:24:29,139619,19,task-eihb,,37263268,BLIND,10987777,,complete,,662a651b3677c480d53e2182,computer,Desktop or Laptop,Mac OS 10.15,Firefox 125.0,1440x900,1371x732,,,0,1i-3 A Training,4,,,1i-3,,,Pass,,1i-3 A Training,1i-3 A Training,1,Instructions,Instructions 02,q3gk2e,4,continue,,17258.48,17246.04,17258.48,17258.48,17246.04,17258.48,1,17258.48,0,0,,Click To Continue,Continue Button,2,object-75,,,,,,Instructions,,,,,,,,,,,,,,,,,,,,,,
8,1714055070977,25/04/2024 14:24:30,1714058670977,1,25/04/2024 16:24:30,139619,19,task-eihb,,37263268,BLIND,10987777,,complete,,662a651b3677c480d53e2182,computer,Desktop or Laptop,Mac OS 10.15,Firefox 125.0,1440x900,1371x732,,,0,1i-3 A Training,4,,,1i-3,,,Pass,,1i-3 A Training,1i-3 A Training,1,Instructions,Instructions 03,gxa3vr,5,continue,,1734.4399999999987,1720.199999999997,1734.4399999999987,1734.4399999999987,1720.199999999997,1734.4399999999987,1,1734.4399999999987,0,0,,Click To Continue,Continue Button,1,object-165,,,,,,Instructions,,,,,,,,,,,,,,,,,,,,,,
9,1714055086251,25/04/2024 14:24:46,1714058686251,1,25/04/2024 16:24:46,139619,19,task-eihb,,37263268,BLIND,10987777,,complete,,662a651b3677c480d53e2182,computer,Desktop or Laptop,Mac OS 10.15,Firefox 125.0,1440x900,1371x732,,,0,1i-3 A Training,4,,,1i-3,,,Pass,,1i-3 A Training,1i-3 A Training,1,Training02,TrainingA,34efq7,1,response,ZETH WAN,9476.079999999998,15275.2,15289.240000000002,9476.079999999998,15275.2,15289.240000000002,1,9476.079999999998,5813.1600000000035,0,,Single Text Entry,TextResponseA,4,object-97,1i-3,_,02,1i-3_02,1,Training02,40_BURYSNAPE,ASK,.png,40_BURYSNAPE_ASK.png,ZETH,WAN,40_BURYSNAPE_ZETH_WAN.png,,ZETH WAN,20_PULLSWORD_ASK.png,20_PULLSWORD_DOTS.png,WOUX WAN,ZETH WAN,ZETH WAN,WOUX WAN,20_PULLSWORD_WOUX_WAN.png,WOUX WAN,,,,,
10,1714055090479,25/04/2024 14:24:50,1714058690479,1,25/04/2024 16:24:50,139619,19,task-eihb,,37263268,BLIND,10987777,,complete,,662a651b3677c480d53e2182,computer,Desktop or Laptop,Mac OS 10.15,Firefox 125.0,1440x900,1371x732,,,0,1i-3 A Training,4,,,1i-3,,,Pass,,1i-3 A Training,1i-3 A Training,1,Training02,TrainingB,2yfdu9,2,response,,4241.040000000001,4227.959999999999,4241.040000000001,4241.040000000001,4227.959999999999,4241.040000000001,1,4241.040000000001,0,0,,Click Response,Option A,4,object-245,1i-3,_,02,1i-3_02,1,Training02,40_BURYSNAPE,ASK,.png,40_BURYSNAPE_ASK.png,ZETH,WAN,40_BURYSNAPE_ZETH_WAN.png,,ZETH WAN,20_PULLSWORD_ASK.png,20_PULLSWORD_DOTS.png,WOUX WAN,ZETH WAN,ZETH WAN,WOUX WAN,20_PULLSWORD_WOUX_WAN.png,WOUX WAN,,,,,
11,1714055091465,25/04/2024 14:24:51,1714058691465,1,25/04/2024 16:24:51,139619,19,task-eihb,,37263268,BLIND,10987777,,complete,,662a651b3677c480d53e2182,computer,Desktop or Laptop,Mac OS 10.15,Firefox 125.0,1440x900,1371x732,,,0,1i-3 A Training,4,,,1i-3,,,Pass,,1i-3 A Training,1i-3 A Training,1,Training02,TrainingC,1ouhhw,3,continue,,999.0800000000017,985.9599999999991,999.0800000000017,999.0800000000017,985.9599999999991,999.0800000000017,1,999.0800000000017,0,0,,Click To Continue,Continue Button,6,object-272,1i-3,_,02,1i-3_02,1,Training02,40_BURYSNAPE,ASK,.png,40_BURYSNAPE_ASK.png,ZETH,WAN,40_BURYSNAPE_ZETH_WAN.png,,ZETH WAN,20_PULLSWORD_ASK.png,20_PULLSWORD_DOTS.png,WOUX WAN,ZETH WAN,ZETH WAN,WOUX WAN,20_PULLSWORD_WOUX_WAN.png,WOUX WAN,,,,,
12,1714055096295,25/04/2024 14:24:56,1714058696295,1,25/04/2024 16:24:56,139619,19,task-eihb,,37263268,BLIND,10987777,,complete,,662a651b3677c480d53e2182,computer,Desktop or Laptop,Mac OS 10.15,Firefox 125.0,1440x900,1371x732,,,0,1i-3 A Training,4,,,1i-3,,,Pass,,1i-3 A Training,1i-3 A Training,2,Training02,TrainingA,34efq7,1,response,WOUX WAN,2254.959999999999,4828.740000000005,4842.120000000003,2254.959999999999,4828.740000000005,4842.120000000003,1,2254.959999999999,2587.1600000000035,0,,Single Text Entry,TextResponseA,4,object-97,1i-3,_,04,1i-3_04,1,Training02,35_PROPHET,ASK,.png,35_PROPHET_ASK.png,WOUX,WAN,35_PROPHET_WOUX_WAN.png,,WOUX WAN,40_BURYSNAPE_ASK.png,40_BURYSNAPE_DOTS.png,WOUX WAN,RUSP WIM,WOUX WAN,RUSP WIM,40_BURYSNAPE_RUSP_WIM.png,,RUSP WIM,,,,
13,1714055110985,25/04/2024 14:25:10,1714058710985,1,25/04/2024 16:25:10,139619,19,task-eihb,,37263268,BLIND,10987777,,complete,,662a651b3677c480d53e2182,computer,Desktop or Laptop,Mac OS 10.15,Firefox 125.0,1440x900,1371x732,,,0,1i-3 A Training,4,,,1i-3,,,Pass,,1i-3 A Training,1i-3 A Training,2,Training02,TrainingB,2yfdu9,2,response,,14703.379999999997,14689.120000000003,14703.379999999997,14703.379999999997,14689.120000000003,14703.379999999997,1,14703.379999999997,0,0,,Click Response,Option B,5,object-246,1i-3,_,04,1i-3_04,1,Training02,35_PROPHET,ASK,.png,35_PROPHET_ASK.png,WOUX,WAN,35_PROPHET_WOUX_WAN.png,,WOUX WAN,40_BURYSNAPE_ASK.png,40_BURYSNAPE_DOTS.png,WOUX WAN,RUSP WIM,WOUX WAN,RUSP WIM,40_BURYSNAPE_RUSP_WIM.png,,RUSP WIM,,,,
14,1714055114042,25/04/2024 14:25:14,1714058714042,1,25/04/2024 16:25:14,139619,19,task-eihb,,37263268,BLIND,10987777,,complete,,662a651b3677c480d53e2182,computer,Desktop or Laptop,Mac OS 10.15,Firefox 125.0,1440x900,1371x732,,,0,1i-3 A Training,4,,,1i-3,,,Pass,,1i-3 A Training,1i-3 A Training,2,Training02,TrainingC,1ouhhw,3,continue,,3071.2599999999948,3059.1199999999953,3071.2599999999948,3071.2599999999948,3059.1199999999953,3071.2599999999948,1,3071.2599999999948,0,0,,Click To Continue,Continue Button,6,object-272,1i-3,_,04,1i-3_04,1,Training02,35_PROPHET,ASK,.png,35_PROPHET_ASK.png,WOUX,WAN,35_PROPHET_WOUX_WAN.png,,WOUX WAN,40_BURYSNAPE_ASK.png,40_BURYSNAPE_DOTS.png,WOUX WAN,RUSP WIM,WOUX WAN,RUSP WIM,40_BURYSNAPE_RUSP_WIM.png,,RUSP WIM,,,,
15,1714055123419,25/04/2024 14:25:23,1714058723419,1,25/04/2024 16:25:23,139619,19,task-eihb,,37263268,BLIND,10987777,,complete,,662a651b3677c480d53e2182,computer,Desktop or Laptop,Mac OS 10.15,Firefox 125.0,1440x900,1371x732,,,0,1i-3 A Training,4,,,1i-3,,,Pass,,1i-3 A Training,1i-3 A Training,3,Training02,TrainingA,34efq7,1,response,FICH WUNG,1787.5,9374.940000000002,9387.14,1787.5,9374.940000000002,9387.14,1,1787.5,7599.639999999999,0,,Single Text Entry,TextResponseA,4,object-97,1i-3,_,01,1i-3_01,1,Training02,04_WHEEZES,ASK,.png,04_WHEEZES_ASK.png,FICH,WUNG,04_WHEEZES_FICH_WUNG.png,,FICH WUNG,05_AUROR_ASK.png,05_AUROR_DOTS.png,FICH WUNG,ZETH WAN,FICH WUNG,ZETH WAN,05_AUROR_ZETH_WAN.png,,ZETH WAN,,,,
16,1714055129284,25/04/2024 14:25:29,1714058729284,1,25/04/2024 16:25:29,139619,19,task-eihb,,37263268,BLIND,10987777,,complete,,662a651b3677c480d53e2182,computer,Desktop or Laptop,Mac OS 10.15,Firefox 125.0,1440x900,1371x732,,,0,1i-3 A Training,4,,,1i-3,,,Pass,,1i-3 A Training,1i-3 A Training,3,Training02,TrainingB,2yfdu9,2,response,,5877.199999999997,5865.479999999996,5877.199999999997,5877.199999999997,5865.479999999996,5877.199999999997,1,5877.199999999997,0,0,,Click Response,Option B,5,object-246,1i-3,_,01,1i-3_01,1,Training02,04_WHEEZES,ASK,.png,04_WHEEZES_ASK.png,FICH,WUNG,04_WHEEZES_FICH_WUNG.png,,FICH WUNG,05_AUROR_ASK.png,05_AUROR_DOTS.png,FICH WUNG,ZETH WAN,FICH WUNG,ZETH WAN,05_AUROR_ZETH_WAN.png,,ZETH WAN,,,,
17,1714055129986,25/04/2024 14:25:29,1714058729986,1,25/04/2024 16:25:29,139619,19,task-eihb,,37263268,BLIND,10987777,,complete,,662a651b3677c480d53e2182,computer,Desktop or Laptop,Mac OS 10.15,Firefox 125.0,1440x900,1371x732,,,0,1i-3 A Training,4,,,1i-3,,,Pass,,1i-3 A Training,1i-3 A Training,3,Training02,TrainingC,1ouhhw,3,continue,,714.7200000000012,701,714.7200000000012,714.7200000000012,701,714.7200000000012,1,714.7200000000012,0,0,,Click To Continue,Continue Button,6,object-272,1i-3,_,01,1i-3_01,1,Training02,04_WHEEZES,ASK,.png,04_WHEEZES_ASK.png,FICH,WUNG,04_WHEEZES_FICH_WUNG.png,,FICH WUNG,05_AUROR_ASK.png,05_AUROR_DOTS.png,FICH WUNG,ZETH WAN,FICH WUNG,ZETH WAN,05_AUROR_ZETH_WAN.png,,ZETH WAN,,,,
18,1714055137055,25/04/2024 14:25:37,1714058737055,1,25/04/2024 16:25:37,139619,19,task-eihb,,37263268,BLIND,10987777,,complete,,662a651b3677c480d53e2182,computer,Desktop or Laptop,Mac OS 10.15,Firefox 125.0,1440x900,1371x732,,,0,1i-3 A Training,4,,,1i-3,,,Pass,,1i-3 A Training,1i-3 A Training,4,Training02,TrainingA,34efq7,1,response,RUSP WIM,1554.2200000000012,7070.020000000004,7082.720000000001,1554.2200000000012,7070.020000000004,7082.720000000001,1,1554.2200000000012,5528.5,0,,Single Text Entry,TextResponseA,4,object-97,1i-3,_,03,1i-3_03,1,Training02,13_QUIBBLER,ASK,.png,13_QUIBBLER_ASK.png,RUSP,WIM,13_QUIBBLER_RUSP_WIM.png,,RUSP WIM,27_BESTSELLER_ASK.png,27_BESTSELLER_DOTS.png,FICH WUNG,RUSP WIM,RUSP WIM,FICH WUNG,27_BESTSELLER_FICH_WUNG.png,FICH WUNG,,,,,
19,1714055148653,25/04/2024 14:25:48,1714058748653,1,25/04/2024 16:25:48,139619,19,task-eihb,,37263268,BLIND,10987777,,complete,,662a651b3677c480d53e2182,computer,Desktop or Laptop,Mac OS 10.15,Firefox 125.0,1440x900,1371x732,,,0,1i-3 A Training,4,,,1i-3,,,Pass,,1i-3 A Training,1i-3 A Training,4,Training02,TrainingB,2yfdu9,2,response,,11610.699999999997,11597.660000000003,11610.699999999997,11610.699999999997,11597.660000000003,11610.699999999997,1,11610.699999999997,0,0,,Click Response,Option B,5,object-246,1i-3,_,03,1i-3_03,1,Training02,13_QUIBBLER,ASK,.png,13_QUIBBLER_ASK.png,RUSP,WIM,13_QUIBBLER_RUSP_WIM.png,,RUSP WIM,27_BESTSELLER_ASK.png,27_BESTSELLER_DOTS.png,FICH WUNG,RUSP WIM,RUSP WIM,FICH WUNG,27_BESTSELLER_FICH_WUNG.png,FICH WUNG,,,,,
20,1714055150558,25/04/2024 14:25:50,1714058750558,1,25/04/2024 16:25:50,139619,19,task-eihb,,37263268,BLIND,10987777,,complete,,662a651b3677c480d53e2182,computer,Desktop or Laptop,Mac OS 10.15,Firefox 125.0,1440x900,1371x732,,,0,1i-3 A Training,4,,,1i-3,,,Pass,,1i-3 A Training,1i-3 A Training,4,Training02,TrainingC,1ouhhw,3,continue,,1918.0399999999936,1904.6399999999994,1918.0399999999936,1918.0399999999936,1904.6399999999994,1918.0399999999936,1,1918.0399999999936,0,0,,Click To Continue,Continue Button,6,object-272,1i-3,_,03,1i-3_03,1,Training02,13_QUIBBLER,ASK,.png,13_QUIBBLER_ASK.png,RUSP,WIM,13_QUIBBLER_RUSP_WIM.png,,RUSP WIM,27_BESTSELLER_ASK.png,27_BESTSELLER_DOTS.png,FICH WUNG,RUSP WIM,RUSP WIM,FICH WUNG,27_BESTSELLER_FICH_WUNG.png,FICH WUNG,,,,,
21,1714055160185,25/04/2024 14:26:00,1714058760185,1,25/04/2024 16:26:00,139619,19,task-eihb,,37263268,BLIND,10987777,,complete,,662a651b3677c480d53e2182,computer,Desktop or Laptop,Mac OS 10.15,Firefox 125.0,1440x900,1371x732,,,0,1i-3 A Training,4,,,1i-3,,,Pass,,1i-3 A Training,1i-3 A Training,5,Training02,TrainingA,34efq7,1,response,FICH WUNG,2656.5,9626.119999999995,9639.399999999994,2656.5,9626.119999999995,9639.399999999994,1,2656.5,6982.899999999994,0,,Single Text Entry,TextResponseA,4,object-97,1i-3,_,05,1i-3_05,2,Training02,18_LIVEGODRIC,ASK,.png,18_LIVEGODRIC_ASK.png,FICH,WUNG,18_LIVEGODRIC_FICH_WUNG.png,,FICH WUNG,07_AZKABAN_ASK.png,07_AZKABAN_DOTS.png,FICH WUNG,RUSP WIM,FICH WUNG,RUSP WIM,07_AZKABAN_RUSP_WIM.png,,RUSP WIM,,,,
22,1714055169426,25/04/2024 14:26:09,1714058769426,1,25/04/2024 16:26:09,139619,19,task-eihb,,37263268,BLIND,10987777,,complete,,662a651b3677c480d53e2182,computer,Desktop or Laptop,Mac OS 10.15,Firefox 125.0,1440x900,1371x732,,,0,1i-3 A Training,4,,,1i-3,,,Pass,,1i-3 A Training,1i-3 A Training,5,Training02,TrainingB,2yfdu9,2,response,,9254.279999999999,9241.36,9254.279999999999,9254.279999999999,9241.36,9254.279999999999,1,9254.279999999999,0,0,,Click Response,Option B,5,object-246,1i-3,_,05,1i-3_05,2,Training02,18_LIVEGODRIC,ASK,.png,18_LIVEGODRIC_ASK.png,FICH,WUNG,18_LIVEGODRIC_FICH_WUNG.png,,FICH WUNG,07_AZKABAN_ASK.png,07_AZKABAN_DOTS.png,FICH WUNG,RUSP WIM,FICH WUNG,RUSP WIM,07_AZKABAN_RUSP_WIM.png,,RUSP WIM,,,,
23,1714055170796,25/04/2024 14:26:10,1714058770796,1,25/04/2024 16:26:10,139619,19,task-eihb,,37263268,BLIND,10987777,,complete,,662a651b3677c480d53e2182,computer,Desktop or Laptop,Mac OS 10.15,Firefox 125.0,1440x900,1371x732,,,0,1i-3 A Training,4,,,1i-3,,,Pass,,1i-3 A Training,1i-3 A Training,5,Training02,TrainingC,1ouhhw,3,continue,,1382.9199999999983,1370.3199999999924,1382.9199999999983,1382.9199999999983,1370.3199999999924,1382.9199999999983,1,1382.9199999999983,0,0,,Click To Continue,Continue Button,6,object-272,1i-3,_,05,1i-3_05,2,Training02,18_LIVEGODRIC,ASK,.png,18_LIVEGODRIC_ASK.png,FICH,WUNG,18_LIVEGODRIC_FICH_WUNG.png,,FICH WUNG,07_AZKABAN_ASK.png,07_AZKABAN_DOTS.png,FICH WUNG,RUSP WIM,FICH WUNG,RUSP WIM,07_AZKABAN_RUSP_WIM.png,,RUSP WIM,,,,
24,1714055177014,25/04/2024 14:26:17,1714058777014,1,25/04/2024 16:26:17,139619,19,task-eihb,,37263268,BLIND,10987777,,complete,,662a651b3677c480d53e2182,computer,Desktop or Laptop,Mac OS 10.15,Firefox 125.0,1440x900,1371x732,,,0,1i-3 A Training,4,,,1i-3,,,Pass,,1i-3 A Training,1i-3 A Training,6,Training02,TrainingA,34efq7,1,response,ZETH WAN,3124.4400000000023,6216.600000000006,6229.600000000006,3124.4400000000023,6216.600000000006,6229.600000000006,1,3124.4400000000023,3105.1600000000035,0,,Single Text Entry,TextResponseA,4,object-97,1i-3,_,06,1i-3_06,2,Training02,12_SKEETER,ASK,.png,12_SKEETER_ASK.png,ZETH,WAN,12_SKEETER_ZETH_WAN.png,,ZETH WAN,12_SKEETER_ASK.png,12_SKEETER_DOTS.png,FICH WUNG,ZETH WAN,ZETH WAN,FICH WUNG,12_SKEETER_FICH_WUNG.png,FICH WUNG,,,,,
25,1714055178617,25/04/2024 14:26:18,1714058778617,1,25/04/2024 16:26:18,139619,19,task-eihb,,37263268,BLIND,10987777,,complete,,662a651b3677c480d53e2182,computer,Desktop or Laptop,Mac OS 10.15,Firefox 125.0,1440x900,1371x732,,,0,1i-3 A Training,4,,,1i-3,,,Pass,,1i-3 A Training,1i-3 A Training,6,Training02,TrainingB,2yfdu9,2,response,,1617,1604.320000000007,1617,1617,1604.320000000007,1617,1,1617,0,0,,Click Response,Option B,5,object-246,1i-3,_,06,1i-3_06,2,Training02,12_SKEETER,ASK,.png,12_SKEETER_ASK.png,ZETH,WAN,12_SKEETER_ZETH_WAN.png,,ZETH WAN,12_SKEETER_ASK.png,12_SKEETER_DOTS.png,FICH WUNG,ZETH WAN,ZETH WAN,FICH WUNG,12_SKEETER_FICH_WUNG.png,FICH WUNG,,,,,
26,1714055186304,25/04/2024 14:26:26,1714058786304,1,25/04/2024 16:26:26,139619,19,task-eihb,,37263268,BLIND,10987777,,complete,,662a651b3677c480d53e2182,computer,Desktop or Laptop,Mac OS 10.15,Firefox 125.0,1440x900,1371x732,,,0,1i-3 A Training,4,,,1i-3,,,Pass,,1i-3 A Training,1i-3 A Training,6,Training02,TrainingC,1ouhhw,3,continue,,7699.679999999993,7687.1600000000035,7699.679999999993,7699.679999999993,7687.1600000000035,7699.679999999993,1,7699.679999999993,0,0,,Click To Continue,Continue Button,6,object-272,1i-3,_,06,1i-3_06,2,Training02,12_SKEETER,ASK,.png,12_SKEETER_ASK.png,ZETH,WAN,12_SKEETER_ZETH_WAN.png,,ZETH WAN,12_SKEETER_ASK.png,12_SKEETER_DOTS.png,FICH WUNG,ZETH WAN,ZETH WAN,FICH WUNG,12_SKEETER_FICH_WUNG.png,FICH WUNG,,,,,
27,1714055194643,25/04/2024 14:26:34,1714058794643,1,25/04/2024 16:26:34,139619,19,task-eihb,,37263268,BLIND,10987777,,complete,,662a651b3677c480d53e2182,computer,Desktop or Laptop,Mac OS 10.15,Firefox 125.0,1440x900,1371x732,,,0,1i-3 A Training,4,,,1i-3,,,Pass,,1i-3 A Training,1i-3 A Training,7,Training02,TrainingA,34efq7,1,response,RUSP WIM,4411.779999999999,8338.940000000002,8351.51999999999,4411.779999999999,8338.940000000002,8351.51999999999,1,4411.779999999999,3939.7399999999907,0,,Single Text Entry,TextResponseA,4,object-97,1i-3,_,07,1i-3_07,2,Training02,34_FANLETTERS,ASK,.png,34_FANLETTERS_ASK.png,RUSP,WIM,34_FANLETTERS_RUSP_WIM.png,,RUSP WIM,34_FANLETTERS_ASK.png,34_FANLETTERS_DOTS.png,RUSP WIM,WOUX WAN,RUSP WIM,WOUX WAN,34_FANLETTERS_WOUX_WAN.png,,WOUX WAN,,,,
28,1714055197552,25/04/2024 14:26:37,1714058797552,1,25/04/2024 16:26:37,139619,19,task-eihb,,37263268,BLIND,10987777,,complete,,662a651b3677c480d53e2182,computer,Desktop or Laptop,Mac OS 10.15,Firefox 125.0,1440x900,1371x732,,,0,1i-3 A Training,4,,,1i-3,,,Pass,,1i-3 A Training,1i-3 A Training,7,Training02,TrainingB,2yfdu9,2,response,,2919.579999999987,2906.720000000001,2919.579999999987,2919.579999999987,2906.720000000001,2919.579999999987,1,2919.579999999987,0,0,,Click Response,Option A,4,object-245,1i-3,_,07,1i-3_07,2,Training02,34_FANLETTERS,ASK,.png,34_FANLETTERS_ASK.png,RUSP,WIM,34_FANLETTERS_RUSP_WIM.png,,RUSP WIM,34_FANLETTERS_ASK.png,34_FANLETTERS_DOTS.png,RUSP WIM,WOUX WAN,RUSP WIM,WOUX WAN,34_FANLETTERS_WOUX_WAN.png,,WOUX WAN,,,,
29,1714055202181,25/04/2024 14:26:42,1714058802181,1,25/04/2024 16:26:42,139619,19,task-eihb,,37263268,BLIND,10987777,,complete,,662a651b3677c480d53e2182,computer,Desktop or Laptop,Mac OS 10.15,Firefox 125.0,1440x900,1371x732,,,0,1i-3 A Training,4,,,1i-3,,,Pass,,1i-3 A Training,1i-3 A Training,7,Training02,TrainingC,1ouhhw,3,continue,,4641.859999999986,4630.079999999987,4641.859999999986,4641.859999999986,4630.079999999987,4641.859999999986,1,4641.859999999986,0,0,,Click To Continue,Continue Button,6,object-272,1i-3,_,07,1i-3_07,2,Training02,34_FANLETTERS,ASK,.png,34_FANLETTERS_ASK.png,RUSP,WIM,34_FANLETTERS_RUSP_WIM.png,,RUSP WIM,34_FANLETTERS_ASK.png,34_FANLETTERS_DOTS.png,RUSP WIM,WOUX WAN,RUSP WIM,WOUX WAN,34_FANLETTERS_WOUX_WAN.png,,WOUX WAN,,,,
30,1714055214898,25/04/2024 14:26:54,1714058814898,1,25/04/2024 16:26:54,139619,19,task-eihb,,37263268,BLIND,10987777,,complete,,662a651b3677c480d53e2182,computer,Desktop or Laptop,Mac OS 10.15,Firefox 125.0,1440x900,1371x732,,,0,1i-3 A Training,4,,,1i-3,,,Pass,,1i-3 A Training,1i-3 A Training,8,Training02,TrainingA,34efq7,1,response,WOUX WAN,2339.579999999987,12717.279999999999,12730.779999999999,2339.579999999987,12717.279999999999,12730.779999999999,1,2339.579999999987,10391.200000000012,0,,Single Text Entry,TextResponseA,4,object-97,1i-3,_,08,1i-3_08,2,Training02,28_GALLEONS,ASK,.png,28_GALLEONS_ASK.png,WOUX,WAN,28_GALLEONS_WOUX_WAN.png,,WOUX WAN,39_STOPHAGRID_ASK.png,39_STOPHAGRID_DOTS.png,ZETH WAN,WOUX WAN,WOUX WAN,ZETH WAN,39_STOPHAGRID_ZETH_WAN.png,ZETH WAN,,,,,
31,1714055222033,25/04/2024 14:27:02,1714058822033,1,25/04/2024 16:27:02,139619,19,task-eihb,,37263268,BLIND,10987777,,complete,,662a651b3677c480d53e2182,computer,Desktop or Laptop,Mac OS 10.15,Firefox 125.0,1440x900,1371x732,,,0,1i-3 A Training,4,,,1i-3,,,Pass,,1i-3 A Training,1i-3 A Training,8,Training02,TrainingB,2yfdu9,2,response,,7147.5,7134.720000000001,7147.5,7147.5,7134.720000000001,7147.5,1,7147.5,0,0,,Click Response,Option A,4,object-245,1i-3,_,08,1i-3_08,2,Training02,28_GALLEONS,ASK,.png,28_GALLEONS_ASK.png,WOUX,WAN,28_GALLEONS_WOUX_WAN.png,,WOUX WAN,39_STOPHAGRID_ASK.png,39_STOPHAGRID_DOTS.png,ZETH WAN,WOUX WAN,WOUX WAN,ZETH WAN,39_STOPHAGRID_ZETH_WAN.png,ZETH WAN,,,,,
32,1714055223087,25/04/2024 14:27:03,1714058823087,1,25/04/2024 16:27:03,139619,19,task-eihb,,37263268,BLIND,10987777,,complete,,662a651b3677c480d53e2182,computer,Desktop or Laptop,Mac OS 10.15,Firefox 125.0,1440x900,1371x732,,,0,1i-3 A Training,4,,,1i-3,,,Pass,,1i-3 A Training,1i-3 A Training,8,Training02,TrainingC,1ouhhw,3,continue,,1066.7799999999988,1053.820000000007,1066.7799999999988,1066.7799999999988,1053.820000000007,1066.7799999999988,1,1066.7799999999988,0,0,,Click To Continue,Continue Button,6,object-272,1i-3,_,08,1i-3_08,2,Training02,28_GALLEONS,ASK,.png,28_GALLEONS_ASK.png,WOUX,WAN,28_GALLEONS_WOUX_WAN.png,,WOUX WAN,39_STOPHAGRID_ASK.png,39_STOPHAGRID_DOTS.png,ZETH WAN,WOUX WAN,WOUX WAN,ZETH WAN,39_STOPHAGRID_ZETH_WAN.png,ZETH WAN,,,,,
33,1714055232881,25/04/2024 14:27:12,1714058832881,1,25/04/2024 16:27:12,139619,19,task-eihb,,37263268,BLIND,10987777,,complete,,662a651b3677c480d53e2182,computer,Desktop or Laptop,Mac OS 10.15,Firefox 125.0,1440x900,1371x732,,,0,1i-3 A Training,4,,,1i-3,,,Pass,,1i-3 A Training,1i-3 A Training,9,Training02,TrainingA,34efq7,1,response,FICH WUNG,2272.75999999998,9792.859999999986,9804.959999999992,2272.75999999998,9792.859999999986,9804.959999999992,1,2272.75999999998,7532.200000000012,0,,Single Text Entry,TextResponseA,4,object-97,1i-3,_,09,1i-3_09,3,Training02,32_QWC,ASK,.png,32_QWC_ASK.png,FICH,WUNG,32_QWC_FICH_WUNG.png,,FICH WUNG,13_QUIBBLER_ASK.png,13_QUIBBLER_DOTS.png,FICH WUNG,WOUX WAN,FICH WUNG,WOUX WAN,13_QUIBBLER_WOUX_WAN.png,,WOUX WAN,,,,
34,1714055240200,25/04/2024 14:27:20,1714058840200,1,25/04/2024 16:27:20,139619,19,task-eihb,,37263268,BLIND,10987777,,complete,,662a651b3677c480d53e2182,computer,Desktop or Laptop,Mac OS 10.15,Firefox 125.0,1440x900,1371x732,,,0,1i-3 A Training,4,,,1i-3,,,Pass,,1i-3 A Training,1i-3 A Training,9,Training02,TrainingB,2yfdu9,2,response,,7332.100000000006,7318.820000000007,7332.100000000006,7332.100000000006,7318.820000000007,7332.100000000006,1,7332.100000000006,0,0,,Click Response,Option B,5,object-246,1i-3,_,09,1i-3_09,3,Training02,32_QWC,ASK,.png,32_QWC_ASK.png,FICH,WUNG,32_QWC_FICH_WUNG.png,,FICH WUNG,13_QUIBBLER_ASK.png,13_QUIBBLER_DOTS.png,FICH WUNG,WOUX WAN,FICH WUNG,WOUX WAN,13_QUIBBLER_WOUX_WAN.png,,WOUX WAN,,,,
35,1714055241219,25/04/2024 14:27:21,1714058841219,1,25/04/2024 16:27:21,139619,19,task-eihb,,37263268,BLIND,10987777,,complete,,662a651b3677c480d53e2182,computer,Desktop or Laptop,Mac OS 10.15,Firefox 125.0,1440x900,1371x732,,,0,1i-3 A Training,4,,,1i-3,,,Pass,,1i-3 A Training,1i-3 A Training,9,Training02,TrainingC,1ouhhw,3,continue,,1032.2799999999988,1020.0799999999872,1032.2799999999988,1032.2799999999988,1020.0799999999872,1032.2799999999988,1,1032.2799999999988,0,0,,Click To Continue,Continue Button,6,object-272,1i-3,_,09,1i-3_09,3,Training02,32_QWC,ASK,.png,32_QWC_ASK.png,FICH,WUNG,32_QWC_FICH_WUNG.png,,FICH WUNG,13_QUIBBLER_ASK.png,13_QUIBBLER_DOTS.png,FICH WUNG,WOUX WAN,FICH WUNG,WOUX WAN,13_QUIBBLER_WOUX_WAN.png,,WOUX WAN,,,,
36,1714055248019,25/04/2024 14:27:28,1714058848019,1,25/04/2024 16:27:28,139619,19,task-eihb,,37263268,BLIND,10987777,,complete,,662a651b3677c480d53e2182,computer,Desktop or Laptop,Mac OS 10.15,Firefox 125.0,1440x900,1371x732,,,0,1i-3 A Training,4,,,1i-3,,,Pass,,1i-3 A Training,1i-3 A Training,10,Training02,TrainingA,34efq7,1,response,RUSP WIM,1636.9800000000105,6801.380000000005,6812.200000000012,1636.9800000000105,6801.380000000005,6812.200000000012,1,1636.9800000000105,5175.220000000001,0,,Single Text Entry,TextResponseA,4,object-97,1i-3,_,11,1i-3_11,3,Training02,27_BESTSELLER,ASK,.png,27_BESTSELLER_ASK.png,RUSP,WIM,27_BESTSELLER_RUSP_WIM.png,,RUSP WIM,25_PROSECUTE_ASK.png,25_PROSECUTE_DOTS.png,ZETH WAN,RUSP WIM,RUSP WIM,ZETH WAN,25_PROSECUTE_ZETH_WAN.png,ZETH WAN,,,,,
37,1714055254923,25/04/2024 14:27:34,1714058854923,1,25/04/2024 16:27:34,139619,19,task-eihb,,37263268,BLIND,10987777,,complete,,662a651b3677c480d53e2182,computer,Desktop or Laptop,Mac OS 10.15,Firefox 125.0,1440x900,1371x732,,,0,1i-3 A Training,4,,,1i-3,,,Pass,,1i-3 A Training,1i-3 A Training,10,Training02,TrainingB,2yfdu9,2,response,,6913.820000000007,6900.880000000005,6913.820000000007,6913.820000000007,6900.880000000005,6913.820000000007,1,6913.820000000007,0,0,,Click Response,Option B,5,object-246,1i-3,_,11,1i-3_11,3,Training02,27_BESTSELLER,ASK,.png,27_BESTSELLER_ASK.png,RUSP,WIM,27_BESTSELLER_RUSP_WIM.png,,RUSP WIM,25_PROSECUTE_ASK.png,25_PROSECUTE_DOTS.png,ZETH WAN,RUSP WIM,RUSP WIM,ZETH WAN,25_PROSECUTE_ZETH_WAN.png,ZETH WAN,,,,,
38,1714055255976,25/04/2024 14:27:35,1714058855976,1,25/04/2024 16:27:35,139619,19,task-eihb,,37263268,BLIND,10987777,,complete,,662a651b3677c480d53e2182,computer,Desktop or Laptop,Mac OS 10.15,Firefox 125.0,1440x900,1371x732,,,0,1i-3 A Training,4,,,1i-3,,,Pass,,1i-3 A Training,1i-3 A Training,10,Training02,TrainingC,1ouhhw,3,continue,,1066.9400000000023,1053.2999999999884,1066.9400000000023,1066.9400000000023,1053.2999999999884,1066.9400000000023,1,1066.9400000000023,0,0,,Click To Continue,Continue Button,6,object-272,1i-3,_,11,1i-3_11,3,Training02,27_BESTSELLER,ASK,.png,27_BESTSELLER_ASK.png,RUSP,WIM,27_BESTSELLER_RUSP_WIM.png,,RUSP WIM,25_PROSECUTE_ASK.png,25_PROSECUTE_DOTS.png,ZETH WAN,RUSP WIM,RUSP WIM,ZETH WAN,25_PROSECUTE_ZETH_WAN.png,ZETH WAN,,,,,
39,1714055263095,25/04/2024 14:27:43,1714058863095,1,25/04/2024 16:27:43,139619,19,task-eihb,,37263268,BLIND,10987777,,complete,,662a651b3677c480d53e2182,computer,Desktop or Laptop,Mac OS 10.15,Firefox 125.0,1440x900,1371x732,,,0,1i-3 A Training,4,,,1i-3,,,Pass,,1i-3 A Training,1i-3 A Training,11,Training02,TrainingA,34efq7,1,response,ZETH WAN,2356,7119.540000000008,7132.640000000014,2356,7119.540000000008,7132.640000000014,1,2356,4776.640000000014,0,,Single Text Entry,TextResponseA,4,object-97,1i-3,_,10,1i-3_10,3,Training02,19_BURYVOLDY,ASK,.png,19_BURYVOLDY_ASK.png,ZETH,WAN,19_BURYVOLDY_ZETH_WAN.png,,ZETH WAN,21_TEACHHOG_ASK.png,21_TEACHHOG_DOTS.png,ZETH WAN,RUSP WIM,ZETH WAN,RUSP WIM,21_TEACHHOG_RUSP_WIM.png,,RUSP WIM,,,,
40,1714055265702,25/04/2024 14:27:45,1714058865702,1,25/04/2024 16:27:45,139619,19,task-eihb,,37263268,BLIND,10987777,,complete,,662a651b3677c480d53e2182,computer,Desktop or Laptop,Mac OS 10.15,Firefox 125.0,1440x900,1371x732,,,0,1i-3 A Training,4,,,1i-3,,,Pass,,1i-3 A Training,1i-3 A Training,11,Training02,TrainingB,2yfdu9,2,response,,2619.100000000006,2606.959999999992,2619.100000000006,2619.100000000006,2606.959999999992,2619.100000000006,1,2619.100000000006,0,0,,Click Response,Option B,5,object-246,1i-3,_,10,1i-3_10,3,Training02,19_BURYVOLDY,ASK,.png,19_BURYVOLDY_ASK.png,ZETH,WAN,19_BURYVOLDY_ZETH_WAN.png,,ZETH WAN,21_TEACHHOG_ASK.png,21_TEACHHOG_DOTS.png,ZETH WAN,RUSP WIM,ZETH WAN,RUSP WIM,21_TEACHHOG_RUSP_WIM.png,,RUSP WIM,,,,
41,1714055266924,25/04/2024 14:27:46,1714058866924,1,25/04/2024 16:27:46,139619,19,task-eihb,,37263268,BLIND,10987777,,complete,,662a651b3677c480d53e2182,computer,Desktop or Laptop,Mac OS 10.15,Firefox 125.0,1440x900,1371x732,,,0,1i-3 A Training,4,,,1i-3,,,Pass,,1i-3 A Training,1i-3 A Training,11,Training02,TrainingC,1ouhhw,3,continue,,1234.140000000014,1218.9000000000233,1234.140000000014,1234.140000000014,1218.9000000000233,1234.140000000014,1,1234.140000000014,0,0,,Click To Continue,Continue Button,6,object-272,1i-3,_,10,1i-3_10,3,Training02,19_BURYVOLDY,ASK,.png,19_BURYVOLDY_ASK.png,ZETH,WAN,19_BURYVOLDY_ZETH_WAN.png,,ZETH WAN,21_TEACHHOG_ASK.png,21_TEACHHOG_DOTS.png,ZETH WAN,RUSP WIM,ZETH WAN,RUSP WIM,21_TEACHHOG_RUSP_WIM.png,,RUSP WIM,,,,
42,1714055271584,25/04/2024 14:27:51,1714058871584,1,25/04/2024 16:27:51,139619,19,task-eihb,,37263268,BLIND,10987777,,complete,,662a651b3677c480d53e2182,computer,Desktop or Laptop,Mac OS 10.15,Firefox 125.0,1440x900,1371x732,,,0,1i-3 A Training,4,,,1i-3,,,Pass,,1i-3 A Training,1i-3 A Training,12,Training02,TrainingA,34efq7,1,response,WOUX WAN,1438.179999999993,4663.459999999992,4676.239999999991,1438.179999999993,4663.459999999992,4676.239999999991,1,1438.179999999993,3238.0599999999977,0,,Single Text Entry,TextResponseA,4,object-97,1i-3,_,12,1i-3_12,3,Training02,14_MUNGOS,ASK,.png,14_MUNGOS_ASK.png,WOUX,WAN,14_MUNGOS_WOUX_WAN.png,,WOUX WAN,33_ROR_ASK.png,33_ROR_DOTS.png,FICH WUNG,WOUX WAN,WOUX WAN,FICH WUNG,33_ROR_FICH_WUNG.png,FICH WUNG,,,,,
43,1714055274643,25/04/2024 14:27:54,1714058874643,1,25/04/2024 16:27:54,139619,19,task-eihb,,37263268,BLIND,10987777,,complete,,662a651b3677c480d53e2182,computer,Desktop or Laptop,Mac OS 10.15,Firefox 125.0,1440x900,1371x732,,,0,1i-3 A Training,4,,,1i-3,,,Pass,,1i-3 A Training,1i-3 A Training,12,Training02,TrainingB,2yfdu9,2,response,,3070.779999999999,3058.1600000000035,3070.779999999999,3070.779999999999,3058.1600000000035,3070.779999999999,1,3070.779999999999,0,0,,Click Response,Option A,4,object-245,1i-3,_,12,1i-3_12,3,Training02,14_MUNGOS,ASK,.png,14_MUNGOS_ASK.png,WOUX,WAN,14_MUNGOS_WOUX_WAN.png,,WOUX WAN,33_ROR_ASK.png,33_ROR_DOTS.png,FICH WUNG,WOUX WAN,WOUX WAN,FICH WUNG,33_ROR_FICH_WUNG.png,FICH WUNG,,,,,
44,1714055275696,25/04/2024 14:27:55,1714058875696,1,25/04/2024 16:27:55,139619,19,task-eihb,,37263268,BLIND,10987777,,complete,,662a651b3677c480d53e2182,computer,Desktop or Laptop,Mac OS 10.15,Firefox 125.0,1440x900,1371x732,,,0,1i-3 A Training,4,,,1i-3,,,Pass,,1i-3 A Training,1i-3 A Training,12,Training02,TrainingC,1ouhhw,3,continue,,1065.6199999999953,1051.7399999999907,1065.6199999999953,1065.6199999999953,1051.7399999999907,1065.6199999999953,1,1065.6199999999953,0,0,,Click To Continue,Continue Button,6,object-272,1i-3,_,12,1i-3_12,3,Training02,14_MUNGOS,ASK,.png,14_MUNGOS_ASK.png,WOUX,WAN,14_MUNGOS_WOUX_WAN.png,,WOUX WAN,33_ROR_ASK.png,33_ROR_DOTS.png,FICH WUNG,WOUX WAN,WOUX WAN,FICH WUNG,33_ROR_FICH_WUNG.png,FICH WUNG,,,,,
45,1714055285205,25/04/2024 14:28:05,1714058885205,1,25/04/2024 16:28:05,139619,19,task-eihb,,37263268,BLIND,10987777,,complete,,662a651b3677c480d53e2182,computer,Desktop or Laptop,Mac OS 10.15,Firefox 125.0,1440x900,1371x732,,,0,1i-3 A Training,4,,,1i-3,,,Pass,,1i-3 A Training,1i-3 A Training,13,Training02,TrainingA,34efq7,1,response,ZETH WAN,1487.7399999999907,9509.800000000017,9522.880000000005,1487.7399999999907,9509.800000000017,9522.880000000005,1,1487.7399999999907,8035.140000000014,0,,Single Text Entry,TextResponseA,4,object-97,1i-3,_,14,1i-3_14,4,Training02,33_ROR,ASK,.png,33_ROR_ASK.png,ZETH,WAN,33_ROR_ZETH_WAN.png,,ZETH WAN,19_BURYVOLDY_ASK.png,19_BURYVOLDY_DOTS.png,ZETH WAN,WOUX WAN,ZETH WAN,WOUX WAN,19_BURYVOLDY_WOUX_WAN.png,,WOUX WAN,,,,
46,1714055290219,25/04/2024 14:28:10,1714058890219,1,25/04/2024 16:28:10,139619,19,task-eihb,,37263268,BLIND,10987777,,complete,,662a651b3677c480d53e2182,computer,Desktop or Laptop,Mac OS 10.15,Firefox 125.0,1440x900,1371x732,,,0,1i-3 A Training,4,,,1i-3,,,Pass,,1i-3 A Training,1i-3 A Training,13,Training02,TrainingB,2yfdu9,2,response,,5026.079999999987,5013.079999999987,5026.079999999987,5026.079999999987,5013.079999999987,5026.079999999987,1,5026.079999999987,0,0,,Click Response,Option B,5,object-246,1i-3,_,14,1i-3_14,4,Training02,33_ROR,ASK,.png,33_ROR_ASK.png,ZETH,WAN,33_ROR_ZETH_WAN.png,,ZETH WAN,19_BURYVOLDY_ASK.png,19_BURYVOLDY_DOTS.png,ZETH WAN,WOUX WAN,ZETH WAN,WOUX WAN,19_BURYVOLDY_WOUX_WAN.png,,WOUX WAN,,,,
47,1714055291320,25/04/2024 14:28:11,1714058891320,1,25/04/2024 16:28:11,139619,19,task-eihb,,37263268,BLIND,10987777,,complete,,662a651b3677c480d53e2182,computer,Desktop or Laptop,Mac OS 10.15,Firefox 125.0,1440x900,1371x732,,,0,1i-3 A Training,4,,,1i-3,,,Pass,,1i-3 A Training,1i-3 A Training,13,Training02,TrainingC,1ouhhw,3,continue,,1116,1102.9800000000105,1116,1116,1102.9800000000105,1116,1,1116,0,0,,Click To Continue,Continue Button,6,object-272,1i-3,_,14,1i-3_14,4,Training02,33_ROR,ASK,.png,33_ROR_ASK.png,ZETH,WAN,33_ROR_ZETH_WAN.png,,ZETH WAN,19_BURYVOLDY_ASK.png,19_BURYVOLDY_DOTS.png,ZETH WAN,WOUX WAN,ZETH WAN,WOUX WAN,19_BURYVOLDY_WOUX_WAN.png,,WOUX WAN,,,,
48,1714055296903,25/04/2024 14:28:16,1714058896903,1,25/04/2024 16:28:16,139619,19,task-eihb,,37263268,BLIND,10987777,,complete,,662a651b3677c480d53e2182,computer,Desktop or Laptop,Mac OS 10.15,Firefox 125.0,1440x900,1371x732,,,0,1i-3 A Training,4,,,1i-3,,,Pass,,1i-3 A Training,1i-3 A Training,14,Training02,TrainingA,34efq7,1,response,RUSP WIM,1887.5599999999977,5581.099999999977,5594.0199999999895,1887.5599999999977,5581.099999999977,5594.0199999999895,1,1887.5599999999977,3706.459999999992,0,,Single Text Entry,TextResponseA,4,object-97,1i-3,_,15,1i-3_15,4,Training02,06_MOM,ASK,.png,06_MOM_ASK.png,RUSP,WIM,06_MOM_RUSP_WIM.png,,RUSP WIM,26_ERISED_ASK.png,26_ERISED_DOTS.png,RUSP WIM,FICH WUNG,RUSP WIM,FICH WUNG,26_ERISED_FICH_WUNG.png,,FICH WUNG,,,,
49,1714055300980,25/04/2024 14:28:20,1714058900980,1,25/04/2024 16:28:20,139619,19,task-eihb,,37263268,BLIND,10987777,,complete,,662a651b3677c480d53e2182,computer,Desktop or Laptop,Mac OS 10.15,Firefox 125.0,1440x900,1371x732,,,0,1i-3 A Training,4,,,1i-3,,,Pass,,1i-3 A Training,1i-3 A Training,14,Training02,TrainingB,2yfdu9,2,response,,4089.920000000013,4078.2000000000407,4089.920000000013,4089.920000000013,4078.2000000000407,4089.920000000013,1,4089.920000000013,0,0,,Click Response,Option B,5,object-246,1i-3,_,15,1i-3_15,4,Training02,06_MOM,ASK,.png,06_MOM_ASK.png,RUSP,WIM,06_MOM_RUSP_WIM.png,,RUSP WIM,26_ERISED_ASK.png,26_ERISED_DOTS.png,RUSP WIM,FICH WUNG,RUSP WIM,FICH WUNG,26_ERISED_FICH_WUNG.png,,FICH WUNG,,,,
50,1714055302336,25/04/2024 14:28:22,1714058902336,1,25/04/2024 16:28:22,139619,19,task-eihb,,37263268,BLIND,10987777,,complete,,662a651b3677c480d53e2182,computer,Desktop or Laptop,Mac OS 10.15,Firefox 125.0,1440x900,1371x732,,,0,1i-3 A Training,4,,,1i-3,,,Pass,,1i-3 A Training,1i-3 A Training,14,Training02,TrainingC,1ouhhw,3,continue,,1366.719999999972,1353.719999999972,1366.719999999972,1366.719999999972,1353.719999999972,1366.719999999972,1,1366.719999999972,0,0,,Click To Continue,Continue Button,6,object-272,1i-3,_,15,1i-3_15,4,Training02,06_MOM,ASK,.png,06_MOM_ASK.png,RUSP,WIM,06_MOM_RUSP_WIM.png,,RUSP WIM,26_ERISED_ASK.png,26_ERISED_DOTS.png,RUSP WIM,FICH WUNG,RUSP WIM,FICH WUNG,26_ERISED_FICH_WUNG.png,,FICH WUNG,,,,
51,1714055308000,25/04/2024 14:28:28,1714058908000,1,25/04/2024 16:28:28,139619,19,task-eihb,,37263268,BLIND,10987777,,complete,,662a651b3677c480d53e2182,computer,Desktop or Laptop,Mac OS 10.15,Firefox 125.0,1440x900,1371x732,,,0,1i-3 A Training,4,,,1i-3,,,Pass,,1i-3 A Training,1i-3 A Training,15,Training02,TrainingA,34efq7,1,response,FICH WUNG,1954.2600000000093,5665.140000000014,5678,1954.2600000000093,5665.140000000014,5678,1,1954.2600000000093,3723.7399999999907,0,,Single Text Entry,TextResponseA,4,object-97,1i-3,_,13,1i-3_13,4,Training02,11_RONWAND,ASK,.png,11_RONWAND_ASK.png,FICH,WUNG,11_RONWAND_FICH_WUNG.png,,FICH WUNG,06_MOM_ASK.png,06_MOM_DOTS.png,ZETH WAN,FICH WUNG,FICH WUNG,ZETH WAN,06_MOM_ZETH_WAN.png,ZETH WAN,,,,,
52,1714055315887,25/04/2024 14:28:35,1714058915887,1,25/04/2024 16:28:35,139619,19,task-eihb,,37263268,BLIND,10987777,,complete,,662a651b3677c480d53e2182,computer,Desktop or Laptop,Mac OS 10.15,Firefox 125.0,1440x900,1371x732,,,0,1i-3 A Training,4,,,1i-3,,,Pass,,1i-3 A Training,1i-3 A Training,15,Training02,TrainingB,2yfdu9,2,response,,7899.859999999986,7887.140000000014,7899.859999999986,7899.859999999986,7887.140000000014,7899.859999999986,1,7899.859999999986,0,0,,Click Response,Option A,4,object-245,1i-3,_,13,1i-3_13,4,Training02,11_RONWAND,ASK,.png,11_RONWAND_ASK.png,FICH,WUNG,11_RONWAND_FICH_WUNG.png,,FICH WUNG,06_MOM_ASK.png,06_MOM_DOTS.png,ZETH WAN,FICH WUNG,FICH WUNG,ZETH WAN,06_MOM_ZETH_WAN.png,ZETH WAN,,,,,
53,1714055318011,25/04/2024 14:28:38,1714058918011,1,25/04/2024 16:28:38,139619,19,task-eihb,,37263268,BLIND,10987777,,complete,,662a651b3677c480d53e2182,computer,Desktop or Laptop,Mac OS 10.15,Firefox 125.0,1440x900,1371x732,,,0,1i-3 A Training,4,,,1i-3,,,Pass,,1i-3 A Training,1i-3 A Training,15,Training02,TrainingC,1ouhhw,3,continue,,2135.719999999972,2122.039999999979,2135.719999999972,2135.719999999972,2122.039999999979,2135.719999999972,1,2135.719999999972,0,0,,Click To Continue,Continue Button,6,object-272,1i-3,_,13,1i-3_13,4,Training02,11_RONWAND,ASK,.png,11_RONWAND_ASK.png,FICH,WUNG,11_RONWAND_FICH_WUNG.png,,FICH WUNG,06_MOM_ASK.png,06_MOM_DOTS.png,ZETH WAN,FICH WUNG,FICH WUNG,ZETH WAN,06_MOM_ZETH_WAN.png,ZETH WAN,,,,,
54,1714055324578,25/04/2024 14:28:44,1714058924578,1,25/04/2024 16:28:44,139619,19,task-eihb,,37263268,BLIND,10987777,,complete,,662a651b3677c480d53e2182,computer,Desktop or Laptop,Mac OS 10.15,Firefox 125.0,1440x900,1371x732,,,0,1i-3 A Training,4,,,1i-3,,,Pass,,1i-3 A Training,1i-3 A Training,16,Training02,TrainingA,34efq7,1,response,WOUX WAN,2423.179999999993,6568.020000000019,6581.679999999993,2423.179999999993,6568.020000000019,6581.679999999993,1,2423.179999999993,4158.5,0,,Single Text Entry,TextResponseA,4,object-97,1i-3,_,16,1i-3_16,4,Training02,42_ENGLAND,ASK,.png,42_ENGLAND_ASK.png,WOUX,WAN,42_ENGLAND_WOUX_WAN.png,,WOUX WAN,41_PIXIE_ASK.png,41_PIXIE_DOTS.png,RUSP WIM,WOUX WAN,WOUX WAN,RUSP WIM,41_PIXIE_RUSP_WIM.png,RUSP WIM,,,,,
55,1714055326883,25/04/2024 14:28:46,1714058926883,1,25/04/2024 16:28:46,139619,19,task-eihb,,37263268,BLIND,10987777,,complete,,662a651b3677c480d53e2182,computer,Desktop or Laptop,Mac OS 10.15,Firefox 125.0,1440x900,1371x732,,,0,1i-3 A Training,4,,,1i-3,,,Pass,,1i-3 A Training,1i-3 A Training,16,Training02,TrainingB,2yfdu9,2,response,,2318.6599999999744,2306.539999999979,2318.6599999999744,2318.6599999999744,2306.539999999979,2318.6599999999744,1,2318.6599999999744,0,0,,Click Response,Option A,4,object-245,1i-3,_,16,1i-3_16,4,Training02,42_ENGLAND,ASK,.png,42_ENGLAND_ASK.png,WOUX,WAN,42_ENGLAND_WOUX_WAN.png,,WOUX WAN,41_PIXIE_ASK.png,41_PIXIE_DOTS.png,RUSP WIM,WOUX WAN,WOUX WAN,RUSP WIM,41_PIXIE_RUSP_WIM.png,RUSP WIM,,,,,
56,1714055327869,25/04/2024 14:28:47,1714058927869,1,25/04/2024 16:28:47,139619,19,task-eihb,,37263268,BLIND,10987777,,complete,,662a651b3677c480d53e2182,computer,Desktop or Laptop,Mac OS 10.15,Firefox 125.0,1440x900,1371x732,,,0,1i-3 A Training,4,,,1i-3,,,Pass,,1i-3 A Training,1i-3 A Training,16,Training02,TrainingC,1ouhhw,3,continue,,998.1199999999953,985.9799999999814,998.1199999999953,998.1199999999953,985.9799999999814,998.1199999999953,1,998.1199999999953,0,0,,Click To Continue,Continue Button,6,object-272,1i-3,_,16,1i-3_16,4,Training02,42_ENGLAND,ASK,.png,42_ENGLAND_ASK.png,WOUX,WAN,42_ENGLAND_WOUX_WAN.png,,WOUX WAN,41_PIXIE_ASK.png,41_PIXIE_DOTS.png,RUSP WIM,WOUX WAN,WOUX WAN,RUSP WIM,41_PIXIE_RUSP_WIM.png,RUSP WIM,,,,,
57,1714055339084,25/04/2024 14:28:59,1714058939084,1,25/04/2024 16:28:59,139619,19,task-eihb,,37263268,BLIND,10987777,,complete,,662a651b3677c480d53e2182,computer,Desktop or Laptop,Mac OS 10.15,Firefox 125.0,1440x900,1371x732,,,0,1i-3 A Training,4,,,1i-3,,,Pass,,1i-3 A Training,1i-3 A Training,17,Training02,TrainingA,34efq7,1,response,WOUX WAN,1988.640000000014,11213.280000000028,11226.140000000014,1988.640000000014,11213.280000000028,11226.140000000014,1,1988.640000000014,9237.5,0,,Single Text Entry,TextResponseA,4,object-97,1i-3,_,20,1i-3_20,5,Training02,21_TEACHHOG,ASK,.png,21_TEACHHOG_ASK.png,WOUX,WAN,21_TEACHHOG_WOUX_WAN.png,,WOUX WAN,42_ENGLAND_ASK.png,42_ENGLAND_DOTS.png,WOUX WAN,ZETH WAN,WOUX WAN,ZETH WAN,42_ENGLAND_ZETH_WAN.png,,ZETH WAN,,,,
58,1714055341957,25/04/2024 14:29:01,1714058941957,1,25/04/2024 16:29:01,139619,19,task-eihb,,37263268,BLIND,10987777,,complete,,662a651b3677c480d53e2182,computer,Desktop or Laptop,Mac OS 10.15,Firefox 125.0,1440x900,1371x732,,,0,1i-3 A Training,4,,,1i-3,,,Pass,,1i-3 A Training,1i-3 A Training,17,Training02,TrainingB,2yfdu9,2,response,,2886.859999999986,2874.3399999999674,2886.859999999986,2886.859999999986,2874.3399999999674,2886.859999999986,1,2886.859999999986,0,0,,Click Response,Option B,5,object-246,1i-3,_,20,1i-3_20,5,Training02,21_TEACHHOG,ASK,.png,21_TEACHHOG_ASK.png,WOUX,WAN,21_TEACHHOG_WOUX_WAN.png,,WOUX WAN,42_ENGLAND_ASK.png,42_ENGLAND_DOTS.png,WOUX WAN,ZETH WAN,WOUX WAN,ZETH WAN,42_ENGLAND_ZETH_WAN.png,,ZETH WAN,,,,
59,1714055343044,25/04/2024 14:29:03,1714058943044,1,25/04/2024 16:29:03,139619,19,task-eihb,,37263268,BLIND,10987777,,complete,,662a651b3677c480d53e2182,computer,Desktop or Laptop,Mac OS 10.15,Firefox 125.0,1440x900,1371x732,,,0,1i-3 A Training,4,,,1i-3,,,Pass,,1i-3 A Training,1i-3 A Training,17,Training02,TrainingC,1ouhhw,3,continue,,1099.5200000000186,1086.2399999999907,1099.5200000000186,1099.5200000000186,1086.2399999999907,1099.5200000000186,1,1099.5200000000186,0,0,,Click To Continue,Continue Button,6,object-272,1i-3,_,20,1i-3_20,5,Training02,21_TEACHHOG,ASK,.png,21_TEACHHOG_ASK.png,WOUX,WAN,21_TEACHHOG_WOUX_WAN.png,,WOUX WAN,42_ENGLAND_ASK.png,42_ENGLAND_DOTS.png,WOUX WAN,ZETH WAN,WOUX WAN,ZETH WAN,42_ENGLAND_ZETH_WAN.png,,ZETH WAN,,,,
60,1714055353724,25/04/2024 14:29:13,1714058953724,1,25/04/2024 16:29:13,139619,19,task-eihb,,37263268,BLIND,10987777,,complete,,662a651b3677c480d53e2182,computer,Desktop or Laptop,Mac OS 10.15,Firefox 125.0,1440x900,1371x732,,,0,1i-3 A Training,4,,,1i-3,,,Pass,,1i-3 A Training,1i-3 A Training,18,Training02,TrainingA,34efq7,1,response,FICH WUNG,1821.5200000000186,10678.520000000019,10691.280000000028,1821.5200000000186,10678.520000000019,10691.280000000028,1,1821.5200000000186,8869.76000000001,0,,Single Text Entry,TextResponseA,4,object-97,1i-3,_,17,1i-3_17,5,Training02,25_PROSECUTE,ASK,.png,25_PROSECUTE_ASK.png,FICH,WUNG,25_PROSECUTE_FICH_WUNG.png,,FICH WUNG,04_WHEEZES_ASK.png,04_WHEEZES_DOTS.png,RUSP WIM,FICH WUNG,FICH WUNG,RUSP WIM,04_WHEEZES_RUSP_WIM.png,RUSP WIM,,,,,
61,1714055357532,25/04/2024 14:29:17,1714058957532,1,25/04/2024 16:29:17,139619,19,task-eihb,,37263268,BLIND,10987777,,complete,,662a651b3677c480d53e2182,computer,Desktop or Laptop,Mac OS 10.15,Firefox 125.0,1440x900,1371x732,,,0,1i-3 A Training,4,,,1i-3,,,Pass,,1i-3 A Training,1i-3 A Training,18,Training02,TrainingB,2yfdu9,2,response,,3821.7600000000093,3809.179999999993,3821.7600000000093,3821.7600000000093,3809.179999999993,3821.7600000000093,1,3821.7600000000093,0,0,,Click Response,Option A,4,object-245,1i-3,_,17,1i-3_17,5,Training02,25_PROSECUTE,ASK,.png,25_PROSECUTE_ASK.png,FICH,WUNG,25_PROSECUTE_FICH_WUNG.png,,FICH WUNG,04_WHEEZES_ASK.png,04_WHEEZES_DOTS.png,RUSP WIM,FICH WUNG,FICH WUNG,RUSP WIM,04_WHEEZES_RUSP_WIM.png,RUSP WIM,,,,,
62,1714055359153,25/04/2024 14:29:19,1714058959153,1,25/04/2024 16:29:19,139619,19,task-eihb,,37263268,BLIND,10987777,,complete,,662a651b3677c480d53e2182,computer,Desktop or Laptop,Mac OS 10.15,Firefox 125.0,1440x900,1371x732,,,0,1i-3 A Training,4,,,1i-3,,,Pass,,1i-3 A Training,1i-3 A Training,18,Training02,TrainingC,1ouhhw,3,continue,,1633.5800000000163,1621.100000000035,1633.5800000000163,1633.5800000000163,1621.100000000035,1633.5800000000163,1,1633.5800000000163,0,0,,Click To Continue,Continue Button,6,object-272,1i-3,_,17,1i-3_17,5,Training02,25_PROSECUTE,ASK,.png,25_PROSECUTE_ASK.png,FICH,WUNG,25_PROSECUTE_FICH_WUNG.png,,FICH WUNG,04_WHEEZES_ASK.png,04_WHEEZES_DOTS.png,RUSP WIM,FICH WUNG,FICH WUNG,RUSP WIM,04_WHEEZES_RUSP_WIM.png,RUSP WIM,,,,,
63,1714055369715,25/04/2024 14:29:29,1714058969715,1,25/04/2024 16:29:29,139619,19,task-eihb,,37263268,BLIND,10987777,,complete,,662a651b3677c480d53e2182,computer,Desktop or Laptop,Mac OS 10.15,Firefox 125.0,1440x900,1371x732,,,0,1i-3 A Training,4,,,1i-3,,,Pass,,1i-3 A Training,1i-3 A Training,19,Training02,TrainingA,34efq7,1,response,RUSP WIM,2239.2600000000093,10562.299999999988,10574.479999999981,2239.2600000000093,10562.299999999988,10574.479999999981,1,2239.2600000000093,8335.219999999972,0,,Single Text Entry,TextResponseA,4,object-97,1i-3,_,19,1i-3_19,5,Training02,41_PIXIE,ASK,.png,41_PIXIE_ASK.png,RUSP,WIM,41_PIXIE_RUSP_WIM.png,,RUSP WIM,35_PROPHET_ASK.png,35_PROPHET_DOTS.png,WOUX WAN,RUSP WIM,RUSP WIM,WOUX WAN,35_PROPHET_WOUX_WAN.png,WOUX WAN,,,,,
64,1714055374430,25/04/2024 14:29:34,1714058974430,1,25/04/2024 16:29:34,139619,19,task-eihb,,37263268,BLIND,10987777,,complete,,662a651b3677c480d53e2182,computer,Desktop or Laptop,Mac OS 10.15,Firefox 125.0,1440x900,1371x732,,,0,1i-3 A Training,4,,,1i-3,,,Pass,,1i-3 A Training,1i-3 A Training,19,Training02,TrainingB,2yfdu9,2,response,,4725.179999999993,4712.159999999974,4725.179999999993,4725.179999999993,4712.159999999974,4725.179999999993,1,4725.179999999993,0,0,,Click Response,Option A,4,object-245,1i-3,_,19,1i-3_19,5,Training02,41_PIXIE,ASK,.png,41_PIXIE_ASK.png,RUSP,WIM,41_PIXIE_RUSP_WIM.png,,RUSP WIM,35_PROPHET_ASK.png,35_PROPHET_DOTS.png,WOUX WAN,RUSP WIM,RUSP WIM,WOUX WAN,35_PROPHET_WOUX_WAN.png,WOUX WAN,,,,,
65,1714055377889,25/04/2024 14:29:37,1714058977889,1,25/04/2024 16:29:37,139619,19,task-eihb,,37263268,BLIND,10987777,,complete,,662a651b3677c480d53e2182,computer,Desktop or Laptop,Mac OS 10.15,Firefox 125.0,1440x900,1371x732,,,0,1i-3 A Training,4,,,1i-3,,,Pass,,1i-3 A Training,1i-3 A Training,19,Training02,TrainingC,1ouhhw,3,continue,,3473.0200000000186,3458.8600000000442,3473.0200000000186,3473.0200000000186,3458.8600000000442,3473.0200000000186,1,3473.0200000000186,0,0,,Click To Continue,Continue Button,6,object-272,1i-3,_,19,1i-3_19,5,Training02,41_PIXIE,ASK,.png,41_PIXIE_ASK.png,RUSP,WIM,41_PIXIE_RUSP_WIM.png,,RUSP WIM,35_PROPHET_ASK.png,35_PROPHET_DOTS.png,WOUX WAN,RUSP WIM,RUSP WIM,WOUX WAN,35_PROPHET_WOUX_WAN.png,WOUX WAN,,,,,
66,1714055383893,25/04/2024 14:29:43,1714058983893,1,25/04/2024 16:29:43,139619,19,task-eihb,,37263268,BLIND,10987777,,complete,,662a651b3677c480d53e2182,computer,Desktop or Laptop,Mac OS 10.15,Firefox 125.0,1440x900,1371x732,,,0,1i-3 A Training,4,,,1i-3,,,Pass,,1i-3 A Training,1i-3 A Training,20,Training02,TrainingA,34efq7,1,response,ZETH WAN,1805.7799999999697,6000.01999999996,6016.479999999923,1805.7799999999697,6000.01999999996,6016.479999999923,1,1805.7799999999697,4210.699999999953,0,,Single Text Entry,TextResponseA,4,object-97,1i-3,_,18,1i-3_18,5,Training02,05_AUROR,ASK,.png,05_AUROR_ASK.png,ZETH,WAN,05_AUROR_ZETH_WAN.png,,ZETH WAN,11_RONWAND_ASK.png,11_RONWAND_DOTS.png,ZETH WAN,FICH WUNG,ZETH WAN,FICH WUNG,11_RONWAND_FICH_WUNG.png,,FICH WUNG,,,,
67,1714055387130,25/04/2024 14:29:47,1714058987130,1,25/04/2024 16:29:47,139619,19,task-eihb,,37263268,BLIND,10987777,,complete,,662a651b3677c480d53e2182,computer,Desktop or Laptop,Mac OS 10.15,Firefox 125.0,1440x900,1371x732,,,0,1i-3 A Training,4,,,1i-3,,,Pass,,1i-3 A Training,1i-3 A Training,20,Training02,TrainingB,2yfdu9,2,response,,3256.140000000014,3242.2600000000093,3256.140000000014,3256.140000000014,3242.2600000000093,3256.140000000014,1,3256.140000000014,0,0,,Click Response,Option B,5,object-246,1i-3,_,18,1i-3_18,5,Training02,05_AUROR,ASK,.png,05_AUROR_ASK.png,ZETH,WAN,05_AUROR_ZETH_WAN.png,,ZETH WAN,11_RONWAND_ASK.png,11_RONWAND_DOTS.png,ZETH WAN,FICH WUNG,ZETH WAN,FICH WUNG,11_RONWAND_FICH_WUNG.png,,FICH WUNG,,,,
68,1714055389188,25/04/2024 14:29:49,1714058989188,1,25/04/2024 16:29:49,139619,19,task-eihb,,37263268,BLIND,10987777,,complete,,662a651b3677c480d53e2182,computer,Desktop or Laptop,Mac OS 10.15,Firefox 125.0,1440x900,1371x732,,,0,1i-3 A Training,4,,,1i-3,,,Pass,,1i-3 A Training,1i-3 A Training,20,Training02,TrainingC,1ouhhw,3,continue,,2070.8800000000047,2055.4799999999814,2070.8800000000047,2070.8800000000047,2055.4799999999814,2070.8800000000047,1,2070.8800000000047,0,0,,Click To Continue,Continue Button,6,object-272,1i-3,_,18,1i-3_18,5,Training02,05_AUROR,ASK,.png,05_AUROR_ASK.png,ZETH,WAN,05_AUROR_ZETH_WAN.png,,ZETH WAN,11_RONWAND_ASK.png,11_RONWAND_DOTS.png,ZETH WAN,FICH WUNG,ZETH WAN,FICH WUNG,11_RONWAND_FICH_WUNG.png,,FICH WUNG,,,,
69,1714055402010,25/04/2024 14:30:02,1714059002010,1,25/04/2024 16:30:02,139619,19,task-eihb,,37263268,BLIND,10987777,,complete,,662a651b3677c480d53e2182,computer,Desktop or Laptop,Mac OS 10.15,Firefox 125.0,1440x900,1371x732,,,0,1i-3 A Training,4,,,1i-3,,,Pass,,1i-3 A Training,1i-3 A Training,21,Training02,TrainingA,34efq7,1,response,ZETH WAN,2105.6199999999953,12817,12833.139999999956,2105.6199999999953,12817,12833.139999999956,1,2105.6199999999953,10727.51999999996,0,,Single Text Entry,TextResponseA,4,object-97,1i-3,_,22,1i-3_22,6,Training02,26_ERISED,ASK,.png,26_ERISED_ASK.png,ZETH,WAN,26_ERISED_ZETH_WAN.png,,ZETH WAN,18_LIVEGODRIC_ASK.png,18_LIVEGODRIC_DOTS.png,RUSP WIM,ZETH WAN,ZETH WAN,RUSP WIM,18_LIVEGODRIC_RUSP_WIM.png,RUSP WIM,,,,,
70,1714055406799,25/04/2024 14:30:06,1714059006799,1,25/04/2024 16:30:06,139619,19,task-eihb,,37263268,BLIND,10987777,,complete,,662a651b3677c480d53e2182,computer,Desktop or Laptop,Mac OS 10.15,Firefox 125.0,1440x900,1371x732,,,0,1i-3 A Training,4,,,1i-3,,,Pass,,1i-3 A Training,1i-3 A Training,21,Training02,TrainingB,2yfdu9,2,response,,4809.400000000023,4795.780000000028,4809.400000000023,4809.400000000023,4795.780000000028,4809.400000000023,1,4809.400000000023,0,0,,Click Response,Option A,4,object-245,1i-3,_,22,1i-3_22,6,Training02,26_ERISED,ASK,.png,26_ERISED_ASK.png,ZETH,WAN,26_ERISED_ZETH_WAN.png,,ZETH WAN,18_LIVEGODRIC_ASK.png,18_LIVEGODRIC_DOTS.png,RUSP WIM,ZETH WAN,ZETH WAN,RUSP WIM,18_LIVEGODRIC_RUSP_WIM.png,RUSP WIM,,,,,
71,1714055408204,25/04/2024 14:30:08,1714059008204,1,25/04/2024 16:30:08,139619,19,task-eihb,,37263268,BLIND,10987777,,complete,,662a651b3677c480d53e2182,computer,Desktop or Laptop,Mac OS 10.15,Firefox 125.0,1440x900,1371x732,,,0,1i-3 A Training,4,,,1i-3,,,Pass,,1i-3 A Training,1i-3 A Training,21,Training02,TrainingC,1ouhhw,3,continue,,1416.6199999999953,1404.679999999993,1416.6199999999953,1416.6199999999953,1404.679999999993,1416.6199999999953,1,1416.6199999999953,0,0,,Click To Continue,Continue Button,6,object-272,1i-3,_,22,1i-3_22,6,Training02,26_ERISED,ASK,.png,26_ERISED_ASK.png,ZETH,WAN,26_ERISED_ZETH_WAN.png,,ZETH WAN,18_LIVEGODRIC_ASK.png,18_LIVEGODRIC_DOTS.png,RUSP WIM,ZETH WAN,ZETH WAN,RUSP WIM,18_LIVEGODRIC_RUSP_WIM.png,RUSP WIM,,,,,
72,1714055415875,25/04/2024 14:30:15,1714059015875,1,25/04/2024 16:30:15,139619,19,task-eihb,,37263268,BLIND,10987777,,complete,,662a651b3677c480d53e2182,computer,Desktop or Laptop,Mac OS 10.15,Firefox 125.0,1440x900,1371x732,,,0,1i-3 A Training,4,,,1i-3,,,Pass,,1i-3 A Training,1i-3 A Training,22,Training02,TrainingA,34efq7,1,response,WOUX WAN,2172.1599999999744,7670.479999999981,7682.940000000002,2172.1599999999744,7670.479999999981,7682.940000000002,1,2172.1599999999744,5510.780000000028,0,,Single Text Entry,TextResponseA,4,object-97,1i-3,_,24,1i-3_24,6,Training02,07_AZKABAN,ASK,.png,07_AZKABAN_ASK.png,WOUX,WAN,07_AZKABAN_WOUX_WAN.png,,WOUX WAN,32_QWC_ASK.png,32_QWC_DOTS.png,WOUX WAN,FICH WUNG,WOUX WAN,FICH WUNG,32_QWC_FICH_WUNG.png,,FICH WUNG,,,,
73,1714055420002,25/04/2024 14:30:20,1714059020002,1,25/04/2024 16:30:20,139619,19,task-eihb,,37263268,BLIND,10987777,,complete,,662a651b3677c480d53e2182,computer,Desktop or Laptop,Mac OS 10.15,Firefox 125.0,1440x900,1371x732,,,0,1i-3 A Training,4,,,1i-3,,,Pass,,1i-3 A Training,1i-3 A Training,22,Training02,TrainingB,2yfdu9,2,response,,4139.460000000021,4126.559999999998,4139.460000000021,4139.460000000021,4126.559999999998,4139.460000000021,1,4139.460000000021,0,0,,Click Response,Option B,5,object-246,1i-3,_,24,1i-3_24,6,Training02,07_AZKABAN,ASK,.png,07_AZKABAN_ASK.png,WOUX,WAN,07_AZKABAN_WOUX_WAN.png,,WOUX WAN,32_QWC_ASK.png,32_QWC_DOTS.png,WOUX WAN,FICH WUNG,WOUX WAN,FICH WUNG,32_QWC_FICH_WUNG.png,,FICH WUNG,,,,
74,1714055422108,25/04/2024 14:30:22,1714059022108,1,25/04/2024 16:30:22,139619,19,task-eihb,,37263268,BLIND,10987777,,complete,,662a651b3677c480d53e2182,computer,Desktop or Laptop,Mac OS 10.15,Firefox 125.0,1440x900,1371x732,,,0,1i-3 A Training,4,,,1i-3,,,Pass,,1i-3 A Training,1i-3 A Training,22,Training02,TrainingC,1ouhhw,3,continue,,2119.9000000000233,2106.7600000000093,2119.9000000000233,2119.9000000000233,2106.7600000000093,2119.9000000000233,1,2119.9000000000233,0,0,,Click To Continue,Continue Button,6,object-272,1i-3,_,24,1i-3_24,6,Training02,07_AZKABAN,ASK,.png,07_AZKABAN_ASK.png,WOUX,WAN,07_AZKABAN_WOUX_WAN.png,,WOUX WAN,32_QWC_ASK.png,32_QWC_DOTS.png,WOUX WAN,FICH WUNG,WOUX WAN,FICH WUNG,32_QWC_FICH_WUNG.png,,FICH WUNG,,,,
75,1714055429729,25/04/2024 14:30:29,1714059029729,1,25/04/2024 16:30:29,139619,19,task-eihb,,37263268,BLIND,10987777,,complete,,662a651b3677c480d53e2182,computer,Desktop or Laptop,Mac OS 10.15,Firefox 125.0,1440x900,1371x732,,,0,1i-3 A Training,4,,,1i-3,,,Pass,,1i-3 A Training,1i-3 A Training,23,Training02,TrainingA,34efq7,1,response,RUSP WIM,1770.3400000000256,7620.340000000026,7633.140000000014,1770.3400000000256,7620.340000000026,7633.140000000014,1,1770.3400000000256,5862.799999999988,0,,Single Text Entry,TextResponseA,4,object-97,1i-3,_,23,1i-3_23,6,Training02,20_PULLSWORD,ASK,.png,20_PULLSWORD_ASK.png,RUSP,WIM,20_PULLSWORD_RUSP_WIM.png,,RUSP WIM,28_GALLEONS_ASK.png,28_GALLEONS_DOTS.png,RUSP WIM,ZETH WAN,RUSP WIM,ZETH WAN,28_GALLEONS_ZETH_WAN.png,,ZETH WAN,,,,
76,1714055432016,25/04/2024 14:30:32,1714059032016,1,25/04/2024 16:30:32,139619,19,task-eihb,,37263268,BLIND,10987777,,complete,,662a651b3677c480d53e2182,computer,Desktop or Laptop,Mac OS 10.15,Firefox 125.0,1440x900,1371x732,,,0,1i-3 A Training,4,,,1i-3,,,Pass,,1i-3 A Training,1i-3 A Training,23,Training02,TrainingB,2yfdu9,2,response,,2299.7999999999884,2288.7799999999697,2299.7999999999884,2299.7999999999884,2288.7799999999697,2299.7999999999884,1,2299.7999999999884,0,0,,Click Response,Option B,5,object-246,1i-3,_,23,1i-3_23,6,Training02,20_PULLSWORD,ASK,.png,20_PULLSWORD_ASK.png,RUSP,WIM,20_PULLSWORD_RUSP_WIM.png,,RUSP WIM,28_GALLEONS_ASK.png,28_GALLEONS_DOTS.png,RUSP WIM,ZETH WAN,RUSP WIM,ZETH WAN,28_GALLEONS_ZETH_WAN.png,,ZETH WAN,,,,
77,1714055432970,25/04/2024 14:30:32,1714059032970,1,25/04/2024 16:30:32,139619,19,task-eihb,,37263268,BLIND,10987777,,complete,,662a651b3677c480d53e2182,computer,Desktop or Laptop,Mac OS 10.15,Firefox 125.0,1440x900,1371x732,,,0,1i-3 A Training,4,,,1i-3,,,Pass,,1i-3 A Training,1i-3 A Training,23,Training02,TrainingC,1ouhhw,3,continue,,966.0200000000186,952.2399999999907,966.0200000000186,966.0200000000186,952.2399999999907,966.0200000000186,1,966.0200000000186,0,0,,Click To Continue,Continue Button,6,object-272,1i-3,_,23,1i-3_23,6,Training02,20_PULLSWORD,ASK,.png,20_PULLSWORD_ASK.png,RUSP,WIM,20_PULLSWORD_RUSP_WIM.png,,RUSP WIM,28_GALLEONS_ASK.png,28_GALLEONS_DOTS.png,RUSP WIM,ZETH WAN,RUSP WIM,ZETH WAN,28_GALLEONS_ZETH_WAN.png,,ZETH WAN,,,,
78,1714055441678,25/04/2024 14:30:41,1714059041678,1,25/04/2024 16:30:41,139619,19,task-eihb,,37263268,BLIND,10987777,,complete,,662a651b3677c480d53e2182,computer,Desktop or Laptop,Mac OS 10.15,Firefox 125.0,1440x900,1371x732,,,0,1i-3 A Training,4,,,1i-3,,,Pass,,1i-3 A Training,1i-3 A Training,24,Training02,TrainingA,34efq7,1,response,FICH WUNG,2540.140000000014,8707.560000000056,8720.780000000028,2540.140000000014,8707.560000000056,8720.780000000028,1,2540.140000000014,6180.640000000014,0,,Single Text Entry,TextResponseA,4,object-97,1i-3,_,21,1i-3_21,6,Training02,39_STOPHAGRID,ASK,.png,39_STOPHAGRID_ASK.png,FICH,WUNG,39_STOPHAGRID_FICH_WUNG.png,,FICH WUNG,14_MUNGOS_ASK.png,14_MUNGOS_DOTS.png,WOUX WAN,FICH WUNG,FICH WUNG,WOUX WAN,14_MUNGOS_WOUX_WAN.png,WOUX WAN,,,,,
79,1714055444619,25/04/2024 14:30:44,1714059044619,1,25/04/2024 16:30:44,139619,19,task-eihb,,37263268,BLIND,10987777,,complete,,662a651b3677c480d53e2182,computer,Desktop or Laptop,Mac OS 10.15,Firefox 125.0,1440x900,1371x732,,,0,1i-3 A Training,4,,,1i-3,,,Pass,,1i-3 A Training,1i-3 A Training,24,Training02,TrainingB,2yfdu9,2,response,,2953.219999999972,2940.2799999999697,2953.219999999972,2953.219999999972,2940.2799999999697,2953.219999999972,1,2953.219999999972,0,0,,Click Response,Option A,4,object-245,1i-3,_,21,1i-3_21,6,Training02,39_STOPHAGRID,ASK,.png,39_STOPHAGRID_ASK.png,FICH,WUNG,39_STOPHAGRID_FICH_WUNG.png,,FICH WUNG,14_MUNGOS_ASK.png,14_MUNGOS_DOTS.png,WOUX WAN,FICH WUNG,FICH WUNG,WOUX WAN,14_MUNGOS_WOUX_WAN.png,WOUX WAN,,,,,
80,1714055445772,25/04/2024 14:30:45,1714059045772,1,25/04/2024 16:30:45,139619,19,task-eihb,,37263268,BLIND,10987777,,complete,,662a651b3677c480d53e2182,computer,Desktop or Laptop,Mac OS 10.15,Firefox 125.0,1440x900,1371x732,,,0,1i-3 A Training,4,,,1i-3,,,Pass,,1i-3 A Training,1i-3 A Training,24,Training02,TrainingC,1ouhhw,3,continue,,1166.9400000000023,1153.7000000000116,1166.9400000000023,1166.9400000000023,1153.7000000000116,1166.9400000000023,1,1166.9400000000023,0,0,,Click To Continue,Continue Button,6,object-272,1i-3,_,21,1i-3_21,6,Training02,39_STOPHAGRID,ASK,.png,39_STOPHAGRID_ASK.png,FICH,WUNG,39_STOPHAGRID_FICH_WUNG.png,,FICH WUNG,14_MUNGOS_ASK.png,14_MUNGOS_DOTS.png,WOUX WAN,FICH WUNG,FICH WUNG,WOUX WAN,14_MUNGOS_WOUX_WAN.png,WOUX WAN,,,,,
81,1714055445773,25/04/2024 14:30:45,1714059045773,1,25/04/2024 16:30:45,139619,19,task-eihb,,37263268,BLIND,10987777,,complete,,662a651b3677c480d53e2182,computer,Desktop or Laptop,Mac OS 10.15,Firefox 125.0,1440x900,1371x732,,,0,1i-3 A Training,4,,,1i-3,,,Pass,,1i-3 A Training,1i-3 A Training,,,,,,5,END,,,,,,,0,,,,,,,,,,,,,,,,,,,,,,,,,,,,,,,,,,,,
END OF FILE
